0.000000	29.498373	9.324080
1.000000	29.511120	9.324197
2.000000	29.510994	9.324468
3.000000	29.535152	9.322338
4.000000	29.563189	9.324080
5.000000	29.581762	9.324042
6.000000	29.607010	9.323537
7.000000	29.631409	9.323578
8.000000	29.667461	9.322533
9.000000	29.697805	9.323191
10.000000	29.731670	9.324041
11.000000	29.767479	9.323616
12.000000	29.802923	9.323461
13.000000	29.854391	9.323499
14.000000	29.901733	9.322144
15.000000	29.939602	9.321679
16.000000	29.993374	9.322803
17.000000	30.054308	9.321758
18.000000	30.106262	9.320442
19.000000	30.165981	9.321137
20.000000	30.229147	9.320363
21.000000	30.289110	9.320788
22.000000	30.355211	9.320634
23.000000	30.420712	9.319046
24.000000	30.492956	9.321447
25.000000	30.566042	9.319279
26.000000	30.631538	9.319977
27.000000	30.715099	9.319395
28.000000	30.782049	9.318428
29.000000	30.859224	9.317344
30.000000	30.939535	9.318815
31.000000	31.024542	9.317112
32.000000	31.102440	9.316956
33.000000	31.173601	9.316762
34.000000	31.256319	9.315678
35.000000	31.354570	9.315213
36.000000	31.447283	9.312581
37.000000	31.534096	9.315022
38.000000	31.620550	9.314517
39.000000	31.710730	9.314982
40.000000	31.803802	9.313511
41.000000	31.905905	9.311380
42.000000	31.998495	9.310644
43.000000	32.092770	9.313006
44.000000	32.196198	9.310142
45.000000	32.291199	9.310181
46.000000	32.380417	9.310529
47.000000	32.484806	9.308013
48.000000	32.586910	9.307160
49.000000	32.683353	9.307858
50.000000	32.791718	9.304489
51.000000	32.884430	9.304295
52.000000	32.982315	9.304566
53.000000	33.085625	9.302901
54.000000	33.190979	9.303135
55.000000	33.290558	9.303521
56.000000	33.403370	9.299998
57.000000	33.507160	9.302050
58.000000	33.619980	9.299572
59.000000	33.736298	9.299919
60.000000	33.852962	9.299417
61.000000	33.965061	9.297830
62.000000	34.087032	9.294617
63.000000	34.205872	9.296785
64.000000	34.333256	9.295236
65.000000	34.475098	9.295353
66.000000	34.620182	9.293339
67.000000	34.755035	9.292294
68.000000	34.886398	9.290899
69.000000	35.051834	9.293108
70.000000	35.220039	9.289777
71.000000	35.369461	9.290707
72.000000	35.554882	9.287106
73.000000	35.731518	9.287764
74.000000	35.927174	9.286021
75.000000	36.110188	9.285209
76.000000	36.323784	9.284976
77.000000	36.544609	9.283079
78.000000	36.756397	9.283234
79.000000	36.989140	9.281608
80.000000	37.221039	9.281800
81.000000	37.461010	9.277697
82.000000	37.725777	9.277580
83.000000	37.997166	9.276149
84.000000	38.259293	9.275838
85.000000	38.545853	9.275800
86.000000	38.849991	9.273825
87.000000	39.160519	9.274289
88.000000	39.479591	9.273322
89.000000	39.793488	9.272934
90.000000	40.141090	9.271038
91.000000	40.488400	9.269488
92.000000	40.837738	9.267784
93.000000	41.188416	9.268171
94.000000	41.567551	9.266663
95.000000	41.940472	9.265152
96.000000	42.328922	9.265346
97.000000	42.721085	9.260350
98.000000	43.100094	9.260118
99.000000	43.525963	9.260079
100.000000	43.940231	9.256015
101.000000	44.365498	9.255472
102.000000	44.782639	9.253110
103.000000	45.206356	9.250012
104.000000	45.641068	9.249664
105.000000	46.077087	9.249548
106.000000	46.509651	9.244475
107.000000	46.965279	9.244592
108.000000	47.399273	9.241261
109.000000	47.854298	9.239404
110.000000	48.303234	9.237352
111.000000	48.749538	9.231932
112.000000	49.209827	9.229686
113.000000	49.657444	9.227403
114.000000	50.111877	9.225776
115.000000	50.551968	9.223183
116.000000	50.994999	9.221208
117.000000	51.434208	9.220123
118.000000	51.871399	9.214818
119.000000	52.318230	9.214857
120.000000	52.744354	9.210598
121.000000	53.179760	9.207346
122.000000	53.612797	9.205720
123.000000	54.046173	9.200880
124.000000	54.461357	9.199059
125.000000	54.855503	9.197279
126.000000	55.270451	9.191547
127.000000	55.693253	9.188954
128.000000	56.100357	9.183921
129.000000	56.494247	9.180243
130.000000	56.885654	9.178462
131.000000	57.280743	9.175248
132.000000	57.657158	9.172577
133.000000	58.034294	9.168317
134.000000	58.408798	9.165181
135.000000	58.766674	9.161271
136.000000	59.135239	9.157168
137.000000	59.482517	9.152211
138.000000	59.839184	9.149230
139.000000	60.183853	9.145628
140.000000	60.521255	9.143885
141.000000	60.858074	9.141756
142.000000	61.186996	9.136685
143.000000	61.515068	9.132039
144.000000	61.833630	9.128864
145.000000	62.144241	9.127277
146.000000	62.450836	9.123250
147.000000	62.759674	9.119610
148.000000	63.068272	9.118448
149.000000	63.359940	9.114771
150.000000	63.656342	9.111248
151.000000	63.963055	9.108227
152.000000	64.244408	9.103348
153.000000	64.536186	9.098818
154.000000	64.807709	9.098470
155.000000	65.088242	9.093941
156.000000	65.360237	9.090805
157.000000	65.633301	9.085461
158.000000	65.911224	9.082672
159.000000	66.181915	9.077677
160.000000	66.445503	9.076091
161.000000	66.715134	9.074309
162.000000	66.975639	9.071714
163.000000	67.236145	9.068463
164.000000	67.508148	9.065328
165.000000	67.765442	9.063044
166.000000	68.036743	9.057933
167.000000	68.297958	9.053635
168.000000	68.568657	9.051815
169.000000	68.832245	9.048407
170.000000	69.088249	9.048329
171.000000	69.354324	9.041051
172.000000	69.610565	9.038960
173.000000	69.886940	9.034624
174.000000	70.162018	9.031719
175.000000	70.431061	9.029164
176.000000	70.703773	9.026726
177.000000	70.974945	9.024557
178.000000	71.248955	9.022621
179.000000	71.532684	9.019252
180.000000	71.803047	9.018594
181.000000	72.081924	9.016117
182.000000	72.365540	9.012438
183.000000	72.645729	9.009689
184.000000	72.946388	9.004578
185.000000	73.232727	9.004269
186.000000	73.531021	9.001133
187.000000	73.830734	8.996875
188.000000	74.142761	8.998268
189.000000	74.439514	8.993738
190.000000	74.744446	8.989789
191.000000	75.059303	8.987000
192.000000	75.381165	8.983439
193.000000	75.694839	8.981503
194.000000	76.026871	8.980109
195.000000	76.349915	8.976818
196.000000	76.679451	8.974689
197.000000	77.010765	8.972017
198.000000	77.348251	8.969578
199.000000	77.681816	8.965938
200.000000	78.004486	8.963924
201.000000	78.374519	8.957923
202.000000	78.726791	8.958077
203.000000	79.077881	8.953547
204.000000	79.430626	8.950876
205.000000	79.795441	8.950295
206.000000	80.136948	8.947895
207.000000	80.506142	8.945921
208.000000	80.870132	8.943365
209.000000	81.238274	8.941661
210.000000	81.606873	8.938873
211.000000	81.966599	8.935157
212.000000	82.338989	8.931944
213.000000	82.702759	8.932331
214.000000	83.081070	8.928497
215.000000	83.448975	8.926021
216.000000	83.820290	8.923889
217.000000	84.201447	8.921684
218.000000	84.578575	8.921878
219.000000	84.954407	8.920484
220.000000	85.328690	8.916650
221.000000	85.695526	8.915140
222.000000	86.072174	8.912663
223.000000	86.441376	8.910108
224.000000	86.819801	8.905499
225.000000	87.198364	8.905925
226.000000	87.568741	8.902246
227.000000	87.942787	8.899420
228.000000	88.315773	8.898839
229.000000	88.687584	8.897213
230.000000	89.039619	8.891328
231.000000	89.415215	8.892296
232.000000	89.782280	8.890088
233.000000	90.137741	8.887340
234.000000	90.500183	8.885132
235.000000	90.852707	8.883003
236.000000	91.210777	8.881996
237.000000	91.571686	8.878899
238.000000	91.913330	8.877969
239.000000	92.234650	8.875686
240.000000	92.609718	8.874290
241.000000	92.951698	8.872588
242.000000	93.302925	8.870536
243.000000	93.649529	8.869297
244.000000	93.986397	8.866741
245.000000	94.317093	8.867593
246.000000	94.662971	8.863413
247.000000	94.992607	8.861864
248.000000	95.319031	8.858458
249.000000	95.642250	8.856598
250.000000	95.970573	8.855205
251.000000	96.307922	8.854585
252.000000	96.630791	8.851758
253.000000	96.948898	8.849783
254.000000	97.279121	8.850131
255.000000	97.592743	8.846916
256.000000	97.915840	8.846414
257.000000	98.238945	8.844671
258.000000	98.553986	8.844129
259.000000	98.851219	8.840530
260.000000	99.151886	8.840453
261.000000	99.482468	8.836620
262.000000	99.791573	8.836464
263.000000	100.109344	8.835032
264.000000	100.427460	8.832980
265.000000	100.728607	8.832941
266.000000	101.035583	8.830502
267.000000	101.344910	8.829651
268.000000	101.636818	8.830541
269.000000	101.957794	8.828797
270.000000	102.264572	8.828799
271.000000	102.577057	8.825701
272.000000	102.888329	8.826514
273.000000	103.194824	8.824772
274.000000	103.503464	8.825043
275.000000	103.785431	8.823532
276.000000	104.117035	8.823185
277.000000	104.424385	8.822680
278.000000	104.733124	8.821171
279.000000	105.055099	8.820126
280.000000	105.362778	8.820048
281.000000	105.681541	8.819427
282.000000	105.994942	8.818809
283.000000	106.300598	8.818228
284.000000	106.631012	8.815788
285.000000	106.958702	8.813621
286.000000	107.259605	8.815440
287.000000	107.596931	8.813311
288.000000	107.917694	8.812730
289.000000	108.243004	8.811955
290.000000	108.568550	8.810600
291.000000	108.893738	8.811569
292.000000	109.224739	8.811258
293.000000	109.559334	8.811878
294.000000	109.885933	8.810097
295.000000	110.211731	8.809167
296.000000	110.554527	8.807425
297.000000	110.882088	8.806225
298.000000	111.205833	8.805219
299.000000	111.556969	8.805644
300.000000	111.898811	8.803476
301.000000	112.243393	8.802159
302.000000	112.581001	8.802353
303.000000	112.926071	8.803631
304.000000	113.250717	8.802663
305.000000	113.592842	8.802547
306.000000	113.926231	8.802315
307.000000	114.268097	8.802237
308.000000	114.631149	8.800766
309.000000	114.988228	8.799876
310.000000	115.328796	8.799759
311.000000	115.677612	8.798558
312.000000	116.026657	8.799798
313.000000	116.370689	8.797011
314.000000	116.721893	8.798288
315.000000	117.068573	8.795540
316.000000	117.418579	8.796623
317.000000	117.774094	8.796700
318.000000	118.099823	8.795424
319.000000	118.467064	8.794224
320.000000	118.817184	8.794688
321.000000	119.166367	8.793178
322.000000	119.508850	8.792908
323.000000	119.849289	8.791590
324.000000	120.195465	8.790699
325.000000	120.547531	8.791861
326.000000	120.883789	8.791668
327.000000	121.236420	8.791822
328.000000	121.577110	8.793294
329.000000	121.927841	8.789344
330.000000	122.270325	8.789421
331.000000	122.611595	8.790388
332.000000	122.959396	8.788995
333.000000	123.290718	8.789034
334.000000	123.620613	8.785858
335.000000	123.970200	8.786169
336.000000	124.312836	8.788105
337.000000	124.657288	8.789034
338.000000	125.009529	8.787136
339.000000	125.335312	8.787253
340.000000	125.669296	8.786285
341.000000	126.011932	8.785936
342.000000	126.342651	8.785240
343.000000	126.686363	8.786942
344.000000	127.003967	8.783962
345.000000	127.336250	8.784929
346.000000	127.664574	8.783730
347.000000	128.002136	8.784698
348.000000	128.314819	8.782801
349.000000	128.649384	8.783808
350.000000	128.965179	8.783072
351.000000	129.296036	8.784155
352.000000	129.632538	8.782683
353.000000	129.942322	8.785395
354.000000	130.268951	8.782452
355.000000	130.594376	8.782878
356.000000	130.920273	8.783459
357.000000	131.238358	8.784156
358.000000	131.562592	8.781136
359.000000	131.884766	8.781097
360.000000	132.203461	8.780322
361.000000	132.525146	8.780477
362.000000	132.852402	8.780864
363.000000	133.177017	8.781212
364.000000	133.506973	8.778773
365.000000	133.828430	8.780167
366.000000	134.142502	8.779044
367.000000	134.486816	8.781600
368.000000	134.813843	8.779741
369.000000	135.128540	8.780322
370.000000	135.454468	8.779587
371.000000	135.786438	8.778851
372.000000	136.106079	8.778812
373.000000	136.423660	8.779431
374.000000	136.753479	8.778193
375.000000	137.085205	8.779430
376.000000	137.409332	8.778967
377.000000	137.730179	8.779508
378.000000	138.053818	8.777922
379.000000	138.386414	8.778811
380.000000	138.710632	8.778812
381.000000	139.019257	8.777999
382.000000	139.360687	8.778696
383.000000	139.694717	8.777960
384.000000	140.028519	8.778347
385.000000	140.349121	8.777225
386.000000	140.679062	8.777728
387.000000	141.006546	8.778541
388.000000	141.327759	8.776566
389.000000	141.662537	8.776527
390.000000	141.998978	8.777999
391.000000	142.335693	8.776605
392.000000	142.653625	8.778076
393.000000	142.991180	8.777960
394.000000	143.323151	8.779005
395.000000	143.663544	8.776759
396.000000	143.992950	8.777651
397.000000	144.336578	8.776760
398.000000	144.675003	8.778385
399.000000	145.009140	8.776877
400.000000	145.338196	8.777069
401.000000	145.671509	8.777302
402.000000	145.999069	8.776993
403.000000	146.345398	8.775638
404.000000	146.696548	8.775909
405.000000	147.040680	8.777651
406.000000	147.376297	8.776024
407.000000	147.711426	8.778153
408.000000	148.056641	8.776798
409.000000	148.389099	8.777728
410.000000	148.736374	8.776527
411.000000	149.078323	8.775792
412.000000	149.425110	8.776567
413.000000	149.760971	8.776798
414.000000	150.100952	8.777495
415.000000	150.438629	8.778425
416.000000	150.778488	8.776721
417.000000	151.122025	8.776684
418.000000	151.472473	8.776411
419.000000	151.811478	8.776295
420.000000	152.154999	8.777573
421.000000	152.495728	8.775367
422.000000	152.843384	8.776411
423.000000	153.166077	8.777185
424.000000	153.517502	8.776916
425.000000	153.873322	8.776257
426.000000	154.218903	8.776721
427.000000	154.564453	8.776992
428.000000	154.901947	8.777069
429.000000	155.247375	8.775404
430.000000	155.586578	8.777766
431.000000	155.941055	8.775290
432.000000	156.273514	8.775173
433.000000	156.603195	8.774243
434.000000	156.964630	8.775676
435.000000	157.290039	8.775677
436.000000	157.626404	8.776333
437.000000	157.963654	8.775791
438.000000	158.297974	8.774747
439.000000	158.628723	8.776296
440.000000	158.968185	8.774863
441.000000	159.297852	8.775017
442.000000	159.633499	8.774902
443.000000	159.967194	8.774940
444.000000	160.305542	8.774012
445.000000	160.637405	8.775056
446.000000	160.956696	8.774746
447.000000	161.288086	8.775831
448.000000	161.585114	8.773664
449.000000	161.929688	8.776218
450.000000	162.278061	8.775444
451.000000	162.613953	8.776063
452.000000	162.936401	8.775947
453.000000	163.267303	8.774631
454.000000	163.596130	8.774979
455.000000	163.925781	8.774011
456.000000	164.257294	8.774282
457.000000	164.586761	8.774825
458.000000	164.912460	8.773857
459.000000	165.240723	8.773586
460.000000	165.569595	8.775753
461.000000	165.896744	8.774785
462.000000	166.231995	8.775328
463.000000	166.557190	8.775520
464.000000	166.891708	8.774050
465.000000	167.221802	8.775947
466.000000	167.543793	8.774591
467.000000	167.882248	8.774089
468.000000	168.218735	8.773934
469.000000	168.552277	8.774747
470.000000	168.879318	8.774282
471.000000	169.210373	8.774823
472.000000	169.531906	8.775443
473.000000	169.865051	8.774051
474.000000	170.195770	8.773547
475.000000	170.524521	8.774438
476.000000	170.861984	8.772502
477.000000	171.189880	8.774399
478.000000	171.527710	8.774437
479.000000	171.850311	8.774901
480.000000	172.192688	8.773895
481.000000	172.532104	8.774399
482.000000	172.863571	8.774205
483.000000	173.201874	8.773741
484.000000	173.533722	8.773083
485.000000	173.868958	8.774051
486.000000	174.213409	8.773586
487.000000	174.540756	8.773547
488.000000	174.877670	8.773663
489.000000	175.222458	8.774050
490.000000	175.547180	8.773238
491.000000	175.885330	8.772928
492.000000	176.217682	8.772734
493.000000	176.563965	8.772541
494.000000	176.903931	8.772038
495.000000	177.239761	8.771767
496.000000	177.579880	8.773236
497.000000	177.912842	8.771844
498.000000	178.252213	8.773585
499.000000	178.590134	8.773083
500.000000	178.911057	8.771884
501.000000	179.251038	8.771147
502.000000	179.591385	8.771729
503.000000	179.928955	8.772618
504.000000	180.268066	8.771843
505.000000	180.604233	8.770257
506.000000	180.941040	8.771263
507.000000	181.280029	8.771651
508.000000	181.613144	8.771921
509.000000	181.942307	8.772038
510.000000	182.279724	8.770877
511.000000	182.609985	8.770721
512.000000	182.957367	8.771689
513.000000	183.280258	8.769871
514.000000	183.619629	8.771458
515.000000	183.958755	8.771689
516.000000	184.296143	8.771148
517.000000	184.630981	8.771263
518.000000	184.959900	8.771031
519.000000	185.288330	8.768514
520.000000	185.631531	8.769599
521.000000	185.962418	8.769985
522.000000	186.292679	8.769985
523.000000	186.639450	8.768476
524.000000	186.976212	8.768979
525.000000	187.300735	8.769095
526.000000	187.638992	8.771341
527.000000	187.968658	8.768359
528.000000	188.294739	8.768436
529.000000	188.626740	8.769637
530.000000	188.953568	8.768476
531.000000	189.281128	8.768630
532.000000	189.615341	8.766966
533.000000	189.941574	8.768631
534.000000	190.274414	8.768243
535.000000	190.598419	8.766423
536.000000	190.926361	8.765456
537.000000	191.236954	8.766811
538.000000	191.579285	8.767468
539.000000	191.924438	8.767624
540.000000	192.250763	8.765339
541.000000	192.598145	8.767933
542.000000	192.901108	8.765572
543.000000	193.247589	8.766307
544.000000	193.588104	8.765224
545.000000	193.927734	8.763829
546.000000	194.249756	8.765533
547.000000	194.562668	8.763907
548.000000	194.906219	8.763404
549.000000	195.241272	8.766191
550.000000	195.576355	8.762551
551.000000	195.899857	8.765649
552.000000	196.225479	8.764991
553.000000	196.556488	8.764914
554.000000	196.890839	8.762551
555.000000	197.232925	8.762823
556.000000	197.559875	8.762087
557.000000	197.894836	8.762939
558.000000	198.222794	8.761003
559.000000	198.563644	8.763016
560.000000	198.894058	8.762318
561.000000	199.231689	8.760267
562.000000	199.574524	8.760538
563.000000	199.900635	8.759803
564.000000	200.228699	8.761778
565.000000	200.568069	8.759648
566.000000	200.892212	8.758873
567.000000	201.228027	8.760035
568.000000	201.563721	8.759532
569.000000	201.899780	8.758757
570.000000	202.239639	8.759647
571.000000	202.555664	8.759918
572.000000	202.905518	8.760190
573.000000	203.243759	8.756859
574.000000	203.586716	8.757828
575.000000	203.914780	8.758951
576.000000	204.250610	8.757828
577.000000	204.571289	8.758990
578.000000	204.907486	8.758757
579.000000	205.253464	8.758718
580.000000	205.578735	8.757324
581.000000	205.918762	8.757286
582.000000	206.252502	8.756783
583.000000	206.591522	8.757248
584.000000	206.923157	8.757171
585.000000	207.264526	8.755854
586.000000	207.600723	8.756008
587.000000	207.927094	8.755157
588.000000	208.259369	8.755351
589.000000	208.594452	8.754577
590.000000	208.921432	8.754847
591.000000	209.260315	8.754692
592.000000	209.594055	8.754227
593.000000	209.932251	8.754344
594.000000	210.255066	8.754847
595.000000	210.596893	8.755775
596.000000	210.937637	8.753839
597.000000	211.274338	8.753298
598.000000	211.611740	8.753452
599.000000	211.949768	8.751633
600.000000	212.288574	8.752949
601.000000	212.622406	8.753297
602.000000	212.959976	8.751981
603.000000	213.293213	8.751865
604.000000	213.636276	8.752717
605.000000	213.974792	8.751324
606.000000	214.313721	8.751285
607.000000	214.639343	8.751400
608.000000	214.983887	8.751090
609.000000	215.312225	8.750549
610.000000	215.661392	8.750665
611.000000	215.991699	8.750743
612.000000	216.337036	8.749039
613.000000	216.669617	8.749813
614.000000	217.003296	8.749270
615.000000	217.350189	8.749542
616.000000	217.684860	8.748071
617.000000	218.017792	8.749310
618.000000	218.351730	8.747878
619.000000	218.683807	8.748535
620.000000	219.016281	8.747722
621.000000	219.353760	8.747800
622.000000	219.688538	8.747567
623.000000	220.016602	8.746483
624.000000	220.340988	8.747142
625.000000	220.673676	8.745863
626.000000	220.993286	8.745825
627.000000	221.332092	8.745632
628.000000	221.660645	8.745129
629.000000	221.984543	8.745864
630.000000	222.328262	8.745011
631.000000	222.660980	8.743076
632.000000	222.989014	8.741720
633.000000	223.311569	8.741566
634.000000	223.643402	8.742340
635.000000	223.967667	8.742805
636.000000	224.296722	8.741759
637.000000	224.621674	8.740444
638.000000	224.959274	8.740250
639.000000	225.289551	8.739204
640.000000	225.618942	8.740405
641.000000	225.947815	8.738391
642.000000	226.284714	8.739281
643.000000	226.611023	8.737811
644.000000	226.942566	8.736222
645.000000	227.272064	8.736919
646.000000	227.611450	8.736107
647.000000	227.950577	8.735062
648.000000	228.277115	8.735138
649.000000	228.606125	8.734287
650.000000	228.938889	8.733667
651.000000	229.268982	8.733436
652.000000	229.605774	8.731305
653.000000	229.943817	8.731034
654.000000	230.282837	8.731653
655.000000	230.619873	8.732620
656.000000	230.939224	8.731499
657.000000	231.295090	8.730221
658.000000	231.625061	8.730376
659.000000	231.961487	8.728324
660.000000	232.307953	8.728518
661.000000	232.645721	8.728013
662.000000	232.992310	8.728053
663.000000	233.327759	8.725807
664.000000	233.660172	8.727279
665.000000	234.001114	8.726738
666.000000	234.328537	8.724026
667.000000	234.665085	8.725924
668.000000	235.004684	8.724258
669.000000	235.349670	8.724877
670.000000	235.682465	8.722362
671.000000	236.028290	8.722787
672.000000	236.363083	8.720155
673.000000	236.692719	8.719805
674.000000	237.031219	8.721587
675.000000	237.369675	8.721510
676.000000	237.694962	8.719186
677.000000	238.038055	8.720116
678.000000	238.365646	8.717560
679.000000	238.699112	8.716670
680.000000	239.026062	8.717793
681.000000	239.360565	8.714695
682.000000	239.697357	8.714927
683.000000	240.031982	8.714424
684.000000	240.359512	8.714270
685.000000	240.688904	8.713417
686.000000	241.028259	8.709197
687.000000	241.353973	8.708268
688.000000	241.686157	8.707726
689.000000	242.020523	8.709042
690.000000	242.347717	8.707376
691.000000	242.680023	8.705635
692.000000	243.015594	8.705093
693.000000	243.342178	8.704281
694.000000	243.670959	8.701221
695.000000	244.001282	8.700332
696.000000	244.328873	8.703003
697.000000	244.670380	8.699905
698.000000	244.987961	8.697969
699.000000	245.330978	8.697815
700.000000	245.665833	8.696615
701.000000	245.997772	8.696343
702.000000	246.322037	8.693750
703.000000	246.662277	8.692162
704.000000	247.004120	8.690342
705.000000	247.349503	8.690109
706.000000	247.681946	8.687671
707.000000	248.009537	8.687360
708.000000	248.337036	8.684728
709.000000	248.674164	8.682675
710.000000	249.007828	8.681128
711.000000	249.337097	8.680896
712.000000	249.671844	8.678573
713.000000	250.008026	8.678146
714.000000	250.343201	8.677139
715.000000	250.659103	8.677914
716.000000	251.004578	8.674506
717.000000	251.339203	8.673576
718.000000	251.670212	8.672764
719.000000	251.998383	8.673462
720.000000	252.337463	8.671060
721.000000	252.672668	8.668234
722.000000	253.005585	8.667228
723.000000	253.342010	8.663356
724.000000	253.680267	8.662736
725.000000	254.010178	8.661922
726.000000	254.340881	8.659754
727.000000	254.672241	8.658051
728.000000	255.000916	8.655186
729.000000	255.339523	8.653831
730.000000	255.683350	8.651507
731.000000	256.009827	8.650966
732.000000	256.344940	8.647790
733.000000	256.685913	8.647480
734.000000	257.019043	8.645544
735.000000	257.357513	8.643183
736.000000	257.684326	8.639194
737.000000	257.999756	8.637298
738.000000	258.364960	8.635865
739.000000	258.705444	8.633969
740.000000	259.034485	8.631763
741.000000	259.368378	8.630910
742.000000	259.704102	8.627929
743.000000	260.037842	8.627425
744.000000	260.367371	8.626264
745.000000	260.689453	8.624329
746.000000	261.030579	8.622044
747.000000	261.381775	8.620960
748.000000	261.707520	8.619062
749.000000	262.032715	8.617630
750.000000	262.381378	8.616196
751.000000	262.721313	8.612402
752.000000	263.059021	8.609344
753.000000	263.385803	8.608802
754.000000	263.718384	8.605742
755.000000	264.069946	8.602645
756.000000	264.397583	8.601948
757.000000	264.735687	8.597224
758.000000	265.056519	8.593352
759.000000	265.386108	8.592462
760.000000	265.727570	8.588978
761.000000	266.048889	8.585996
762.000000	266.366425	8.585377
763.000000	266.727386	8.581001
764.000000	267.053253	8.579104
765.000000	267.377045	8.578794
766.000000	267.712616	8.574109
767.000000	268.034790	8.572561
768.000000	268.372650	8.570237
769.000000	268.710602	8.567257
770.000000	269.041138	8.559630
771.000000	269.374878	8.559784
772.000000	269.705688	8.554170
773.000000	270.040405	8.553665
774.000000	270.359222	8.550994
775.000000	270.692108	8.548322
776.000000	271.027191	8.546078
777.000000	271.364716	8.541277
778.000000	271.698578	8.539264
779.000000	272.026001	8.535701
780.000000	272.361816	8.530705
781.000000	272.704224	8.530437
782.000000	273.040283	8.527842
783.000000	273.374695	8.524977
784.000000	273.712097	8.522537
785.000000	274.053162	8.518743
786.000000	274.379761	8.517736
787.000000	274.713654	8.512780
788.000000	275.050049	8.509025
789.000000	275.381073	8.505773
790.000000	275.720581	8.503333
791.000000	276.058685	8.499152
792.000000	276.382477	8.495434
793.000000	276.727386	8.491833
794.000000	277.072083	8.486954
795.000000	277.420288	8.483585
796.000000	277.752930	8.479984
797.000000	278.083496	8.476541
798.000000	278.415039	8.474798
799.000000	278.762634	8.469493
800.000000	279.092041	8.465041
801.000000	279.437012	8.458614
802.000000	279.778473	8.455632
803.000000	280.090912	8.452767
804.000000	280.430481	8.449514
805.000000	280.771240	8.444443
806.000000	281.110077	8.439796
807.000000	281.443115	8.434879
808.000000	281.779785	8.430348
809.000000	282.113281	8.428025
810.000000	282.453552	8.425664
811.000000	282.783203	8.421134
812.000000	283.119049	8.415016
813.000000	283.455200	8.410834
814.000000	283.794159	8.406848
815.000000	284.121429	8.401505
816.000000	284.460480	8.397710
817.000000	284.798401	8.388922
818.000000	285.129822	8.387139
819.000000	285.459839	8.382339
820.000000	285.785767	8.377190
821.000000	286.138733	8.371962
822.000000	286.467896	8.366232
823.000000	286.801605	8.358604
824.000000	287.137268	8.355506
825.000000	287.466797	8.351906
826.000000	287.806244	8.346718
827.000000	288.130920	8.341180
828.000000	288.474213	8.334522
829.000000	288.799347	8.332006
830.000000	289.132416	8.326468
831.000000	289.480835	8.321357
832.000000	289.798218	8.314854
833.000000	290.111420	8.310787
834.000000	290.463287	8.302734
835.000000	290.800171	8.297973
836.000000	291.135162	8.291738
837.000000	291.470123	8.287092
838.000000	291.805573	8.279542
839.000000	292.129028	8.275903
840.000000	292.458405	8.271412
841.000000	292.807465	8.260143
842.000000	293.131256	8.256659
843.000000	293.467163	8.249844
844.000000	293.795258	8.244425
845.000000	294.124878	8.237610
846.000000	294.459351	8.232422
847.000000	294.795288	8.227427
848.000000	295.118652	8.220573
849.000000	295.451233	8.215735
850.000000	295.787262	8.209578
851.000000	296.124634	8.200557
852.000000	296.462830	8.194052
853.000000	296.801025	8.188437
854.000000	297.133148	8.181894
855.000000	297.453613	8.175197
856.000000	297.796936	8.167183
857.000000	298.122803	8.158664
858.000000	298.463013	8.153553
859.000000	298.789124	8.147552
860.000000	299.122498	8.139499
861.000000	299.466370	8.133032
862.000000	299.800171	8.127457
863.000000	300.123901	8.120643
864.000000	300.465332	8.113093
865.000000	300.788086	8.106511
866.000000	301.123779	8.101788
867.000000	301.450928	8.090597
868.000000	301.785522	8.084170
869.000000	302.124542	8.078904
870.000000	302.455566	8.071857
871.000000	302.789398	8.063185
872.000000	303.117676	8.058112
873.000000	303.458496	8.049168
874.000000	303.778839	8.040806
875.000000	304.128174	8.033992
876.000000	304.471680	8.028183
877.000000	304.806152	8.021951
878.000000	305.144226	8.013548
879.000000	305.485229	8.004411
880.000000	305.817047	7.996977
881.000000	306.159027	7.988769
882.000000	306.481873	7.980560
883.000000	306.817657	7.971539
884.000000	307.162018	7.962944
885.000000	307.478210	7.956053
886.000000	307.836456	7.949547
887.000000	308.173462	7.941339
888.000000	308.499542	7.934022
889.000000	308.831390	7.928175
890.000000	309.158752	7.918806
891.000000	309.498535	7.909977
892.000000	309.835480	7.903666
893.000000	310.166138	7.897123
894.000000	310.507294	7.887328
895.000000	310.837128	7.880978
896.000000	311.177368	7.870640
897.000000	311.506622	7.862548
898.000000	311.835144	7.853565
899.000000	312.168854	7.846287
900.000000	312.503448	7.836452
901.000000	312.828674	7.830992
902.000000	313.163605	7.822824
903.000000	313.480194	7.814847
904.000000	313.812134	7.807181
905.000000	314.143066	7.797423
906.000000	314.477478	7.788634
907.000000	314.802948	7.781356
908.000000	315.137268	7.770127
909.000000	315.452454	7.761957
910.000000	315.793243	7.755762
911.000000	316.125702	7.746898
912.000000	316.462036	7.737566
913.000000	316.782318	7.731604
914.000000	317.121582	7.723047
915.000000	317.435944	7.714413
916.000000	317.771790	7.705003
917.000000	318.093109	7.697763
918.000000	318.440582	7.688896
919.000000	318.765991	7.678598
920.000000	319.100037	7.670816
921.000000	319.438324	7.661175
922.000000	319.762878	7.654011
923.000000	320.100342	7.643132
924.000000	320.420197	7.636588
925.000000	320.761536	7.629310
926.000000	321.098083	7.620830
927.000000	321.440826	7.608710
928.000000	321.779602	7.600813
929.000000	322.112213	7.592915
930.000000	322.441071	7.583738
931.000000	322.775787	7.571891
932.000000	323.115723	7.564225
933.000000	323.446228	7.557409
934.000000	323.785309	7.545059
935.000000	324.129517	7.538244
936.000000	324.469696	7.531198
937.000000	324.808685	7.522602
938.000000	325.151428	7.513272
939.000000	325.490906	7.502004
940.000000	325.831421	7.490273
941.000000	326.152344	7.483961
942.000000	326.502533	7.474398
943.000000	326.847534	7.466189
944.000000	327.180176	7.454187
945.000000	327.513855	7.445127
946.000000	327.851807	7.436417
947.000000	328.190063	7.428672
948.000000	328.519440	7.418333
949.000000	328.873169	7.409971
950.000000	329.202484	7.399014
951.000000	329.536560	7.388947
952.000000	329.873932	7.380816
953.000000	330.212189	7.367420
954.000000	330.532837	7.359367
955.000000	330.875488	7.348989
956.000000	331.213257	7.340742
957.000000	331.553223	7.331063
958.000000	331.895203	7.324286
959.000000	332.225189	7.312284
960.000000	332.569824	7.302025
961.000000	332.892731	7.292152
962.000000	333.227539	7.283517
963.000000	333.546783	7.271824
964.000000	333.878540	7.261757
965.000000	334.206726	7.251459
966.000000	334.537170	7.239494
967.000000	334.873718	7.231674
968.000000	335.196381	7.220716
969.000000	335.535309	7.210728
970.000000	335.863281	7.198259
971.000000	336.186646	7.190477
972.000000	336.521759	7.178436
973.000000	336.850464	7.166898
974.000000	337.184082	7.159696
975.000000	337.509552	7.146997
976.000000	337.840424	7.138325
977.000000	338.168427	7.127561
978.000000	338.493073	7.117727
979.000000	338.832825	7.107194
980.000000	339.162567	7.093140
981.000000	339.491180	7.083809
982.000000	339.827332	7.070878
983.000000	340.155823	7.061392
984.000000	340.495605	7.049118
985.000000	340.808472	7.041994
986.000000	341.156128	7.030842
987.000000	341.479675	7.018878
988.000000	341.816284	7.006876
989.000000	342.125366	6.995532
990.000000	342.483276	6.985929
991.000000	342.818817	6.970016
992.000000	343.153564	6.961188
993.000000	343.486176	6.948372
994.000000	343.819855	6.940087
995.000000	344.158356	6.928472
996.000000	344.499146	6.915734
997.000000	344.832123	6.904854
998.000000	345.169800	6.892812
999.000000	345.504547	6.882629
1000.000000	345.839966	6.868574
1001.000000	346.181396	6.855604
1002.000000	346.498535	6.844609
1003.000000	346.841919	6.834813
1004.000000	347.179565	6.821260
1005.000000	347.517151	6.809801
1006.000000	347.856812	6.796597
1007.000000	348.185791	6.783433
1008.000000	348.519043	6.769301
1009.000000	348.857086	6.758499
1010.000000	349.178925	6.746418
1011.000000	349.528748	6.734532
1012.000000	349.857391	6.724659
1013.000000	350.187775	6.707973
1014.000000	350.522919	6.695117
1015.000000	350.853088	6.683037
1016.000000	351.192627	6.668712
1017.000000	351.525269	6.655508
1018.000000	351.863098	6.645248
1019.000000	352.200775	6.634562
1020.000000	352.543701	6.620315
1021.000000	352.877197	6.606375
1022.000000	353.211487	6.593559
1023.000000	353.548004	6.576677
1024.000000	353.877197	6.565102
1025.000000	354.224518	6.551396
1026.000000	354.546844	6.539432
1027.000000	354.888641	6.524447
1028.000000	355.228210	6.510896
1029.000000	355.564941	6.495873
1030.000000	355.910248	6.483290
1031.000000	356.240295	6.470204
1032.000000	356.569611	6.453129
1033.000000	356.910980	6.441320
1034.000000	357.252411	6.427807
1035.000000	357.583923	6.415108
1036.000000	357.915680	6.399195
1037.000000	358.262054	6.383204
1038.000000	358.601501	6.370311
1039.000000	358.928284	6.355055
1040.000000	359.271484	6.341852
1041.000000	359.604553	6.326172
1042.000000	359.935669	6.310840
1043.000000	360.276215	6.295933
1044.000000	360.606934	6.277619
1045.000000	360.946167	6.264379
1046.000000	361.289185	6.249317
1047.000000	361.628906	6.234023
1048.000000	361.949402	6.218806
1049.000000	362.288544	6.201886
1050.000000	362.624146	6.185548
1051.000000	362.958984	6.169441
1052.000000	363.300018	6.154767
1053.000000	363.624969	6.142338
1054.000000	363.955078	6.125379
1055.000000	364.300140	6.106718
1056.000000	364.635681	6.090533
1057.000000	364.964417	6.072762
1058.000000	365.301270	6.055261
1059.000000	365.612183	6.042793
1060.000000	365.949951	6.023822
1061.000000	366.279480	6.006244
1062.000000	366.617432	5.988976
1063.000000	366.944855	5.970972
1064.000000	367.285767	5.954129
1065.000000	367.611206	5.937751
1066.000000	367.933105	5.919747
1067.000000	368.265930	5.901317
1068.000000	368.602234	5.885714
1069.000000	368.936676	5.865697
1070.000000	369.278442	5.848351
1071.000000	369.602356	5.831701
1072.000000	369.938049	5.808704
1073.000000	370.280273	5.790777
1074.000000	370.603271	5.771650
1075.000000	370.940948	5.752639
1076.000000	371.248779	5.736417
1077.000000	371.591370	5.715818
1078.000000	371.916290	5.696924
1079.000000	372.246704	5.675939
1080.000000	372.580750	5.655573
1081.000000	372.915497	5.635478
1082.000000	373.240631	5.614222
1083.000000	373.589172	5.593508
1084.000000	373.916290	5.572058
1085.000000	374.251160	5.552466
1086.000000	374.589905	5.533262
1087.000000	374.917603	5.510496
1088.000000	375.253052	5.491524
1089.000000	375.583832	5.465389
1090.000000	375.924194	5.446417
1091.000000	376.265472	5.422799
1092.000000	376.595734	5.401078
1093.000000	376.916107	5.375525
1094.000000	377.262543	5.357327
1095.000000	377.589874	5.334328
1096.000000	377.935638	5.308232
1097.000000	378.275299	5.285505
1098.000000	378.622894	5.261693
1099.000000	378.947205	5.238772
1100.000000	379.278320	5.213295
1101.000000	379.622681	5.187857
1102.000000	379.959503	5.163349
1103.000000	380.298218	5.138569
1104.000000	380.634552	5.115300
1105.000000	380.964478	5.089900
1106.000000	381.304962	5.062527
1107.000000	381.655151	5.036585
1108.000000	381.980591	5.008205
1109.000000	382.305695	4.982264
1110.000000	382.649475	4.959420
1111.000000	382.982544	4.929297
1112.000000	383.314392	4.903357
1113.000000	383.649536	4.874434
1114.000000	383.990509	4.849345
1115.000000	384.302002	4.821041
1116.000000	384.642944	4.789409
1117.000000	384.969543	4.763622
1118.000000	385.309082	4.735552
1119.000000	385.641510	4.703493
1120.000000	385.963776	4.675113
1121.000000	386.300781	4.647739
1122.000000	386.632080	4.619823
1123.000000	386.958344	4.588694
1124.000000	387.292328	4.558920
1125.000000	387.604248	4.530655
1126.000000	387.940277	4.499409
1127.000000	388.277802	4.468048
1128.000000	388.608032	4.440132
1129.000000	388.922852	4.407260
1130.000000	389.251099	4.376518
1131.000000	389.582275	4.347440
1132.000000	389.920410	4.318325
1133.000000	390.247131	4.287505
1134.000000	390.581726	4.256182
1135.000000	390.912781	4.227724
1136.000000	391.251129	4.195781
1137.000000	391.586121	4.163607
1138.000000	391.914795	4.133677
1139.000000	392.258575	4.101813
1140.000000	392.585083	4.071225
1141.000000	392.907288	4.042922
1142.000000	393.254913	4.008115
1143.000000	393.588165	3.978147
1144.000000	393.909393	3.952168
1145.000000	394.246216	3.920883
1146.000000	394.586731	3.888670
1147.000000	394.919739	3.860134
1148.000000	395.250397	3.827959
1149.000000	395.581787	3.797643
1150.000000	395.908478	3.769766
1151.000000	396.243805	3.740727
1152.000000	396.586884	3.710721
1153.000000	396.912994	3.682146
1154.000000	397.240051	3.655083
1155.000000	397.584503	3.622985
1156.000000	397.909180	3.594605
1157.000000	398.256012	3.567347
1158.000000	398.588867	3.540322
1159.000000	398.922028	3.513994
1160.000000	399.240936	3.487355
1161.000000	399.594727	3.463350
1162.000000	399.922241	3.436867
1163.000000	400.268555	3.408603
1164.000000	400.607025	3.382700
1165.000000	400.937958	3.360980
1166.000000	401.278351	3.335735
1167.000000	401.618713	3.312310
1168.000000	401.971893	3.287144
1169.000000	402.297119	3.264997
1170.000000	402.648071	3.243160
1171.000000	402.978302	3.218303
1172.000000	403.321930	3.197628
1173.000000	403.658936	3.177029
1174.000000	403.984161	3.158018
1175.000000	404.319183	3.138002
1176.000000	404.654053	3.117752
1177.000000	404.997467	3.095876
1178.000000	405.330719	3.079846
1179.000000	405.653412	3.064050
1180.000000	405.984375	3.047169
1181.000000	406.312958	3.029668
1182.000000	406.647064	3.012864
1183.000000	406.962769	2.998422
1184.000000	407.296478	2.983090
1185.000000	407.622162	2.971281
1186.000000	407.957397	2.958465
1187.000000	408.277985	2.944217
1188.000000	408.599365	2.933840
1189.000000	408.931030	2.919825
1190.000000	409.263794	2.906273
1191.000000	409.584869	2.897871
1192.000000	409.923828	2.885752
1193.000000	410.247986	2.875531
1194.000000	410.573120	2.868639
1195.000000	410.909912	2.861437
1196.000000	411.243164	2.850326
1197.000000	411.574005	2.842001
1198.000000	411.905060	2.834064
1199.000000	412.238647	2.825894
1200.000000	412.574219	2.818305
1201.000000	412.898621	2.810020
1202.000000	413.245300	2.804328
1203.000000	413.571716	2.799914
1204.000000	413.908081	2.794184
1205.000000	414.231873	2.786401
1206.000000	414.579346	2.782142
1207.000000	414.917816	2.778774
1208.000000	415.257660	2.775522
1209.000000	415.598999	2.771495
1210.000000	415.939636	2.767663
1211.000000	416.266449	2.762629
1212.000000	416.611176	2.760616
1213.000000	416.949066	2.756279
1214.000000	417.277527	2.751865
1215.000000	417.602539	2.748458
1216.000000	417.949707	2.744122
1217.000000	418.280396	2.738585
1218.000000	418.610626	2.735332
1219.000000	418.952423	2.732700
1220.000000	419.284760	2.732235
1221.000000	419.612305	2.728169
1222.000000	419.962341	2.725111
1223.000000	420.298340	2.722207
1224.000000	420.623871	2.719729
1225.000000	420.968506	2.717870
1226.000000	421.300323	2.714347
1227.000000	421.638672	2.711791
1228.000000	421.981445	2.708152
1229.000000	422.314148	2.706564
1230.000000	422.649597	2.703467
1231.000000	422.988281	2.701647
1232.000000	423.326691	2.698589
1233.000000	423.663086	2.695918
1234.000000	424.008820	2.691272
1235.000000	424.325714	2.688871
1236.000000	424.657013	2.687012
1237.000000	424.991211	2.684418
1238.000000	425.333588	2.681979
1239.000000	425.673706	2.681979
1240.000000	426.010773	2.678572
1241.000000	426.332642	2.677410
1242.000000	426.653809	2.674429
1243.000000	426.975525	2.672919
1244.000000	427.305603	2.671409
1245.000000	427.639191	2.667382
1246.000000	427.966003	2.666027
1247.000000	428.288116	2.663200
1248.000000	428.611816	2.660529
1249.000000	428.945648	2.660064
1250.000000	429.280640	2.656076
1251.000000	429.611694	2.655186
1252.000000	429.943451	2.653095
1253.000000	430.261658	2.650656
1254.000000	430.600769	2.649959
1255.000000	430.942169	2.645003
1256.000000	431.280853	2.641828
1257.000000	431.616638	2.639195
1258.000000	431.939484	2.637065
1259.000000	432.278809	2.636330
1260.000000	432.614380	2.633813
1261.000000	432.938263	2.633271
1262.000000	433.273376	2.629322
1263.000000	433.611603	2.627347
1264.000000	433.953125	2.626961
1265.000000	434.298340	2.623088
1266.000000	434.626495	2.618946
1267.000000	434.961700	2.616662
1268.000000	435.304474	2.615461
1269.000000	435.638458	2.613061
1270.000000	435.976685	2.609924
1271.000000	436.318298	2.607834
1272.000000	436.649689	2.605665
1273.000000	436.989685	2.606207
1274.000000	437.330902	2.602723
1275.000000	437.668304	2.601832
1276.000000	437.988892	2.602103
1277.000000	438.338409	2.596915
1278.000000	438.675385	2.596412
1279.000000	439.003662	2.591223
1280.000000	439.350220	2.590023
1281.000000	439.692230	2.588435
1282.000000	440.015717	2.585803
1283.000000	440.352478	2.583519
1284.000000	440.685730	2.584215
1285.000000	441.014679	2.581389
1286.000000	441.351990	2.580498
1287.000000	441.688416	2.578795
1288.000000	442.018738	2.575387
1289.000000	442.343140	2.574071
1290.000000	442.656921	2.572677
1291.000000	442.997498	2.570354
1292.000000	443.342560	2.569154
1293.000000	443.664551	2.567954
1294.000000	443.984955	2.563927
1295.000000	444.318848	2.562068
1296.000000	444.646973	2.560210
1297.000000	444.984009	2.556764
1298.000000	445.318359	2.555873
1299.000000	445.649353	2.555177
1300.000000	445.977570	2.553202
1301.000000	446.310791	2.549369
1302.000000	446.635040	2.547704
1303.000000	446.968109	2.545807
1304.000000	447.295532	2.544607
1305.000000	447.624207	2.541626
1306.000000	447.968292	2.538799
1307.000000	448.298035	2.536592
1308.000000	448.636322	2.535585
1309.000000	448.972656	2.535585
1310.000000	449.304932	2.532798
1311.000000	449.632904	2.530126
1312.000000	449.974548	2.528268
1313.000000	450.308105	2.528849
1314.000000	450.636566	2.526061
1315.000000	450.973907	2.521608
1316.000000	451.308197	2.520795
1317.000000	451.631470	2.519362
1318.000000	451.978455	2.516226
1319.000000	452.299561	2.514019
1320.000000	452.637573	2.511464
1321.000000	452.977570	2.509915
1322.000000	453.310577	2.509915
1323.000000	453.641388	2.505695
1324.000000	453.987427	2.505192
1325.000000	454.310333	2.504611
1326.000000	454.609375	2.502752
1327.000000	454.958771	2.500236
1328.000000	455.305695	2.498261
1329.000000	455.642609	2.495241
1330.000000	455.961060	2.493731
1331.000000	456.303101	2.492143
1332.000000	456.628754	2.490595
1333.000000	456.968201	2.487187
1334.000000	457.292480	2.485445
1335.000000	457.608521	2.483354
1336.000000	457.955566	2.482115
1337.000000	458.283051	2.481457
1338.000000	458.621338	2.480992
1339.000000	458.942078	2.479483
1340.000000	459.280792	2.477895
1341.000000	459.603516	2.476540
1342.000000	459.942657	2.474914
1343.000000	460.275665	2.472281
1344.000000	460.605804	2.471275
1345.000000	460.941162	2.470539
1346.000000	461.266632	2.469532
1347.000000	461.596527	2.466086
1348.000000	461.923126	2.465854
1349.000000	462.266632	2.462060
1350.000000	462.598969	2.459814
1351.000000	462.924988	2.458652
1352.000000	463.254578	2.457530
1353.000000	463.595337	2.455865
1354.000000	463.916504	2.455091
1355.000000	464.240753	2.452729
1356.000000	464.589874	2.451722
1357.000000	464.913208	2.450444
1358.000000	465.248718	2.446262
1359.000000	465.585236	2.444985
1360.000000	465.922638	2.442855
1361.000000	466.247894	2.441539
1362.000000	466.588470	2.440919
1363.000000	466.913757	2.439409
1364.000000	467.260590	2.437396
1365.000000	467.588867	2.434453
1366.000000	467.922119	2.433369
1367.000000	468.264679	2.433602
1368.000000	468.583771	2.431046
1369.000000	468.946289	2.431124
1370.000000	469.258881	2.428646
1371.000000	469.606964	2.427987
1372.000000	469.929962	2.424077
1373.000000	470.267944	2.421909
1374.000000	470.598724	2.418617
1375.000000	470.926758	2.417417
1376.000000	471.255005	2.417340
1377.000000	471.604858	2.416488
1378.000000	471.933777	2.414320
1379.000000	472.278687	2.410835
1380.000000	472.599792	2.410022
1381.000000	472.935577	2.408705
1382.000000	473.264893	2.408047
1383.000000	473.614136	2.407428
1384.000000	473.927032	2.405337
1385.000000	474.257446	2.405841
1386.000000	474.620636	2.404021
1387.000000	474.948517	2.401852
1388.000000	475.284607	2.400575
1389.000000	475.632355	2.398368
1390.000000	475.957611	2.397439
1391.000000	476.301208	2.395387
1392.000000	476.636078	2.393722
1393.000000	476.970306	2.392561
1394.000000	477.300537	2.392212
1395.000000	477.642426	2.390779
1396.000000	477.995972	2.387295
1397.000000	478.336517	2.386869
1398.000000	478.650513	2.386946
1399.000000	478.996338	2.385475
1400.000000	479.321564	2.384933
1401.000000	479.647736	2.382339
1402.000000	479.983521	2.382068
1403.000000	480.307861	2.382688
1404.000000	480.631592	2.380597
1405.000000	480.969849	2.379435
1406.000000	481.300568	2.378738
1407.000000	481.619324	2.378196
1408.000000	481.945923	2.375834
1409.000000	482.267181	2.376725
1410.000000	482.602966	2.371343
1411.000000	482.925873	2.371962
1412.000000	483.251007	2.371227
1413.000000	483.580902	2.367858
1414.000000	483.908386	2.366968
1415.000000	484.240356	2.363909
1416.000000	484.568451	2.365922
1417.000000	484.901154	2.363522
1418.000000	485.219482	2.361044
1419.000000	485.549011	2.359572
1420.000000	485.885590	2.358643
1421.000000	486.214722	2.358837
1422.000000	486.549896	2.356552
1423.000000	486.876984	2.356591
1424.000000	487.204590	2.355662
1425.000000	487.547607	2.354500
1426.000000	487.882324	2.354462
1427.000000	488.225464	2.350551
1428.000000	488.560577	2.349196
1429.000000	488.904541	2.347686
1430.000000	489.230713	2.345285
1431.000000	489.573853	2.344782
1432.000000	489.914490	2.342730
1433.000000	490.250610	2.343427
1434.000000	490.589844	2.343272
1435.000000	490.914307	2.342304
1436.000000	491.259857	2.336844
1437.000000	491.617371	2.338277
1438.000000	491.974731	2.336767
1439.000000	492.310974	2.335451
1440.000000	492.647339	2.334212
1441.000000	492.988617	2.333824
1442.000000	493.313232	2.332624
1443.000000	493.647552	2.332857
1444.000000	493.988647	2.330185
1445.000000	494.323425	2.330959
1446.000000	494.665314	2.329953
1447.000000	495.005737	2.328946
1448.000000	495.335724	2.327785
1449.000000	495.672058	2.324301
1450.000000	496.011230	2.324223
1451.000000	496.335938	2.323100
1452.000000	496.677856	2.321397
1453.000000	497.011169	2.319306
1454.000000	497.358276	2.318725
1455.000000	497.695587	2.316789
1456.000000	498.022552	2.316867
1457.000000	498.370117	2.312801
1458.000000	498.690918	2.312298
1459.000000	499.029144	2.311291
1460.000000	499.357849	2.310207
1461.000000	499.692810	2.310478
1462.000000	500.026794	2.308929
1463.000000	500.362823	2.308232
1464.000000	500.696655	2.307032
1465.000000	501.030212	2.305948
1466.000000	501.366241	2.305483
1467.000000	501.709015	2.303586
1468.000000	502.021271	2.303818
1469.000000	502.364014	2.301611
1470.000000	502.705505	2.301805
1471.000000	503.035248	2.300915
1472.000000	503.358643	2.299947
1473.000000	503.690552	2.296346
1474.000000	504.036072	2.295532
1475.000000	504.352539	2.295997
1476.000000	504.680359	2.293906
1477.000000	505.003906	2.292048
1478.000000	505.334595	2.290886
1479.000000	505.662781	2.288951
1480.000000	506.002045	2.288292
1481.000000	506.333679	2.288099
1482.000000	506.658630	2.287015
1483.000000	506.991638	2.288254
1484.000000	507.321869	2.284614
1485.000000	507.641846	2.283646
1486.000000	507.973572	2.283995
1487.000000	508.292664	2.283879
1488.000000	508.635620	2.281826
1489.000000	508.963745	2.282640
1490.000000	509.298859	2.281168
1491.000000	509.615967	2.280704
1492.000000	509.945831	2.280007
1493.000000	510.280945	2.279387
1494.000000	510.617798	2.276483
1495.000000	510.946625	2.277412
1496.000000	511.277710	2.275089
1497.000000	511.608826	2.273928
1498.000000	511.945740	2.272999
1499.000000	512.277771	2.272418
1500.000000	512.606567	2.271024
1501.000000	512.940918	2.271605
1502.000000	513.277710	2.270017
1503.000000	513.610107	2.270482
1504.000000	513.943054	2.267345
1505.000000	514.262634	2.266649
1506.000000	514.608643	2.265487
1507.000000	514.941162	2.262815
1508.000000	515.266113	2.262196
1509.000000	515.589905	2.260880
1510.000000	515.923096	2.259641
1511.000000	516.266968	2.263009
1512.000000	516.602295	2.257627
1513.000000	516.935608	2.258208
1514.000000	517.273865	2.256620
1515.000000	517.578613	2.255962
1516.000000	517.931885	2.255265
1517.000000	518.282288	2.253794
1518.000000	518.613647	2.252865
1519.000000	518.944336	2.252478
1520.000000	519.282593	2.249613
1521.000000	519.617859	2.250542
1522.000000	519.948730	2.247135
1523.000000	520.284180	2.246322
1524.000000	520.612488	2.246632
1525.000000	520.957886	2.244696
1526.000000	521.282715	2.242450
1527.000000	521.614014	2.241405
1528.000000	521.954895	2.241637
1529.000000	522.281616	2.241173
1530.000000	522.586182	2.240282
1531.000000	522.923462	2.238385
1532.000000	523.266602	2.237804
1533.000000	523.605957	2.236178
1534.000000	523.936096	2.235713
1535.000000	524.263916	2.235210
1536.000000	524.605713	2.234745
1537.000000	524.919983	2.233003
1538.000000	525.264587	2.233429
1539.000000	525.619812	2.231222
1540.000000	525.935730	2.230486
1541.000000	526.257202	2.229170
1542.000000	526.594727	2.228434
1543.000000	526.936646	2.226537
1544.000000	527.268555	2.224756
1545.000000	527.598816	2.224252
1546.000000	527.941650	2.222704
1547.000000	528.261902	2.220768
1548.000000	528.580261	2.219761
1549.000000	528.919434	2.218135
1550.000000	529.254395	2.219645
1551.000000	529.584106	2.217360
1552.000000	529.919189	2.214921
1553.000000	530.255920	2.214457
1554.000000	530.587952	2.212908
1555.000000	530.918457	2.212908
1556.000000	531.255554	2.211708
1557.000000	531.577393	2.210972
1558.000000	531.904785	2.211166
1559.000000	532.246338	2.210546
1560.000000	532.575867	2.208920
1561.000000	532.907166	2.208146
1562.000000	533.238831	2.207449
1563.000000	533.583557	2.206132
1564.000000	533.911865	2.204700
1565.000000	534.241699	2.205552
1566.000000	534.572693	2.205397
1567.000000	534.904663	2.203887
1568.000000	535.218994	2.202686
1569.000000	535.567505	2.202299
1570.000000	535.907715	2.198389
1571.000000	536.231506	2.200634
1572.000000	536.566406	2.197304
1573.000000	536.888855	2.196608
1574.000000	537.217712	2.196414
1575.000000	537.554626	2.194981
1576.000000	537.890381	2.193549
1577.000000	538.229553	2.191884
1578.000000	538.548096	2.191806
1579.000000	538.876709	2.191807
1580.000000	539.208679	2.188748
1581.000000	539.542603	2.190025
1582.000000	539.885803	2.188903
1583.000000	540.201172	2.188322
1584.000000	540.557434	2.186657
1585.000000	540.880371	2.186308
1586.000000	541.212280	2.184953
1587.000000	541.557190	2.185728
1588.000000	541.876953	2.183908
1589.000000	542.210693	2.182824
1590.000000	542.546204	2.182901
1591.000000	542.890381	2.182204
1592.000000	543.218567	2.180772
1593.000000	543.539795	2.180152
1594.000000	543.883301	2.178642
1595.000000	544.224854	2.178100
1596.000000	544.558105	2.177907
1597.000000	544.891235	2.177674
1598.000000	545.225159	2.174809
1599.000000	545.562622	2.173493
1600.000000	545.897156	2.173145
1601.000000	546.219971	2.172293
1602.000000	546.539063	2.172332
1603.000000	546.888855	2.171674
1604.000000	547.215210	2.170822
1605.000000	547.543640	2.169079
1606.000000	547.890137	2.168460
1607.000000	548.207397	2.166485
1608.000000	548.556335	2.164936
1609.000000	548.895142	2.166059
1610.000000	549.226807	2.163233
1611.000000	549.560303	2.163543
1612.000000	549.888306	2.161490
1613.000000	550.226990	2.160910
1614.000000	550.571289	2.161103
1615.000000	550.910217	2.160600
1616.000000	551.224365	2.159593
1617.000000	551.557434	2.158548
1618.000000	551.886414	2.156225
1619.000000	552.226563	2.155489
1620.000000	552.555237	2.152972
1621.000000	552.904602	2.154792
1622.000000	553.221313	2.152856
1623.000000	553.576416	2.152314
1624.000000	553.928223	2.152275
1625.000000	554.260498	2.150107
1626.000000	554.585510	2.149836
1627.000000	554.924744	2.150649
1628.000000	555.253540	2.148481
1629.000000	555.592529	2.146584
1630.000000	555.921204	2.142596
1631.000000	556.258545	2.143061
1632.000000	556.585083	2.142364
1633.000000	556.929993	2.139847
1634.000000	557.262268	2.141822
1635.000000	557.601440	2.138762
1636.000000	557.928772	2.139111
1637.000000	558.249756	2.138918
1638.000000	558.585693	2.137562
1639.000000	558.901917	2.136866
1640.000000	559.243164	2.137446
1641.000000	559.565552	2.134155
1642.000000	559.916992	2.135356
1643.000000	560.238037	2.134233
1644.000000	560.575378	2.133149
1645.000000	560.898254	2.133846
1646.000000	561.232239	2.131329
1647.000000	561.571777	2.131639
1648.000000	561.912903	2.131135
1649.000000	562.244385	2.128502
1650.000000	562.585083	2.126799
1651.000000	562.922180	2.128890
1652.000000	563.263733	2.126411
1653.000000	563.591309	2.124437
1654.000000	563.928223	2.125173
1655.000000	564.250732	2.126489
1656.000000	564.570190	2.122036
1657.000000	564.917419	2.119210
1658.000000	565.263428	2.120333
1659.000000	565.591553	2.119907
1660.000000	565.921143	2.119132
1661.000000	566.254883	2.117313
1662.000000	566.573364	2.113441
1663.000000	566.921631	2.114177
1664.000000	567.227905	2.114099
1665.000000	567.565674	2.111776
1666.000000	567.887451	2.110808
1667.000000	568.221558	2.109530
1668.000000	568.558960	2.107826
1669.000000	568.889343	2.108020
1670.000000	569.221313	2.109027
1671.000000	569.548828	2.107749
1672.000000	569.884521	2.105929
1673.000000	570.208252	2.104884
1674.000000	570.553711	2.105581
1675.000000	570.899414	2.102058
1676.000000	571.222168	2.101284
1677.000000	571.559570	2.100200
1678.000000	571.884827	2.100432
1679.000000	572.212158	2.099774
1680.000000	572.548523	2.097373
1681.000000	572.891296	2.096057
1682.000000	573.219910	2.096909
1683.000000	573.558655	2.093656
1684.000000	573.895996	2.092921
1685.000000	574.229675	2.091720
1686.000000	574.555298	2.092649
1687.000000	574.882446	2.093308
1688.000000	575.224609	2.090985
1689.000000	575.541199	2.089629
1690.000000	575.896240	2.088584
1691.000000	576.222717	2.087152
1692.000000	576.552124	2.088197
1693.000000	576.880066	2.087035
1694.000000	577.204529	2.085951
1695.000000	577.553711	2.083899
1696.000000	577.879150	2.083357
1697.000000	578.206238	2.084054
1698.000000	578.550842	2.083590
1699.000000	578.883301	2.084054
1700.000000	579.203247	2.081847
1701.000000	579.546997	2.081576
1702.000000	579.869141	2.079640
1703.000000	580.193848	2.080221
1704.000000	580.537354	2.078788
1705.000000	580.868958	2.080260
1706.000000	581.201904	2.077859
1707.000000	581.526550	2.076388
1708.000000	581.859253	2.075613
1709.000000	582.194946	2.075265
1710.000000	582.525269	2.073097
1711.000000	582.851318	2.074413
1712.000000	583.174988	2.073600
1713.000000	583.513184	2.073871
1714.000000	583.854248	2.069689
1715.000000	584.185547	2.069922
1716.000000	584.534546	2.068257
1717.000000	584.865356	2.067250
1718.000000	585.199158	2.066437
1719.000000	585.536316	2.065392
1720.000000	585.878540	2.063572
1721.000000	586.224792	2.064424
1722.000000	586.548828	2.063572
1723.000000	586.877686	2.062294
1724.000000	587.217651	2.060668
1725.000000	587.558594	2.061675
1726.000000	587.889771	2.059700
1727.000000	588.229980	2.058113
1728.000000	588.558105	2.057145
1729.000000	588.876892	2.058268
1730.000000	589.216064	2.057880
1731.000000	589.548279	2.056409
1732.000000	589.881287	2.053118
1733.000000	590.219604	2.053854
1734.000000	590.563354	2.052770
1735.000000	590.902832	2.051647
1736.000000	591.233765	2.050640
1737.000000	591.568726	2.047968
1738.000000	591.894775	2.048046
1739.000000	592.230286	2.046962
1740.000000	592.558167	2.044832
1741.000000	592.884033	2.045490
1742.000000	593.216736	2.044561
1743.000000	593.553162	2.044174
1744.000000	593.880127	2.044600
1745.000000	594.219666	2.044058
1746.000000	594.551270	2.042354
1747.000000	594.878052	2.040302
1748.000000	595.205566	2.040418
1749.000000	595.539917	2.037708
1750.000000	595.887939	2.038018
1751.000000	596.205261	2.038444
1752.000000	596.547485	2.038134
1753.000000	596.874939	2.036314
1754.000000	597.214355	2.036237
1755.000000	597.536682	2.034843
1756.000000	597.877075	2.033952
1757.000000	598.205078	2.032752
1758.000000	598.542053	2.032984
1759.000000	598.854736	2.030468
1760.000000	599.186035	2.030855
1761.000000	599.515015	2.028648
1762.000000	599.834473	2.027719
1763.000000	600.151733	2.028919
1764.000000	600.483948	2.027332
1765.000000	600.824951	2.025977
1766.000000	601.144348	2.024196
1767.000000	601.485107	2.024351
1768.000000	601.825012	2.021486
1769.000000	602.151917	2.022415
1770.000000	602.468262	2.019124
1771.000000	602.808472	2.018466
1772.000000	603.139893	2.015871
1773.000000	603.472412	2.016994
1774.000000	603.796570	2.015252
1775.000000	604.118164	2.014942
1776.000000	604.438843	2.012813
1777.000000	604.774902	2.011535
1778.000000	605.108398	2.013432
1779.000000	605.457886	2.012658
1780.000000	605.794189	2.010567
1781.000000	606.135376	2.011690
1782.000000	606.473694	2.010219
1783.000000	606.803101	2.008747
1784.000000	607.143555	2.009212
1785.000000	607.458740	2.007392
1786.000000	607.793274	2.007934
1787.000000	608.114746	2.006656
1788.000000	608.455627	2.005301
1789.000000	608.789124	2.005456
1790.000000	609.114441	2.004024
1791.000000	609.444824	2.003520
1792.000000	609.785217	2.003481
1793.000000	610.115662	2.000152
1794.000000	610.443604	2.001545
1795.000000	610.768188	1.999919
1796.000000	611.121460	1.999997
1797.000000	611.454773	1.997906
1798.000000	611.758118	1.998099
1799.000000	612.097961	1.996706
1800.000000	612.430847	1.994035
1801.000000	612.771240	1.993415
1802.000000	613.105530	1.992331
1803.000000	613.440308	1.991905
1804.000000	613.758728	1.994073
1805.000000	614.086975	1.990937
1806.000000	614.419922	1.990821
1807.000000	614.756104	1.988382
1808.000000	615.070313	1.989543
1809.000000	615.392151	1.989001
1810.000000	615.718750	1.989659
1811.000000	616.066650	1.987181
1812.000000	616.390198	1.986833
1813.000000	616.720276	1.986562
1814.000000	617.065613	1.986368
1815.000000	617.395630	1.986020
1816.000000	617.718384	1.986252
1817.000000	618.037659	1.985207
1818.000000	618.389587	1.983968
1819.000000	618.730103	1.983271
1820.000000	619.064819	1.982148
1821.000000	619.399048	1.980986
1822.000000	619.751038	1.980250
1823.000000	620.087585	1.978779
1824.000000	620.422852	1.976766
1825.000000	620.754150	1.978857
1826.000000	621.085510	1.978005
1827.000000	621.422791	1.976185
1828.000000	621.779602	1.977076
1829.000000	622.123779	1.977037
1830.000000	622.454041	1.976146
1831.000000	622.795288	1.973204
1832.000000	623.113953	1.972158
1833.000000	623.431335	1.971694
1834.000000	623.773193	1.971307
1835.000000	624.107910	1.970029
1836.000000	624.435120	1.968093
1837.000000	624.756287	1.967474
1838.000000	625.080750	1.971190
1839.000000	625.438049	1.968015
1840.000000	625.783020	1.963834
1841.000000	626.111572	1.965654
1842.000000	626.449402	1.963911
1843.000000	626.799194	1.965073
1844.000000	627.132019	1.963757
1845.000000	627.462341	1.961433
1846.000000	627.817688	1.960156
1847.000000	628.146667	1.960040
1848.000000	628.481934	1.959343
1849.000000	628.812256	1.959304
1850.000000	629.150391	1.957949
1851.000000	629.488342	1.958065
1852.000000	629.815430	1.957794
1853.000000	630.157104	1.954387
1854.000000	630.488586	1.954852
1855.000000	630.819275	1.954891
1856.000000	631.141052	1.953806
1857.000000	631.479492	1.953652
1858.000000	631.830383	1.951909
1859.000000	632.149170	1.951561
1860.000000	632.491211	1.951561
1861.000000	632.824158	1.949470
1862.000000	633.158447	1.949934
1863.000000	633.486389	1.947379
1864.000000	633.823669	1.947069
1865.000000	634.151672	1.946760
1866.000000	634.488342	1.945830
1867.000000	634.817383	1.944514
1868.000000	635.148682	1.942462
1869.000000	635.484619	1.942578
1870.000000	635.841125	1.940835
1871.000000	636.153687	1.941300
1872.000000	636.492249	1.940603
1873.000000	636.825378	1.940720
1874.000000	637.148743	1.938629
1875.000000	637.484558	1.937390
1876.000000	637.822815	1.937661
1877.000000	638.173096	1.935647
1878.000000	638.509399	1.936809
1879.000000	638.847961	1.934370
1880.000000	639.167358	1.935028
1881.000000	639.501221	1.934408
1882.000000	639.837280	1.934408
1883.000000	640.181702	1.932898
1884.000000	640.509949	1.933479
1885.000000	640.851501	1.933092
1886.000000	641.190125	1.931969
1887.000000	641.536133	1.930653
1888.000000	641.869141	1.930382
1889.000000	642.212646	1.929607
1890.000000	642.538818	1.927516
1891.000000	642.865723	1.926664
1892.000000	643.188965	1.927013
1893.000000	643.532959	1.926432
1894.000000	643.866699	1.924922
1895.000000	644.204895	1.924032
1896.000000	644.517944	1.922444
1897.000000	644.867676	1.922793
1898.000000	645.198242	1.920354
1899.000000	645.531799	1.921825
1900.000000	645.881042	1.919773
1901.000000	646.206543	1.917334
1902.000000	646.542358	1.917256
1903.000000	646.883423	1.916637
1904.000000	647.210938	1.914933
1905.000000	647.534119	1.914894
1906.000000	647.864319	1.913539
1907.000000	648.200806	1.914623
1908.000000	648.550720	1.913191
1909.000000	648.881042	1.913346
1910.000000	649.202515	1.912261
1911.000000	649.544312	1.911139
1912.000000	649.864502	1.911139
1913.000000	650.190247	1.909319
1914.000000	650.529907	1.907693
1915.000000	650.847473	1.909048
1916.000000	651.182678	1.908622
1917.000000	651.501160	1.908545
1918.000000	651.818420	1.906105
1919.000000	652.128540	1.906919
1920.000000	652.452637	1.904092
1921.000000	652.796509	1.902659
1922.000000	653.123779	1.901885
1923.000000	653.438965	1.902621
1924.000000	653.765198	1.901149
1925.000000	654.091309	1.901111
1926.000000	654.426514	1.898787
1927.000000	654.731445	1.899407
1928.000000	655.079407	1.898633
1929.000000	655.404907	1.897432
1930.000000	655.744263	1.896348
1931.000000	656.079590	1.894335
1932.000000	656.403320	1.895303
1933.000000	656.753418	1.894102
1934.000000	657.077271	1.894257
1935.000000	657.410339	1.892592
1936.000000	657.739014	1.892941
1937.000000	658.069824	1.889921
1938.000000	658.402832	1.890153
1939.000000	658.732300	1.891392
1940.000000	659.064087	1.889301
1941.000000	659.407288	1.889301
1942.000000	659.728455	1.889766
1943.000000	660.086365	1.887908
1944.000000	660.418701	1.888333
1945.000000	660.760315	1.887211
1946.000000	661.098389	1.887249
1947.000000	661.429199	1.886359
1948.000000	661.752991	1.885159
1949.000000	662.084961	1.885584
1950.000000	662.425232	1.884307
1951.000000	662.754822	1.883533
1952.000000	663.088135	1.883765
1953.000000	663.421509	1.883029
1954.000000	663.755554	1.881829
1955.000000	664.088379	1.880861
1956.000000	664.429993	1.880242
1957.000000	664.742554	1.878732
1958.000000	665.109619	1.878151
1959.000000	665.441406	1.880358
1960.000000	665.786926	1.878345
1961.000000	666.125793	1.877067
1962.000000	666.468323	1.876719
1963.000000	666.811951	1.876215
1964.000000	667.137451	1.876873
1965.000000	667.482483	1.875983
1966.000000	667.826172	1.874899
1967.000000	668.170044	1.874783
1968.000000	668.510254	1.874279
1969.000000	668.859375	1.873698
1970.000000	669.191223	1.872266
1971.000000	669.528442	1.870988
1972.000000	669.868103	1.870678
1973.000000	670.195129	1.868587
1974.000000	670.528320	1.870059
1975.000000	670.871521	1.868200
1976.000000	671.205322	1.868471
1977.000000	671.540833	1.866187
1978.000000	671.864136	1.864987
1979.000000	672.201172	1.866342
1980.000000	672.545776	1.864754
1981.000000	672.875549	1.863825
1982.000000	673.204163	1.864212
1983.000000	673.540955	1.864561
1984.000000	673.858154	1.862005
1985.000000	674.196960	1.862780
1986.000000	674.522766	1.860805
1987.000000	674.840698	1.861425
1988.000000	675.185608	1.859411
1989.000000	675.507813	1.858753
1990.000000	675.840515	1.858521
1991.000000	676.173462	1.857320
1992.000000	676.517639	1.858288
1993.000000	676.823730	1.858017
1994.000000	677.176270	1.857591
1995.000000	677.509705	1.857011
1996.000000	677.845093	1.855036
1997.000000	678.154053	1.854997
1998.000000	678.493042	1.853681
1999.000000	678.808777	1.851629
2000.000000	679.143311	1.851938
2001.000000	679.479126	1.848686
2002.000000	679.805115	1.851551
2003.000000	680.127380	1.849460
2004.000000	680.467773	1.850196
2005.000000	680.782471	1.848880
2006.000000	681.125732	1.849538
2007.000000	681.457275	1.848260
2008.000000	681.778564	1.845976
2009.000000	682.111084	1.848454
2010.000000	682.448730	1.844389
2011.000000	682.782471	1.845086
2012.000000	683.109131	1.845705
2013.000000	683.444153	1.842879
2014.000000	683.779053	1.844427
2015.000000	684.108276	1.842840
2016.000000	684.441711	1.843188
2017.000000	684.789001	1.841136
2018.000000	685.115234	1.842066
2019.000000	685.453613	1.842143
2020.000000	685.766846	1.839123
2021.000000	686.111694	1.841214
2022.000000	686.448975	1.839665
2023.000000	686.781128	1.839162
2024.000000	687.108459	1.839200
2025.000000	687.441284	1.838774
2026.000000	687.798401	1.837884
2027.000000	688.130188	1.838426
2028.000000	688.466187	1.836142
2029.000000	688.791443	1.837187
2030.000000	689.126953	1.836103
2031.000000	689.457947	1.834980
2032.000000	689.802734	1.834128
2033.000000	690.138916	1.833973
2034.000000	690.467285	1.835909
2035.000000	690.795898	1.834515
2036.000000	691.101501	1.832734
2037.000000	691.440186	1.831341
2038.000000	691.772461	1.830101
2039.000000	692.091064	1.831612
2040.000000	692.422119	1.829908
2041.000000	692.762329	1.828979
2042.000000	693.081543	1.828011
2043.000000	693.412109	1.829598
2044.000000	693.733093	1.826810
2045.000000	694.052979	1.823790
2046.000000	694.373535	1.825726
2047.000000	694.695313	1.823558
2048.000000	695.035095	1.822900
2049.000000	695.359863	1.824797
2050.000000	695.688721	1.823481
2051.000000	696.013733	1.822087
2052.000000	696.346436	1.821545
2053.000000	696.684265	1.819880
2054.000000	697.011230	1.820925
2055.000000	697.348511	1.818912
2056.000000	697.677368	1.818138
2057.000000	698.008179	1.817944
2058.000000	698.326538	1.818176
2059.000000	698.634888	1.818873
2060.000000	698.990051	1.816318
2061.000000	699.328064	1.814730
2062.000000	699.659790	1.818679
2063.000000	700.007080	1.816356
2064.000000	700.337524	1.815117
2065.000000	700.671082	1.814227
2066.000000	700.999023	1.814227
2067.000000	701.335815	1.813995
2068.000000	701.676575	1.813801
2069.000000	702.017273	1.813917
2070.000000	702.346863	1.813685
2071.000000	702.697449	1.810742
2072.000000	703.024353	1.812678
2073.000000	703.360779	1.812291
2074.000000	703.699524	1.811710
2075.000000	704.078979	1.810626
2076.000000	704.427246	1.810742
2077.000000	704.752686	1.811633
2078.000000	705.077087	1.810084
2079.000000	705.407959	1.810432
2080.000000	705.725281	1.809697
2081.000000	706.087952	1.809813
2082.000000	706.434387	1.808962
2083.000000	706.760559	1.808420
2084.000000	707.087891	1.807336
2085.000000	707.409058	1.807994
2086.000000	707.733948	1.808729
2087.000000	708.059509	1.806522
2088.000000	708.374756	1.805942
2089.000000	708.726074	1.807142
2090.000000	709.052917	1.804238
2091.000000	709.393005	1.805593
2092.000000	709.724792	1.803541
2093.000000	710.052124	1.804277
2094.000000	710.383911	1.803812
2095.000000	710.724121	1.802341
2096.000000	711.057068	1.801605
2097.000000	711.386230	1.801218
2098.000000	711.710205	1.800173
2099.000000	712.030823	1.800366
2100.000000	712.373779	1.800869
2101.000000	712.691895	1.800173
2102.000000	713.039246	1.799011
2103.000000	713.381897	1.798043
2104.000000	713.726929	1.798856
2105.000000	714.062012	1.794132
2106.000000	714.406921	1.795681
2107.000000	714.739868	1.795913
2108.000000	715.081665	1.798159
2109.000000	715.409546	1.795526
2110.000000	715.750244	1.796223
2111.000000	716.072327	1.794210
2112.000000	716.400391	1.794016
2113.000000	716.751770	1.793397
2114.000000	717.081299	1.792467
2115.000000	717.414001	1.791732
2116.000000	717.751892	1.791345
2117.000000	718.088257	1.790493
2118.000000	718.411072	1.792777
2119.000000	718.735352	1.790686
2120.000000	719.066650	1.790532
2121.000000	719.394470	1.789796
2122.000000	719.735046	1.790725
2123.000000	720.044067	1.789951
2124.000000	720.406982	1.788634
2125.000000	720.735718	1.788363
2126.000000	721.064026	1.787938
2127.000000	721.407776	1.786660
2128.000000	721.759888	1.787550
2129.000000	722.090332	1.786505
2130.000000	722.419128	1.787202
2131.000000	722.734314	1.786389
2132.000000	723.083374	1.785847
2133.000000	723.416870	1.785769
2134.000000	723.745117	1.785692
2135.000000	724.075500	1.786234
2136.000000	724.413025	1.784220
2137.000000	724.763733	1.784917
2138.000000	725.081177	1.784763
2139.000000	725.407288	1.785150
2140.000000	725.738953	1.784879
2141.000000	726.063049	1.785072
2142.000000	726.405823	1.783562
2143.000000	726.728516	1.783911
2144.000000	727.059265	1.782788
2145.000000	727.400146	1.782439
2146.000000	727.715698	1.779729
2147.000000	728.049988	1.781626
2148.000000	728.398193	1.781433
2149.000000	728.719421	1.781433
2150.000000	729.062195	1.782362
2151.000000	729.396057	1.780542
2152.000000	729.749390	1.780852
2153.000000	730.086426	1.779613
2154.000000	730.408447	1.778219
2155.000000	730.750122	1.780116
2156.000000	731.084229	1.778451
2157.000000	731.424255	1.777948
2158.000000	731.733215	1.775973
2159.000000	732.068787	1.776438
2160.000000	732.394958	1.775857
2161.000000	732.744934	1.777561
2162.000000	733.081177	1.776980
2163.000000	733.406006	1.775547
2164.000000	733.745667	1.775896
2165.000000	734.068359	1.773767
2166.000000	734.410767	1.775702
2167.000000	734.739929	1.774076
2168.000000	735.076660	1.773379
2169.000000	735.408508	1.771908
2170.000000	735.758301	1.772644
2171.000000	736.104492	1.771405
2172.000000	736.423584	1.771986
2173.000000	736.747314	1.770321
2174.000000	737.082336	1.770863
2175.000000	737.438599	1.769740
2176.000000	737.770752	1.773767
2177.000000	738.097656	1.769934
2178.000000	738.425964	1.769353
2179.000000	738.767761	1.769933
2180.000000	739.103027	1.767766
2181.000000	739.429993	1.769856
2182.000000	739.768799	1.768230
2183.000000	740.097595	1.767688
2184.000000	740.431519	1.766527
2185.000000	740.768127	1.767456
2186.000000	741.101013	1.765326
2187.000000	741.422241	1.764203
2188.000000	741.759277	1.764513
2189.000000	742.115540	1.764513
2190.000000	742.430420	1.763274
2191.000000	742.783813	1.763971
2192.000000	743.104004	1.763545
2193.000000	743.433594	1.762887
2194.000000	743.778198	1.763468
2195.000000	744.100891	1.761842
2196.000000	744.427063	1.764513
2197.000000	744.750000	1.763235
2198.000000	745.085754	1.762810
2199.000000	745.409729	1.761609
2200.000000	745.741882	1.761493
2201.000000	746.062866	1.760951
2202.000000	746.407959	1.760874
2203.000000	746.750488	1.758938
2204.000000	747.069458	1.760177
2205.000000	747.396729	1.759441
2206.000000	747.733521	1.759596
2207.000000	748.070129	1.759634
2208.000000	748.412170	1.756653
2209.000000	748.750000	1.758163
2210.000000	749.088196	1.757892
2211.000000	749.425293	1.757156
2212.000000	749.760010	1.756537
2213.000000	750.100708	1.754756
2214.000000	750.426514	1.756189
2215.000000	750.747314	1.755414
2216.000000	751.089172	1.756111
2217.000000	751.434692	1.754795
2218.000000	751.767090	1.753168
2219.000000	752.096313	1.752510
2220.000000	752.418091	1.753982
2221.000000	752.751343	1.751349
2222.000000	753.086914	1.751465
2223.000000	753.399536	1.751117
2224.000000	753.750488	1.753633
2225.000000	754.094421	1.749413
2226.000000	754.431091	1.750845
2227.000000	754.771179	1.749800
2228.000000	755.093018	1.751271
2229.000000	755.430115	1.747709
2230.000000	755.770996	1.746819
2231.000000	756.110352	1.747709
2232.000000	756.439697	1.749335
2233.000000	756.812195	1.748290
2234.000000	757.144104	1.748213
2235.000000	757.476013	1.746470
2236.000000	757.807434	1.744689
2237.000000	758.128479	1.746780
2238.000000	758.466370	1.747051
2239.000000	758.797119	1.744960
2240.000000	759.129150	1.744883
2241.000000	759.472168	1.744805
2242.000000	759.785156	1.744689
2243.000000	760.127319	1.745193
2244.000000	760.470032	1.745076
2245.000000	760.800842	1.743721
2246.000000	761.138123	1.744534
2247.000000	761.481506	1.743489
2248.000000	761.816101	1.742095
2249.000000	762.145081	1.742211
2250.000000	762.474487	1.741553
2251.000000	762.804138	1.742134
2252.000000	763.159302	1.740469
2253.000000	763.496582	1.739075
2254.000000	763.832886	1.741321
2255.000000	764.161194	1.740585
2256.000000	764.482178	1.739694
2257.000000	764.821045	1.739540
2258.000000	765.166260	1.739191
2259.000000	765.493652	1.739346
2260.000000	765.835693	1.737565
2261.000000	766.157288	1.739501
2262.000000	766.472839	1.737913
2263.000000	766.790771	1.738378
2264.000000	767.117676	1.738300
2265.000000	767.422363	1.737526
2266.000000	767.757507	1.738146
2267.000000	768.090332	1.737875
2268.000000	768.424622	1.737410
2269.000000	768.752930	1.736481
2270.000000	769.066711	1.735823
2271.000000	769.401733	1.735204
2272.000000	769.730835	1.733694
2273.000000	770.060242	1.734855
2274.000000	770.384949	1.733113
2275.000000	770.708557	1.734700
2276.000000	771.042542	1.732958
2277.000000	771.349609	1.734081
2278.000000	771.697327	1.732764
2279.000000	772.011475	1.733616
2280.000000	772.314453	1.732610
2281.000000	772.608643	1.733577
2282.000000	772.907654	1.730441
2283.000000	773.234985	1.731216
2284.000000	773.549561	1.731332
2285.000000	773.868652	1.730906
2286.000000	774.174255	1.730402
2287.000000	774.494019	1.730286
2288.000000	774.818176	1.728312
2289.000000	775.132446	1.730751
2290.000000	775.461609	1.729551
2291.000000	775.768555	1.727692
2292.000000	776.097351	1.728699
2293.000000	776.420410	1.727034
2294.000000	776.746277	1.727073
2295.000000	777.069519	1.726221
2296.000000	777.392883	1.725679
2297.000000	777.732422	1.726260
2298.000000	778.060913	1.724246
2299.000000	778.369873	1.725756
2300.000000	778.694092	1.723936
2301.000000	779.012512	1.723898
2302.000000	779.341858	1.722310
2303.000000	779.659668	1.723936
2304.000000	780.042114	1.722233
2305.000000	780.445435	1.723627
2306.000000	780.830627	1.721458
2307.000000	781.186646	1.722581
2308.000000	781.555908	1.721807
2309.000000	781.891296	1.721846
2310.000000	782.216370	1.721846
2311.000000	782.537964	1.720413
2312.000000	782.849670	1.719561
2313.000000	783.164490	1.719329
2314.000000	783.504578	1.718593
2315.000000	783.826416	1.717161
2316.000000	784.153748	1.717741
2317.000000	784.475464	1.718051
2318.000000	784.807495	1.718012
2319.000000	785.120483	1.718051
2320.000000	785.401367	1.716231
2321.000000	785.750122	1.717393
2322.000000	786.088440	1.716193
2323.000000	786.420959	1.715109
2324.000000	786.732788	1.714373
2325.000000	787.080811	1.715186
2326.000000	787.405945	1.713715
2327.000000	787.747314	1.714257
2328.000000	788.061890	1.713947
2329.000000	788.398193	1.713947
2330.000000	788.733276	1.713599
2331.000000	789.075989	1.715186
2332.000000	789.412354	1.712050
2333.000000	789.754333	1.713986
2334.000000	790.076294	1.713521
2335.000000	790.401611	1.711740
2336.000000	790.756836	1.711275
2337.000000	791.081787	1.711353
2338.000000	791.430420	1.711585
2339.000000	791.752441	1.710153
2340.000000	792.082275	1.708991
2341.000000	792.427856	1.711624
2342.000000	792.752380	1.710733
2343.000000	793.082947	1.708100
2344.000000	793.406433	1.708526
2345.000000	793.749023	1.709301
2346.000000	794.046814	1.707132
2347.000000	794.406128	1.707016
2348.000000	794.741028	1.707752
2349.000000	795.067078	1.707520
2350.000000	795.410645	1.706939
2351.000000	795.743103	1.706861
2352.000000	796.079346	1.707442
2353.000000	796.404968	1.706474
2354.000000	796.747437	1.705855
2355.000000	797.049805	1.705855
2356.000000	797.396484	1.705816
2357.000000	797.759399	1.705313
2358.000000	798.097107	1.703609
2359.000000	798.419373	1.704732
2360.000000	798.757080	1.703996
2361.000000	799.072266	1.706010
2362.000000	799.436462	1.702796
2363.000000	799.759705	1.701867
2364.000000	800.103149	1.701518
2365.000000	800.458435	1.702448
2366.000000	800.791199	1.701867
2367.000000	801.124756	1.700434
2368.000000	801.462585	1.699931
2369.000000	801.809082	1.700279
2370.000000	802.153992	1.698692
2371.000000	802.501221	1.698615
2372.000000	802.825684	1.700163
2373.000000	803.138184	1.699157
2374.000000	803.482239	1.697647
2375.000000	803.812744	1.699970
2376.000000	804.142578	1.697376
2377.000000	804.486877	1.697685
2378.000000	804.814575	1.696756
2379.000000	805.119568	1.698692
2380.000000	805.461975	1.697260
2381.000000	805.783447	1.695866
2382.000000	806.119812	1.697066
2383.000000	806.456055	1.696369
2384.000000	806.840088	1.695904
2385.000000	807.209106	1.696640
2386.000000	807.512146	1.696176
2387.000000	807.824768	1.694937
2388.000000	808.136414	1.694240
2389.000000	808.472290	1.693697
2390.000000	808.810425	1.693194
2391.000000	809.133362	1.694278
2392.000000	809.444763	1.693543
2393.000000	809.791809	1.693504
