0.000000	30.905342	9.359818
1.000000	30.928457	9.359160
2.000000	30.956753	9.359703
3.000000	30.976742	9.359430
4.000000	30.999737	9.357921
5.000000	31.017916	9.356178
6.000000	31.045853	9.356373
7.000000	31.088238	9.355598
8.000000	31.122311	9.356566
9.000000	31.159155	9.354514
10.000000	31.188894	9.354205
11.000000	31.237900	9.354785
12.000000	31.282568	9.352578
13.000000	31.322424	9.352501
14.000000	31.374437	9.351454
15.000000	31.416943	9.352462
16.000000	31.467751	9.352345
17.000000	31.521212	9.349287
18.000000	31.585384	9.351417
19.000000	31.637884	9.350487
20.000000	31.696764	9.349829
21.000000	31.756243	9.349171
22.000000	31.817047	9.346306
23.000000	31.877489	9.344718
24.000000	31.947561	9.344059
25.000000	32.004517	9.346229
26.000000	32.068569	9.343052
27.000000	32.140934	9.343517
28.000000	32.200775	9.341194
29.000000	32.276989	9.341852
30.000000	32.352360	9.341503
31.000000	32.426773	9.340187
32.000000	32.503227	9.340923
33.000000	32.574509	9.337322
34.000000	32.663006	9.338019
35.000000	32.740307	9.337168
36.000000	32.814476	9.336392
37.000000	32.892857	9.332638
38.000000	32.981354	9.332251
39.000000	33.062511	9.333450
40.000000	33.148476	9.332212
41.000000	33.225414	9.331940
42.000000	33.307892	9.329734
43.000000	33.396027	9.330237
44.000000	33.477661	9.327836
45.000000	33.559055	9.325784
46.000000	33.642860	9.325978
47.000000	33.734367	9.323461
48.000000	33.814793	9.323151
49.000000	33.909794	9.321873
50.000000	34.005516	9.321446
51.000000	34.091488	9.321098
52.000000	34.184196	9.319279
53.000000	34.271606	9.318079
54.000000	34.362274	9.318622
55.000000	34.460407	9.315175
56.000000	34.547096	9.314555
57.000000	34.643299	9.314207
58.000000	34.752506	9.312465
59.000000	34.844498	9.312504
60.000000	34.951050	9.311149
61.000000	35.057495	9.309522
62.000000	35.163208	9.309406
63.000000	35.276749	9.309368
64.000000	35.392212	9.309251
65.000000	35.509129	9.307237
66.000000	35.636639	9.306811
67.000000	35.763783	9.306076
68.000000	35.897312	9.303095
69.000000	36.026024	9.303521
70.000000	36.175201	9.302862
71.000000	36.326191	9.301894
72.000000	36.478268	9.298334
73.000000	36.636475	9.297791
74.000000	36.808174	9.294927
75.000000	36.978062	9.293611
76.000000	37.170830	9.293842
77.000000	37.355530	9.291287
78.000000	37.554684	9.289544
79.000000	37.756477	9.291055
80.000000	37.971039	9.287765
81.000000	38.202099	9.288810
82.000000	38.431469	9.284743
83.000000	38.676609	9.283697
84.000000	38.918625	9.282382
85.000000	39.182190	9.280291
86.000000	39.467186	9.280949
87.000000	39.759533	9.278625
88.000000	40.042004	9.275258
89.000000	40.341446	9.274869
90.000000	40.665863	9.272857
91.000000	40.982002	9.270611
92.000000	41.309261	9.269178
93.000000	41.655403	9.267707
94.000000	42.003338	9.268172
95.000000	42.356655	9.266197
96.000000	42.736618	9.263950
97.000000	43.102844	9.262133
98.000000	43.489624	9.260040
99.000000	43.882504	9.258648
100.000000	44.269882	9.256130
101.000000	44.678177	9.254002
102.000000	45.100452	9.251678
103.000000	45.512096	9.248967
104.000000	45.919918	9.247070
105.000000	46.349487	9.242734
106.000000	46.784794	9.241998
107.000000	47.217712	9.238281
108.000000	47.654938	9.236267
109.000000	48.107452	9.234138
110.000000	48.547421	9.230228
111.000000	49.006996	9.227519
112.000000	49.468475	9.221943
113.000000	49.907494	9.219543
114.000000	50.352844	9.217219
115.000000	50.793610	9.215981
116.000000	51.263306	9.214122
117.000000	51.709412	9.210173
118.000000	52.164677	9.208353
119.000000	52.597710	9.204248
120.000000	53.056309	9.202274
121.000000	53.491837	9.197241
122.000000	53.924034	9.193253
123.000000	54.371685	9.187522
124.000000	54.812805	9.184424
125.000000	55.246780	9.177145
126.000000	55.669346	9.175015
127.000000	56.095360	9.172150
128.000000	56.519707	9.168007
129.000000	56.932518	9.164639
130.000000	57.345085	9.160187
131.000000	57.738983	9.153721
132.000000	58.151077	9.148533
133.000000	58.526901	9.144079
134.000000	58.952316	9.141795
135.000000	59.340397	9.138581
136.000000	59.729179	9.134208
137.000000	60.111179	9.127199
138.000000	60.484154	9.122514
139.000000	60.858780	9.121856
140.000000	61.203484	9.116087
141.000000	61.557121	9.113918
142.000000	61.907547	9.108072
143.000000	62.254887	9.105323
144.000000	62.600693	9.100212
145.000000	62.936901	9.096650
146.000000	63.265411	9.091773
147.000000	63.596050	9.087242
148.000000	63.916489	9.082828
149.000000	64.236343	9.077291
150.000000	64.546967	9.073380
151.000000	64.862213	9.069122
152.000000	65.170570	9.065598
153.000000	65.474319	9.061844
154.000000	65.755913	9.057894
155.000000	66.043549	9.051582
156.000000	66.352753	9.046433
157.000000	66.638840	9.043878
158.000000	66.916046	9.040277
159.000000	67.200020	9.034546
160.000000	67.482086	9.030403
161.000000	67.756332	9.025950
162.000000	68.029999	9.021885
163.000000	68.306725	9.018362
164.000000	68.583809	9.015806
165.000000	68.850601	9.011392
166.000000	69.124847	9.008799
167.000000	69.396378	9.003765
168.000000	69.657959	9.001442
169.000000	69.923080	8.996642
170.000000	70.187737	8.994164
171.000000	70.449898	8.990137
172.000000	70.727699	8.985104
173.000000	70.981812	8.979568
174.000000	71.250023	8.975114
175.000000	71.518250	8.972520
176.000000	71.790741	8.968571
177.000000	72.056717	8.967137
178.000000	72.320091	8.961020
179.000000	72.601929	8.955562
180.000000	72.871346	8.951572
181.000000	73.156502	8.947121
182.000000	73.430534	8.944913
183.000000	73.706451	8.941506
184.000000	73.986389	8.937982
185.000000	74.267044	8.933493
186.000000	74.549835	8.928188
187.000000	74.846008	8.926369
188.000000	75.130341	8.922187
189.000000	75.431343	8.919205
190.000000	75.724548	8.915643
191.000000	76.022255	8.912004
192.000000	76.321960	8.909565
193.000000	76.622864	8.907589
194.000000	76.930389	8.905383
195.000000	77.244904	8.901782
196.000000	77.562019	8.897446
197.000000	77.882568	8.894348
198.000000	78.202538	8.893341
199.000000	78.530769	8.889431
200.000000	78.856529	8.885017
201.000000	79.194359	8.880836
202.000000	79.527328	8.877350
203.000000	79.872154	8.874718
204.000000	80.211517	8.870110
205.000000	80.554321	8.869413
206.000000	80.904465	8.866355
207.000000	81.263481	8.861670
208.000000	81.615990	8.857567
209.000000	81.962936	8.853269
210.000000	82.312134	8.851215
211.000000	82.645935	8.851100
212.000000	83.006378	8.844284
213.000000	83.383270	8.842968
214.000000	83.743118	8.839175
215.000000	84.114098	8.835922
216.000000	84.480209	8.833328
217.000000	84.845490	8.830657
218.000000	85.209496	8.826476
219.000000	85.591103	8.823183
220.000000	85.958893	8.820474
221.000000	86.330109	8.818731
222.000000	86.699898	8.816757
223.000000	87.069458	8.812653
224.000000	87.432854	8.810176
225.000000	87.823471	8.809283
226.000000	88.188522	8.806341
227.000000	88.555832	8.802508
228.000000	88.932968	8.799797
229.000000	89.303223	8.797475
230.000000	89.671364	8.794920
231.000000	90.052048	8.791243
232.000000	90.416977	8.788066
233.000000	90.787720	8.784194
234.000000	91.154541	8.782916
235.000000	91.511436	8.780361
236.000000	91.873535	8.777186
237.000000	92.239052	8.775250
238.000000	92.592766	8.771612
239.000000	92.950394	8.771301
240.000000	93.322266	8.767159
241.000000	93.673126	8.765377
242.000000	94.032906	8.764410
243.000000	94.375946	8.758679
244.000000	94.721825	8.754034
245.000000	95.076378	8.754886
246.000000	95.431625	8.752562
247.000000	95.767563	8.749619
248.000000	96.125183	8.748226
249.000000	96.461105	8.746289
250.000000	96.792397	8.744353
251.000000	97.130928	8.743889
252.000000	97.482979	8.741760
253.000000	97.827446	8.740791
254.000000	98.149719	8.738778
255.000000	98.488007	8.736262
256.000000	98.821678	8.736107
257.000000	99.130417	8.730840
258.000000	99.467041	8.730996
259.000000	99.797508	8.729176
260.000000	100.115517	8.726737
261.000000	100.435402	8.726969
262.000000	100.758278	8.724413
263.000000	101.079483	8.723484
264.000000	101.397247	8.721935
265.000000	101.707649	8.719341
266.000000	102.034187	8.720038
267.000000	102.336952	8.717289
268.000000	102.667770	8.715082
269.000000	102.976768	8.716785
270.000000	103.305511	8.713030
271.000000	103.607971	8.712991
272.000000	103.912560	8.711366
273.000000	104.223328	8.710746
274.000000	104.548279	8.709893
275.000000	104.859177	8.709391
276.000000	105.180550	8.709042
277.000000	105.480736	8.708151
278.000000	105.788055	8.704475
279.000000	106.108261	8.704552
280.000000	106.411896	8.704474
281.000000	106.709091	8.703583
282.000000	107.023811	8.702848
283.000000	107.334961	8.699984
284.000000	107.641930	8.699673
285.000000	107.960678	8.699131
286.000000	108.275864	8.696732
287.000000	108.584259	8.696614
288.000000	108.888031	8.697467
289.000000	109.214508	8.696422
290.000000	109.532188	8.695764
291.000000	109.844406	8.694796
292.000000	110.161140	8.695182
293.000000	110.474777	8.693246
294.000000	110.800072	8.692084
295.000000	111.115021	8.692239
296.000000	111.438545	8.691001
297.000000	111.757881	8.692317
298.000000	112.079025	8.689723
299.000000	112.412888	8.689375
300.000000	112.739220	8.690457
301.000000	113.072960	8.689258
302.000000	113.403595	8.687515
303.000000	113.728027	8.689103
304.000000	114.069283	8.685966
305.000000	114.393219	8.683179
306.000000	114.722542	8.685502
307.000000	115.057251	8.683024
308.000000	115.407982	8.685270
309.000000	115.743988	8.684070
310.000000	116.084908	8.682831
311.000000	116.426682	8.682714
312.000000	116.767952	8.683451
313.000000	117.123596	8.682250
314.000000	117.462837	8.681320
315.000000	117.803406	8.682251
316.000000	118.149704	8.682869
317.000000	118.491577	8.683102
318.000000	118.838593	8.682173
319.000000	119.188377	8.681553
320.000000	119.541023	8.683256
321.000000	119.885422	8.681747
322.000000	120.229088	8.681477
323.000000	120.578621	8.681128
324.000000	120.923729	8.679579
325.000000	121.277679	8.678726
326.000000	121.621727	8.680391
327.000000	121.958565	8.679501
328.000000	122.315521	8.679811
329.000000	122.660286	8.678185
330.000000	123.011414	8.679966
331.000000	123.353279	8.679695
332.000000	123.696030	8.677448
333.000000	124.047569	8.676249
334.000000	124.387421	8.676442
335.000000	124.740051	8.678688
336.000000	125.085205	8.677914
337.000000	125.432159	8.676675
338.000000	125.775276	8.677023
339.000000	126.121521	8.676481
340.000000	126.461266	8.677758
341.000000	126.806297	8.676636
342.000000	127.143158	8.678185
343.000000	127.500229	8.676093
344.000000	127.837692	8.675629
345.000000	128.163116	8.675435
346.000000	128.504181	8.675049
347.000000	128.847900	8.674622
348.000000	129.183304	8.675087
349.000000	129.521362	8.674777
350.000000	129.846909	8.676017
351.000000	130.190994	8.674544
352.000000	130.523987	8.676403
353.000000	130.856155	8.675669
354.000000	131.195435	8.675435
355.000000	131.528076	8.674080
356.000000	131.855774	8.675398
357.000000	132.196365	8.676016
358.000000	132.522644	8.675396
359.000000	132.859253	8.675049
360.000000	133.173157	8.675513
361.000000	133.509384	8.675087
362.000000	133.835083	8.676017
363.000000	134.161011	8.676558
364.000000	134.471100	8.675591
365.000000	134.817596	8.676441
366.000000	135.147888	8.675282
367.000000	135.472855	8.675861
368.000000	135.786926	8.673925
369.000000	136.114792	8.674739
370.000000	136.442780	8.675126
371.000000	136.761322	8.676365
372.000000	137.090042	8.674042
373.000000	137.421188	8.674971
374.000000	137.734055	8.675939
375.000000	138.060333	8.672919
376.000000	138.385559	8.674506
377.000000	138.708817	8.673345
378.000000	139.036194	8.674699
379.000000	139.370239	8.674854
380.000000	139.693130	8.674003
381.000000	140.011093	8.674854
382.000000	140.342224	8.674080
383.000000	140.662231	8.673576
384.000000	140.988892	8.675706
385.000000	141.312988	8.675358
386.000000	141.639175	8.676055
387.000000	141.966446	8.675746
388.000000	142.286316	8.673615
389.000000	142.598587	8.675783
390.000000	142.933472	8.675011
391.000000	143.267990	8.675900
392.000000	143.592453	8.674313
393.000000	143.914886	8.674119
394.000000	144.246841	8.673576
395.000000	144.579651	8.675474
396.000000	144.919785	8.673848
397.000000	145.239212	8.674004
398.000000	145.568726	8.675823
399.000000	145.901550	8.675242
400.000000	146.249451	8.675551
401.000000	146.579956	8.676132
402.000000	146.910461	8.673771
403.000000	147.253967	8.674313
404.000000	147.583984	8.674197
405.000000	147.916199	8.675010
406.000000	148.255829	8.674778
407.000000	148.590088	8.674932
408.000000	148.930817	8.674739
409.000000	149.267639	8.675048
410.000000	149.612000	8.674972
411.000000	149.938629	8.675474
412.000000	150.292465	8.675319
413.000000	150.621399	8.676829
414.000000	150.957977	8.674545
415.000000	151.303680	8.675358
416.000000	151.646851	8.676441
417.000000	151.984634	8.674971
418.000000	152.321075	8.675126
419.000000	152.664139	8.676248
420.000000	153.003403	8.676597
421.000000	153.363419	8.678301
422.000000	153.694458	8.677100
423.000000	154.036362	8.675435
424.000000	154.389481	8.675900
425.000000	154.725754	8.674932
426.000000	155.065430	8.676249
427.000000	155.412949	8.675707
428.000000	155.749817	8.677023
429.000000	156.090729	8.675900
430.000000	156.433838	8.677953
431.000000	156.791122	8.676674
432.000000	157.135437	8.675202
433.000000	157.472565	8.677681
434.000000	157.803101	8.675513
435.000000	158.151230	8.677410
436.000000	158.496399	8.676403
437.000000	158.842194	8.675513
438.000000	159.186035	8.677295
439.000000	159.520584	8.675281
440.000000	159.848312	8.676404
441.000000	160.193237	8.675358
442.000000	160.526947	8.677487
443.000000	160.861267	8.677526
444.000000	161.195084	8.676946
445.000000	161.542725	8.677487
446.000000	161.874939	8.676753
447.000000	162.207901	8.676907
448.000000	162.552979	8.675591
449.000000	162.888016	8.675822
450.000000	163.219650	8.677372
451.000000	163.552246	8.676674
452.000000	163.878372	8.675629
453.000000	164.214127	8.677372
454.000000	164.536346	8.674971
455.000000	164.875641	8.674739
456.000000	165.213593	8.674468
457.000000	165.531311	8.678416
458.000000	165.876129	8.676674
459.000000	166.204987	8.676559
460.000000	166.534485	8.677255
461.000000	166.868378	8.675939
462.000000	167.203400	8.675513
463.000000	167.533508	8.674778
464.000000	167.861023	8.675242
465.000000	168.191360	8.675087
466.000000	168.524414	8.676016
467.000000	168.849472	8.677023
468.000000	169.163391	8.677488
469.000000	169.502441	8.677526
470.000000	169.827011	8.675126
471.000000	170.162033	8.676790
472.000000	170.480957	8.677604
473.000000	170.816208	8.677681
474.000000	171.157471	8.675552
475.000000	171.486465	8.677139
476.000000	171.811188	8.676094
477.000000	172.144226	8.677177
478.000000	172.469650	8.678340
479.000000	172.800964	8.678959
480.000000	173.132431	8.677835
481.000000	173.467804	8.678068
482.000000	173.791412	8.677952
483.000000	174.114014	8.678224
484.000000	174.446716	8.678067
485.000000	174.776428	8.679114
486.000000	175.105453	8.675977
487.000000	175.423325	8.679502
488.000000	175.760620	8.676829
489.000000	176.097519	8.678727
490.000000	176.434570	8.677526
491.000000	176.765442	8.679036
492.000000	177.110596	8.680972
493.000000	177.442596	8.679152
494.000000	177.774353	8.678997
495.000000	178.107437	8.678688
496.000000	178.440430	8.677875
497.000000	178.763184	8.680392
498.000000	179.112534	8.679889
499.000000	179.440826	8.677604
500.000000	179.777634	8.676093
501.000000	180.121567	8.679541
502.000000	180.451721	8.678223
503.000000	180.792557	8.677604
504.000000	181.129959	8.677526
505.000000	181.471191	8.678649
506.000000	181.808228	8.678998
507.000000	182.156204	8.678107
508.000000	182.498169	8.676714
509.000000	182.835815	8.675745
510.000000	183.182098	8.678223
511.000000	183.524170	8.676985
512.000000	183.867249	8.677526
513.000000	184.213867	8.678882
514.000000	184.539978	8.678107
515.000000	184.887955	8.677566
516.000000	185.228058	8.676674
517.000000	185.575668	8.678417
518.000000	185.901917	8.677681
519.000000	186.249390	8.676868
520.000000	186.597748	8.678533
521.000000	186.936630	8.678030
522.000000	187.281647	8.678030
523.000000	187.624741	8.679269
524.000000	187.949097	8.677797
525.000000	188.290817	8.678146
526.000000	188.632507	8.678068
527.000000	188.969559	8.676752
528.000000	189.319641	8.678262
529.000000	189.663940	8.677990
530.000000	190.002823	8.678030
531.000000	190.334320	8.676636
532.000000	190.667175	8.678185
533.000000	191.005066	8.678843
534.000000	191.344330	8.679269
535.000000	191.680878	8.677256
536.000000	192.024536	8.680004
537.000000	192.353012	8.680701
538.000000	192.689041	8.680081
539.000000	193.012924	8.677836
540.000000	193.352051	8.678921
541.000000	193.692413	8.679385
542.000000	194.021179	8.676171
543.000000	194.357117	8.677410
544.000000	194.688766	8.678262
545.000000	195.022079	8.677177
546.000000	195.359528	8.680896
547.000000	195.684875	8.677681
548.000000	196.010986	8.677526
549.000000	196.353439	8.678611
550.000000	196.685181	8.677797
551.000000	197.019653	8.679618
552.000000	197.358780	8.677139
553.000000	197.673828	8.680237
554.000000	198.011978	8.679307
555.000000	198.341629	8.679695
556.000000	198.675964	8.676984
557.000000	199.012405	8.679657
558.000000	199.348984	8.678920
559.000000	199.673233	8.678688
560.000000	200.003632	8.678765
561.000000	200.344620	8.677719
562.000000	200.665421	8.679888
563.000000	200.999771	8.678145
564.000000	201.321823	8.679113
565.000000	201.658737	8.678107
566.000000	201.999710	8.678921
567.000000	202.324448	8.678068
568.000000	202.664322	8.678262
569.000000	203.003952	8.677604
570.000000	203.325500	8.676753
571.000000	203.662918	8.677295
572.000000	204.003174	8.676791
573.000000	204.342285	8.677681
574.000000	204.668274	8.676404
575.000000	205.003845	8.677023
576.000000	205.344330	8.678611
577.000000	205.668701	8.677487
578.000000	205.993835	8.677139
579.000000	206.337524	8.677333
580.000000	206.687073	8.676481
581.000000	207.019257	8.678379
582.000000	207.359009	8.677256
583.000000	207.693115	8.677758
584.000000	208.032730	8.674854
585.000000	208.368179	8.677526
586.000000	208.703262	8.676984
587.000000	209.039719	8.675164
588.000000	209.370651	8.677101
589.000000	209.698257	8.676404
590.000000	210.040329	8.675282
591.000000	210.375916	8.675978
592.000000	210.709656	8.676558
593.000000	211.049438	8.676636
594.000000	211.389038	8.676558
595.000000	211.726120	8.676597
596.000000	212.057266	8.676751
597.000000	212.395187	8.675707
598.000000	212.739105	8.677217
599.000000	213.068909	8.675629
600.000000	213.411255	8.678339
601.000000	213.739594	8.676288
602.000000	214.084122	8.676209
603.000000	214.426697	8.674854
604.000000	214.762268	8.673771
605.000000	215.087936	8.675281
606.000000	215.427704	8.674932
607.000000	215.774948	8.673886
608.000000	216.114624	8.673151
609.000000	216.452087	8.674003
610.000000	216.796188	8.673538
611.000000	217.134277	8.674081
612.000000	217.461227	8.672687
613.000000	217.800018	8.673421
614.000000	218.136154	8.672454
615.000000	218.473038	8.673190
616.000000	218.813080	8.672377
617.000000	219.152283	8.672455
618.000000	219.476532	8.671873
619.000000	219.817917	8.673073
620.000000	220.157364	8.673771
621.000000	220.510147	8.673615
622.000000	220.835388	8.672337
623.000000	221.155609	8.672183
624.000000	221.474731	8.672918
625.000000	221.827606	8.670363
626.000000	222.155441	8.670944
627.000000	222.494141	8.669976
628.000000	222.826828	8.671099
629.000000	223.172379	8.670595
630.000000	223.494446	8.671332
631.000000	223.819061	8.672107
632.000000	224.156799	8.669240
633.000000	224.492188	8.669395
634.000000	224.818771	8.669860
635.000000	225.138123	8.670170
636.000000	225.490051	8.669704
637.000000	225.816742	8.669976
638.000000	226.151505	8.669163
639.000000	226.476608	8.667459
640.000000	226.796936	8.668698
641.000000	227.144714	8.667034
642.000000	227.482849	8.670208
643.000000	227.799164	8.668892
644.000000	228.120972	8.666065
645.000000	228.465454	8.666801
646.000000	228.795059	8.665833
647.000000	229.126389	8.667033
648.000000	229.457947	8.665407
649.000000	229.788544	8.665833
650.000000	230.117676	8.664167
651.000000	230.451309	8.664633
652.000000	230.783951	8.664594
653.000000	231.103195	8.663045
654.000000	231.437668	8.663084
655.000000	231.774963	8.664516
656.000000	232.123230	8.660954
657.000000	232.448944	8.660374
658.000000	232.781006	8.661573
659.000000	233.118164	8.660954
660.000000	233.442520	8.660877
661.000000	233.777527	8.660954
662.000000	234.121399	8.659367
663.000000	234.454285	8.657122
664.000000	234.779388	8.659019
665.000000	235.115967	8.656695
666.000000	235.453506	8.656540
667.000000	235.781631	8.654101
668.000000	236.123413	8.655457
669.000000	236.458588	8.654876
670.000000	236.782242	8.655262
671.000000	237.128540	8.652630
672.000000	237.456070	8.651158
673.000000	237.802582	8.650578
674.000000	238.125412	8.650346
675.000000	238.457703	8.649106
676.000000	238.793518	8.649649
677.000000	239.128510	8.648835
678.000000	239.473694	8.647171
679.000000	239.804047	8.647131
680.000000	240.134033	8.645776
681.000000	240.467407	8.645506
682.000000	240.805801	8.646202
683.000000	241.142349	8.643996
684.000000	241.478516	8.645041
685.000000	241.821503	8.645506
686.000000	242.153687	8.641944
687.000000	242.480530	8.641556
688.000000	242.817551	8.640202
689.000000	243.149994	8.639465
690.000000	243.482971	8.638653
691.000000	243.821014	8.638615
692.000000	244.152679	8.636756
693.000000	244.490967	8.637569
694.000000	244.828094	8.636136
695.000000	245.156265	8.634859
696.000000	245.492081	8.633310
697.000000	245.827560	8.632421
698.000000	246.140518	8.631684
699.000000	246.498550	8.630253
700.000000	246.831055	8.631143
701.000000	247.173355	8.628975
702.000000	247.495544	8.628122
703.000000	247.840912	8.627891
704.000000	248.183517	8.625141
705.000000	248.513519	8.624328
706.000000	248.845352	8.624250
707.000000	249.167496	8.623901
708.000000	249.500412	8.622741
709.000000	249.838181	8.622702
710.000000	250.172058	8.620843
711.000000	250.502930	8.620030
712.000000	250.849258	8.619876
713.000000	251.164520	8.618752
714.000000	251.498901	8.618443
715.000000	251.835510	8.617707
716.000000	252.151047	8.617047
717.000000	252.494751	8.614996
718.000000	252.825729	8.613873
719.000000	253.166748	8.614764
720.000000	253.495911	8.610002
721.000000	253.828339	8.610544
722.000000	254.145432	8.610893
723.000000	254.491425	8.607718
724.000000	254.828796	8.605820
725.000000	255.152512	8.605124
726.000000	255.489319	8.605433
727.000000	255.825974	8.602568
728.000000	256.154510	8.601832
729.000000	256.494568	8.601793
730.000000	256.832642	8.600438
731.000000	257.170044	8.599586
732.000000	257.495514	8.597340
733.000000	257.837189	8.596179
734.000000	258.164825	8.593856
735.000000	258.512665	8.592501
736.000000	258.843903	8.591610
737.000000	259.189941	8.591262
738.000000	259.525391	8.588707
739.000000	259.866302	8.587004
740.000000	260.205200	8.586616
741.000000	260.538940	8.583712
742.000000	260.879150	8.581931
743.000000	261.211792	8.582125
744.000000	261.545441	8.578949
745.000000	261.896118	8.577866
746.000000	262.236664	8.577477
747.000000	262.567413	8.574923
748.000000	262.896240	8.572328
749.000000	263.231201	8.573335
750.000000	263.566284	8.571129
751.000000	263.907532	8.571283
752.000000	264.238159	8.567955
753.000000	264.580444	8.567490
754.000000	264.898071	8.561721
755.000000	265.265289	8.560715
756.000000	265.599304	8.557888
757.000000	265.925842	8.558817
758.000000	266.261200	8.554207
759.000000	266.605530	8.551227
760.000000	266.947998	8.551342
761.000000	267.274780	8.550800
762.000000	267.611847	8.547858
763.000000	267.942505	8.546541
764.000000	268.261688	8.546231
765.000000	268.601074	8.542904
766.000000	268.929352	8.542130
767.000000	269.258911	8.540310
768.000000	269.573486	8.536902
769.000000	269.911255	8.535740
770.000000	270.256866	8.534075
771.000000	270.584930	8.529816
772.000000	270.918182	8.527454
773.000000	271.245728	8.526447
774.000000	271.580322	8.525015
775.000000	271.909912	8.523079
776.000000	272.235382	8.520679
777.000000	272.566528	8.518975
778.000000	272.899841	8.517581
779.000000	273.223083	8.511889
780.000000	273.564850	8.509798
781.000000	273.899109	8.508095
782.000000	274.227844	8.505036
783.000000	274.570618	8.503876
784.000000	274.898895	8.501630
785.000000	275.233948	8.498031
786.000000	275.571075	8.497100
787.000000	275.890961	8.494776
788.000000	276.241852	8.490323
789.000000	276.572052	8.487885
790.000000	276.898956	8.484360
791.000000	277.227600	8.479443
792.000000	277.580200	8.476423
793.000000	277.912842	8.475650
794.000000	278.251923	8.472901
795.000000	278.597107	8.470074
796.000000	278.932251	8.468681
797.000000	279.277191	8.465621
798.000000	279.604797	8.458730
799.000000	279.943298	8.454238
800.000000	280.285492	8.450754
801.000000	280.617920	8.449476
802.000000	280.950653	8.446418
803.000000	281.297302	8.439137
804.000000	281.627167	8.437782
805.000000	281.966614	8.433679
806.000000	282.306152	8.429614
807.000000	282.652710	8.427444
808.000000	282.995850	8.423728
809.000000	283.321899	8.421444
810.000000	283.660278	8.418423
811.000000	283.979889	8.413312
812.000000	284.319458	8.409984
813.000000	284.664185	8.405375
814.000000	284.987976	8.399220
815.000000	285.335022	8.397787
816.000000	285.657196	8.392599
817.000000	285.989685	8.388146
818.000000	286.323029	8.384468
819.000000	286.655579	8.379357
820.000000	286.986206	8.375525
821.000000	287.321655	8.372078
822.000000	287.646240	8.364992
823.000000	287.973297	8.358720
824.000000	288.305298	8.355274
825.000000	288.635773	8.351209
826.000000	288.963501	8.346872
827.000000	289.291687	8.341839
828.000000	289.632965	8.338046
829.000000	289.957703	8.331271
830.000000	290.295349	8.326276
831.000000	290.613525	8.323449
832.000000	290.945618	8.318957
833.000000	291.269653	8.313692
834.000000	291.609406	8.306335
835.000000	291.933594	8.302114
836.000000	292.264984	8.296112
837.000000	292.596893	8.290577
838.000000	292.927551	8.284768
839.000000	293.270508	8.278458
840.000000	293.591431	8.274818
841.000000	293.920959	8.269748
842.000000	294.258423	8.261577
843.000000	294.589844	8.256504
844.000000	294.918854	8.249341
845.000000	295.250854	8.242413
846.000000	295.581207	8.237996
847.000000	295.923584	8.230408
848.000000	296.269653	8.226420
849.000000	296.602386	8.218948
850.000000	296.922333	8.213952
851.000000	297.269012	8.205783
852.000000	297.603027	8.198116
853.000000	297.936676	8.192464
854.000000	298.277435	8.185844
855.000000	298.604553	8.178528
856.000000	298.955658	8.169157
857.000000	299.276184	8.160832
858.000000	299.614807	8.153940
859.000000	299.947876	8.148170
860.000000	300.286896	8.140659
861.000000	300.617004	8.133728
862.000000	300.953857	8.126720
863.000000	301.301392	8.119366
864.000000	301.636871	8.113518
865.000000	301.974304	8.104265
866.000000	302.295044	8.097025
867.000000	302.627289	8.086609
868.000000	302.968750	8.078556
869.000000	303.307312	8.071742
870.000000	303.639893	8.064772
871.000000	303.978088	8.055595
872.000000	304.326691	8.047581
873.000000	304.666626	8.037167
874.000000	304.994507	8.029500
875.000000	305.334595	8.022686
876.000000	305.676025	8.013316
877.000000	306.015686	8.003830
878.000000	306.352661	7.996164
879.000000	306.677307	7.986252
880.000000	307.016052	7.978276
881.000000	307.362793	7.967707
882.000000	307.693726	7.956517
883.000000	308.032135	7.949006
884.000000	308.372101	7.939095
885.000000	308.697327	7.929801
886.000000	309.041229	7.923490
887.000000	309.376129	7.914972
888.000000	309.700409	7.903511
889.000000	310.035461	7.895032
890.000000	310.365387	7.882139
891.000000	310.700317	7.874357
892.000000	311.031342	7.860844
893.000000	311.364838	7.853758
894.000000	311.695831	7.841911
895.000000	312.031952	7.831031
896.000000	312.365692	7.823366
897.000000	312.702728	7.812253
898.000000	313.032776	7.802419
899.000000	313.364044	7.790919
900.000000	313.696136	7.780349
901.000000	314.026550	7.767029
902.000000	314.368927	7.755646
903.000000	314.685852	7.746122
904.000000	315.016876	7.734662
905.000000	315.349792	7.724983
906.000000	315.701172	7.716386
907.000000	316.025391	7.703260
908.000000	316.355011	7.690523
909.000000	316.692780	7.680612
910.000000	317.026855	7.669460
911.000000	317.361206	7.656645
912.000000	317.696930	7.644990
913.000000	318.028778	7.633375
914.000000	318.365356	7.624315
915.000000	318.701385	7.611963
916.000000	319.036407	7.599148
917.000000	319.375427	7.588308
918.000000	319.717010	7.576227
919.000000	320.049103	7.559617
920.000000	320.379761	7.547924
921.000000	320.725098	7.537044
922.000000	321.050385	7.526474
923.000000	321.386322	7.515943
924.000000	321.720337	7.503243
925.000000	322.052368	7.487833
926.000000	322.386322	7.475830
927.000000	322.717163	7.462666
928.000000	323.049316	7.450470
929.000000	323.386963	7.436842
930.000000	323.706665	7.425226
931.000000	324.056824	7.411558
932.000000	324.387329	7.397852
933.000000	324.713806	7.385656
934.000000	325.052795	7.371447
935.000000	325.392029	7.356152
936.000000	325.711792	7.345738
937.000000	326.065857	7.332612
938.000000	326.400269	7.320415
939.000000	326.725891	7.305354
940.000000	327.072083	7.290952
941.000000	327.396698	7.279220
942.000000	327.731445	7.262687
943.000000	328.060272	7.248244
944.000000	328.396210	7.234810
945.000000	328.728912	7.221646
946.000000	329.070313	7.207940
947.000000	329.394958	7.192375
948.000000	329.733643	7.176500
949.000000	330.069733	7.162134
950.000000	330.409943	7.147811
951.000000	330.735565	7.135498
952.000000	331.081757	7.120746
953.000000	331.400085	7.106382
954.000000	331.744995	7.090082
955.000000	332.068848	7.076801
956.000000	332.423553	7.060966
957.000000	332.755554	7.043813
958.000000	333.099731	7.031113
959.000000	333.440918	7.015007
960.000000	333.775909	6.999559
961.000000	334.114380	6.985388
962.000000	334.444336	6.967577
963.000000	334.776306	6.953638
964.000000	335.106079	6.937803
965.000000	335.438110	6.924019
966.000000	335.774536	6.908029
967.000000	336.116638	6.891341
968.000000	336.448486	6.873762
969.000000	336.767151	6.859322
970.000000	337.098877	6.841279
971.000000	337.450775	6.828424
972.000000	337.790619	6.811659
973.000000	338.112335	6.794313
974.000000	338.443939	6.777975
975.000000	338.774506	6.761442
976.000000	339.093872	6.742663
977.000000	339.419891	6.729886
978.000000	339.761230	6.711650
979.000000	340.098053	6.692292
980.000000	340.421875	6.675100
981.000000	340.757080	6.658529
982.000000	341.086761	6.642267
983.000000	341.420135	6.625928
984.000000	341.746490	6.607537
985.000000	342.089752	6.589843
986.000000	342.421631	6.569941
987.000000	342.740601	6.555268
988.000000	343.066284	6.537728
989.000000	343.421143	6.520227
990.000000	343.753754	6.500055
991.000000	344.081635	6.483213
992.000000	344.422363	6.464628
993.000000	344.751801	6.445501
994.000000	345.098175	6.428387
995.000000	345.427185	6.410694
996.000000	345.763428	6.390406
997.000000	346.090942	6.370156
998.000000	346.422485	6.352926
999.000000	346.763855	6.336548
1000.000000	347.088562	6.315602
1001.000000	347.422729	6.295817
1002.000000	347.765472	6.273167
1003.000000	348.092987	6.254427
1004.000000	348.431274	6.235688
1005.000000	348.775513	6.217141
1006.000000	349.099182	6.196930
1007.000000	349.451660	6.176914
1008.000000	349.773895	6.156044
1009.000000	350.101685	6.138272
1010.000000	350.440186	6.117249
1011.000000	350.749969	6.098200
1012.000000	351.105927	6.075046
1013.000000	351.435547	6.055222
1014.000000	351.766876	6.036754
1015.000000	352.102539	6.015381
1016.000000	352.441772	5.993505
1017.000000	352.773712	5.972133
1018.000000	353.101074	5.951303
1019.000000	353.437103	5.932331
1020.000000	353.772064	5.909951
1021.000000	354.108704	5.889315
1022.000000	354.435730	5.869298
1023.000000	354.770355	5.845098
1024.000000	355.105469	5.823493
1025.000000	355.435120	5.799992
1026.000000	355.763214	5.777652
1027.000000	356.105133	5.755969
1028.000000	356.430267	5.736223
1029.000000	356.758545	5.711714
1030.000000	357.099274	5.688793
1031.000000	357.429321	5.664246
1032.000000	357.767029	5.640705
1033.000000	358.099762	5.618326
1034.000000	358.425507	5.596953
1035.000000	358.762146	5.571516
1036.000000	359.104370	5.549369
1037.000000	359.437958	5.528461
1038.000000	359.767090	5.502791
1039.000000	360.104736	5.478398
1040.000000	360.438202	5.452806
1041.000000	360.773407	5.430969
1042.000000	361.110413	5.405995
1043.000000	361.448120	5.382765
1044.000000	361.778961	5.355933
1045.000000	362.105713	5.334560
1046.000000	362.455078	5.309742
1047.000000	362.792236	5.286357
1048.000000	363.134216	5.258905
1049.000000	363.477936	5.236526
1050.000000	363.801117	5.211321
1051.000000	364.140869	5.184179
1052.000000	364.483765	5.156108
1053.000000	364.818878	5.132181
1054.000000	365.157898	5.108407
1055.000000	365.493530	5.083279
1056.000000	365.836090	5.057184
1057.000000	366.169800	5.032559
1058.000000	366.518433	5.005185
1059.000000	366.847900	4.976418
1060.000000	367.189575	4.951560
1061.000000	367.517487	4.923800
1062.000000	367.860107	4.896774
1063.000000	368.195160	4.868510
1064.000000	368.522339	4.843653
1065.000000	368.866608	4.817131
1066.000000	369.196655	4.788479
1067.000000	369.530182	4.761415
1068.000000	369.857697	4.735590
1069.000000	370.199097	4.707558
1070.000000	370.523071	4.680611
1071.000000	370.853027	4.654553
1072.000000	371.190552	4.625360
1073.000000	371.530487	4.597018
1074.000000	371.848785	4.570263
1075.000000	372.180389	4.544517
1076.000000	372.528229	4.516794
1077.000000	372.850830	4.488762
1078.000000	373.182281	4.461582
1079.000000	373.507782	4.433937
1080.000000	373.843842	4.401995
1081.000000	374.170441	4.373537
1082.000000	374.515259	4.350887
1083.000000	374.843567	4.318906
1084.000000	375.172852	4.292925
1085.000000	375.511780	4.262958
1086.000000	375.850006	4.236746
1087.000000	376.169067	4.208752
1088.000000	376.516815	4.180527
1089.000000	376.839722	4.151720
1090.000000	377.179108	4.125701
1091.000000	377.509796	4.095502
1092.000000	377.846558	4.067315
1093.000000	378.177734	4.042380
1094.000000	378.512512	4.011483
1095.000000	378.850250	3.984226
1096.000000	379.187805	3.957124
1097.000000	379.524536	3.931105
1098.000000	379.852264	3.903575
1099.000000	380.189117	3.877131
1100.000000	380.521271	3.850725
1101.000000	380.858398	3.821455
1102.000000	381.194702	3.793849
1103.000000	381.536011	3.767365
1104.000000	381.875153	3.744560
1105.000000	382.204712	3.715599
1106.000000	382.532471	3.691090
1107.000000	382.864471	3.666775
1108.000000	383.209076	3.640525
1109.000000	383.543243	3.613538
1110.000000	383.882599	3.587326
1111.000000	384.213684	3.565256
1112.000000	384.548706	3.542103
1113.000000	384.887817	3.517865
1114.000000	385.228699	3.494054
1115.000000	385.564972	3.470551
1116.000000	385.899170	3.450302
1117.000000	386.233154	3.427149
1118.000000	386.563080	3.404073
1119.000000	386.888855	3.383862
1120.000000	387.230560	3.364813
1121.000000	387.553314	3.344214
1122.000000	387.891357	3.322648
1123.000000	388.220673	3.301818
1124.000000	388.557892	3.282963
1125.000000	388.888062	3.266778
1126.000000	389.211945	3.248348
1127.000000	389.553650	3.229724
1128.000000	389.882324	3.214896
1129.000000	390.199402	3.195614
1130.000000	390.551147	3.180011
1131.000000	390.877167	3.167388
1132.000000	391.205536	3.151437
1133.000000	391.542389	3.138660
1134.000000	391.874939	3.123289
1135.000000	392.202789	3.107143
1136.000000	392.539520	3.093475
1137.000000	392.866364	3.082789
1138.000000	393.199951	3.071639
1139.000000	393.523895	3.062153
1140.000000	393.863770	3.051621
1141.000000	394.192535	3.040277
1142.000000	394.525909	3.030210
1143.000000	394.861298	3.020453
1144.000000	395.196869	3.012090
1145.000000	395.527496	3.001326
1146.000000	395.865326	2.994473
1147.000000	396.202637	2.986730
1148.000000	396.534363	2.978018
1149.000000	396.857697	2.971281
1150.000000	397.205536	2.964195
1151.000000	397.541321	2.961214
1152.000000	397.879669	2.954245
1153.000000	398.214905	2.947431
1154.000000	398.554230	2.938835
1155.000000	398.888428	2.934808
1156.000000	399.220490	2.925361
1157.000000	399.560516	2.922806
1158.000000	399.887909	2.920289
1159.000000	400.230713	2.914249
1160.000000	400.572021	2.909758
1161.000000	400.915649	2.904144
1162.000000	401.243195	2.899343
1163.000000	401.578461	2.895703
1164.000000	401.921387	2.891521
1165.000000	402.234039	2.886178
1166.000000	402.582520	2.883855
1167.000000	402.913574	2.880448
1168.000000	403.245361	2.875453
1169.000000	403.577332	2.872588
1170.000000	403.903259	2.870149
1171.000000	404.247253	2.867090
1172.000000	404.579712	2.864070
1173.000000	404.911652	2.861011
1174.000000	405.244751	2.857410
1175.000000	405.572632	2.855049
1176.000000	405.909149	2.850403
1177.000000	406.216339	2.848583
1178.000000	406.566040	2.847654
1179.000000	406.895660	2.843163
1180.000000	407.222565	2.839872
1181.000000	407.552185	2.835574
1182.000000	407.884186	2.833328
1183.000000	408.210510	2.829882
1184.000000	408.546753	2.826940
1185.000000	408.868866	2.826049
1186.000000	409.197815	2.824346
1187.000000	409.526428	2.821171
1188.000000	409.863892	2.817221
1189.000000	410.189453	2.813466
1190.000000	410.532166	2.809361
1191.000000	410.864258	2.806806
1192.000000	411.181915	2.804444
1193.000000	411.521667	2.800689
1194.000000	411.857605	2.799643
1195.000000	412.177612	2.799295
1196.000000	412.515656	2.797823
1197.000000	412.845581	2.794532
1198.000000	413.180542	2.792480
1199.000000	413.492126	2.787098
1200.000000	413.838409	2.785240
1201.000000	414.184662	2.784620
1202.000000	414.514008	2.780400
1203.000000	414.857178	2.778929
1204.000000	415.166748	2.777535
1205.000000	415.514160	2.775174
1206.000000	415.845551	2.773586
1207.000000	416.179077	2.772772
1208.000000	416.504974	2.771262
1209.000000	416.845551	2.769211
1210.000000	417.186127	2.767469
1211.000000	417.522827	2.765688
1212.000000	417.854340	2.763403
1213.000000	418.175720	2.761196
1214.000000	418.494263	2.759144
1215.000000	418.843262	2.756473
1216.000000	419.175293	2.755350
1217.000000	419.514832	2.754382
1218.000000	419.841187	2.750858
1219.000000	420.179779	2.749852
1220.000000	420.507080	2.746677
1221.000000	420.835571	2.744547
1222.000000	421.182709	2.743154
1223.000000	421.508087	2.740985
1224.000000	421.844666	2.738507
1225.000000	422.164886	2.734558
1226.000000	422.510925	2.733474
1227.000000	422.845062	2.732351
1228.000000	423.173462	2.731461
1229.000000	423.512329	2.729176
1230.000000	423.841583	2.726892
1231.000000	424.161743	2.724917
1232.000000	424.515137	2.723485
1233.000000	424.834351	2.722826
1234.000000	425.166504	2.720232
1235.000000	425.511719	2.717793
1236.000000	425.820313	2.716283
1237.000000	426.151062	2.713921
1238.000000	426.507202	2.711869
1239.000000	426.841492	2.709507
1240.000000	427.178070	2.707377
1241.000000	427.521667	2.704783
1242.000000	427.847443	2.702229
1243.000000	428.183472	2.702577
1244.000000	428.509369	2.702809
1245.000000	428.832458	2.699673
1246.000000	429.196869	2.696730
1247.000000	429.535889	2.694950
1248.000000	429.871704	2.693053
1249.000000	430.206482	2.690420
1250.000000	430.549316	2.687477
1251.000000	430.900818	2.685580
1252.000000	431.219360	2.683566
1253.000000	431.565063	2.681746
1254.000000	431.903931	2.681088
1255.000000	432.241943	2.679965
1256.000000	432.572937	2.676945
1257.000000	432.912384	2.674855
1258.000000	433.253174	2.675087
1259.000000	433.582764	2.672919
1260.000000	433.905212	2.673577
1261.000000	434.253052	2.671331
1262.000000	434.580505	2.671796
1263.000000	434.924835	2.669550
1264.000000	435.262329	2.669240
1265.000000	435.590424	2.666182
1266.000000	435.923340	2.665175
1267.000000	436.254578	2.663278
1268.000000	436.603394	2.661884
1269.000000	436.917267	2.659174
1270.000000	437.258667	2.657857
1271.000000	437.565033	2.658670
1272.000000	437.926514	2.655766
1273.000000	438.259308	2.653560
1274.000000	438.598083	2.650965
1275.000000	438.920929	2.651701
1276.000000	439.268799	2.649610
1277.000000	439.600769	2.647945
1278.000000	439.930756	2.645661
1279.000000	440.263275	2.644886
1280.000000	440.597900	2.643028
1281.000000	440.923126	2.640860
1282.000000	441.256195	2.639582
1283.000000	441.601318	2.637182
1284.000000	441.928162	2.635517
1285.000000	442.265167	2.635246
1286.000000	442.601654	2.632535
1287.000000	442.941650	2.631529
1288.000000	443.268646	2.630367
1289.000000	443.592560	2.626961
1290.000000	443.920044	2.626108
1291.000000	444.251648	2.625683
1292.000000	444.584259	2.624250
1293.000000	444.921661	2.623321
1294.000000	445.246521	2.620340
1295.000000	445.577637	2.618017
1296.000000	445.906525	2.614261
1297.000000	446.240662	2.614029
1298.000000	446.575378	2.612519
1299.000000	446.901642	2.610002
1300.000000	447.236908	2.608376
1301.000000	447.554718	2.607020
1302.000000	447.895691	2.606362
1303.000000	448.226685	2.604001
1304.000000	448.556030	2.602645
1305.000000	448.881836	2.601368
1306.000000	449.199585	2.600477
1307.000000	449.524109	2.600322
1308.000000	449.878357	2.597651
1309.000000	450.196564	2.597263
1310.000000	450.528595	2.593895
1311.000000	450.849609	2.592966
1312.000000	451.178741	2.593701
1313.000000	451.513275	2.590836
1314.000000	451.844269	2.590023
1315.000000	452.179626	2.587584
1316.000000	452.526367	2.585532
1317.000000	452.853760	2.583790
1318.000000	453.193970	2.583093
1319.000000	453.511505	2.580731
1320.000000	453.847534	2.578601
1321.000000	454.173706	2.579492
1322.000000	454.505371	2.577246
1323.000000	454.848328	2.575581
1324.000000	455.186401	2.575155
1325.000000	455.524292	2.573955
1326.000000	455.860931	2.570354
1327.000000	456.205414	2.570896
1328.000000	456.520020	2.569657
1329.000000	456.859985	2.570741
1330.000000	457.211426	2.567102
1331.000000	457.538666	2.566405
1332.000000	457.869476	2.564159
1333.000000	458.198425	2.564740
1334.000000	458.530212	2.561294
1335.000000	458.865234	2.560713
1336.000000	459.201752	2.560132
1337.000000	459.549438	2.557035
1338.000000	459.885284	2.556028
1339.000000	460.219604	2.555873
1340.000000	460.543884	2.553163
1341.000000	460.880646	2.552079
1342.000000	461.211945	2.551847
1343.000000	461.538116	2.550376
1344.000000	461.865265	2.549098
1345.000000	462.183838	2.549485
1346.000000	462.536865	2.547588
1347.000000	462.862183	2.544607
1348.000000	463.195496	2.543600
1349.000000	463.518188	2.542671
1350.000000	463.856567	2.538373
1351.000000	464.184082	2.538722
1352.000000	464.518646	2.534889
1353.000000	464.845459	2.535276
1354.000000	465.186279	2.532836
1355.000000	465.521759	2.531752
1356.000000	465.848022	2.530359
1357.000000	466.183472	2.531404
1358.000000	466.518158	2.528229
1359.000000	466.837433	2.528655
1360.000000	467.196716	2.527571
1361.000000	467.527710	2.525751
1362.000000	467.859131	2.524086
1363.000000	468.188843	2.521995
1364.000000	468.533051	2.520601
1365.000000	468.870789	2.520950
1366.000000	469.199341	2.519982
1367.000000	469.526123	2.516729
1368.000000	469.882446	2.516187
1369.000000	470.204224	2.516342
1370.000000	470.549408	2.514174
1371.000000	470.903503	2.510883
1372.000000	471.228638	2.509954
1373.000000	471.566040	2.510070
1374.000000	471.898773	2.507476
1375.000000	472.237915	2.507011
1376.000000	472.563171	2.504882
1377.000000	472.907806	2.504456
1378.000000	473.240814	2.500661
1379.000000	473.578796	2.503023
1380.000000	473.903442	2.497912
1381.000000	474.233673	2.497874
1382.000000	474.564453	2.497293
1383.000000	474.914093	2.495744
1384.000000	475.260925	2.495667
1385.000000	475.583008	2.492376
1386.000000	475.916046	2.492724
1387.000000	476.244568	2.490827
1388.000000	476.588745	2.490246
1389.000000	476.913452	2.488426
1390.000000	477.255219	2.484361
1391.000000	477.570740	2.482309
1392.000000	477.923950	2.483548
1393.000000	478.290375	2.481767
1394.000000	478.628998	2.481263
1395.000000	478.962250	2.479947
1396.000000	479.272461	2.477082
1397.000000	479.621094	2.478437
1398.000000	479.972595	2.477585
1399.000000	480.302612	2.476540
1400.000000	480.631470	2.475610
1401.000000	480.970581	2.474101
1402.000000	481.302765	2.474604
1403.000000	481.636719	2.473636
1404.000000	481.957062	2.472165
1405.000000	482.290314	2.471972
1406.000000	482.626801	2.470655
1407.000000	482.959991	2.470810
1408.000000	483.279785	2.466241
1409.000000	483.617279	2.466551
1410.000000	483.945831	2.464925
1411.000000	484.272705	2.464731
1412.000000	484.609619	2.463647
1413.000000	484.943726	2.461866
1414.000000	485.256439	2.457762
1415.000000	485.595947	2.459001
1416.000000	485.934082	2.457026
1417.000000	486.260254	2.456252
1418.000000	486.585205	2.453774
1419.000000	486.912537	2.453271
1420.000000	487.240479	2.454006
1421.000000	487.580261	2.453232
1422.000000	487.913422	2.451257
1423.000000	488.255310	2.448702
1424.000000	488.607208	2.451296
1425.000000	488.940216	2.448315
1426.000000	489.270996	2.447424
1427.000000	489.617767	2.443978
1428.000000	489.950867	2.443204
1429.000000	490.288025	2.441694
1430.000000	490.630951	2.440648
1431.000000	490.961517	2.440803
1432.000000	491.295044	2.438016
1433.000000	491.650146	2.436196
1434.000000	491.996704	2.436041
1435.000000	492.328552	2.434957
1436.000000	492.650085	2.432285
1437.000000	492.988953	2.433486
1438.000000	493.341187	2.432866
1439.000000	493.675781	2.430349
1440.000000	494.010986	2.430698
1441.000000	494.357544	2.429226
1442.000000	494.684509	2.427639
1443.000000	495.039307	2.427329
1444.000000	495.370880	2.425238
1445.000000	495.719482	2.423728
1446.000000	496.053894	2.424115
1447.000000	496.389160	2.421831
1448.000000	496.715179	2.421250
1449.000000	497.037933	2.420825
1450.000000	497.377563	2.418617
1451.000000	497.722504	2.418114
1452.000000	498.045044	2.414242
1453.000000	498.387878	2.414707
1454.000000	498.716888	2.412655
1455.000000	499.041046	2.411416
1456.000000	499.372437	2.410990
1457.000000	499.710052	2.410138
1458.000000	500.033478	2.409325
1459.000000	500.356293	2.407544
1460.000000	500.700073	2.407854
1461.000000	501.024933	2.406770
1462.000000	501.349121	2.405221
1463.000000	501.677612	2.403556
1464.000000	502.002045	2.403633
1465.000000	502.344910	2.402975
1466.000000	502.670197	2.401194
1467.000000	502.989136	2.400652
1468.000000	503.330414	2.400265
1469.000000	503.665405	2.399027
1470.000000	503.981476	2.396626
1471.000000	504.325684	2.396394
1472.000000	504.653259	2.396858
1473.000000	504.978790	2.394419
1474.000000	505.314056	2.392754
1475.000000	505.629181	2.390857
1476.000000	505.968506	2.389541
1477.000000	506.296417	2.389657
1478.000000	506.626160	2.389192
1479.000000	506.959808	2.388069
1480.000000	507.307556	2.385359
1481.000000	507.632324	2.385669
1482.000000	507.969421	2.383694
1483.000000	508.314697	2.382378
1484.000000	508.644135	2.384159
1485.000000	508.987732	2.381835
1486.000000	509.315674	2.379203
1487.000000	509.657349	2.379629
1488.000000	509.985046	2.379861
1489.000000	510.317230	2.377460
1490.000000	510.655151	2.379009
1491.000000	511.002686	2.377654
1492.000000	511.348969	2.376105
1493.000000	511.683624	2.375989
1494.000000	512.028076	2.376105
1495.000000	512.351257	2.373821
1496.000000	512.680359	2.372659
1497.000000	513.040405	2.373705
1498.000000	513.371582	2.372233
1499.000000	513.713318	2.371343
1500.000000	514.043884	2.369987
1501.000000	514.382813	2.369639
1502.000000	514.707458	2.369407
1503.000000	515.054260	2.368478
1504.000000	515.379944	2.364374
1505.000000	515.704834	2.366038
1506.000000	516.072021	2.365613
1507.000000	516.408508	2.364025
1508.000000	516.736755	2.362360
1509.000000	517.063477	2.361857
1510.000000	517.409790	2.360192
1511.000000	517.734375	2.359882
1512.000000	518.073730	2.357598
1513.000000	518.401611	2.357830
1514.000000	518.730103	2.355004
1515.000000	519.064941	2.352758
1516.000000	519.391968	2.351790
1517.000000	519.722778	2.351171
1518.000000	520.038086	2.351403
1519.000000	520.363342	2.351519
1520.000000	520.711426	2.348886
1521.000000	521.045776	2.349041
1522.000000	521.377747	2.348460
1523.000000	521.703186	2.346989
1524.000000	522.015137	2.346408
1525.000000	522.347107	2.346331
1526.000000	522.680725	2.342420
1527.000000	523.012390	2.340716
1528.000000	523.360840	2.339981
1529.000000	523.683289	2.340484
1530.000000	524.023926	2.338432
1531.000000	524.356689	2.336961
1532.000000	524.658630	2.337464
1533.000000	525.017334	2.334947
1534.000000	525.359680	2.334444
1535.000000	525.691223	2.333128
1536.000000	526.016357	2.333166
1537.000000	526.347961	2.332199
1538.000000	526.694763	2.332314
1539.000000	527.029053	2.330689
1540.000000	527.362793	2.329527
1541.000000	527.700562	2.329682
1542.000000	528.041016	2.328636
1543.000000	528.362915	2.327320
1544.000000	528.700562	2.326546
1545.000000	529.028564	2.326159
1546.000000	529.364441	2.324649
1547.000000	529.705322	2.324455
1548.000000	530.030823	2.324417
1549.000000	530.354492	2.324765
1550.000000	530.702393	2.324301
1551.000000	531.032471	2.323604
1552.000000	531.364746	2.321319
1553.000000	531.700317	2.319538
1554.000000	532.023376	2.317951
1555.000000	532.338318	2.318493
1556.000000	532.696289	2.317951
1557.000000	533.029114	2.315976
1558.000000	533.353394	2.314969
1559.000000	533.688293	2.314543
1560.000000	534.033264	2.311949
1561.000000	534.341919	2.311756
1562.000000	534.672974	2.311523
1563.000000	535.012451	2.310865
1564.000000	535.341431	2.308232
1565.000000	535.679321	2.309239
1566.000000	535.999268	2.309161
1567.000000	536.313721	2.306180
1568.000000	536.665649	2.305832
1569.000000	537.004639	2.304709
1570.000000	537.339355	2.303741
1571.000000	537.671143	2.302696
1572.000000	538.007263	2.302734
1573.000000	538.347961	2.302850
1574.000000	538.675720	2.300876
1575.000000	539.015869	2.300179
1576.000000	539.348694	2.298436
1577.000000	539.694031	2.297391
1578.000000	540.031067	2.299637
1579.000000	540.355103	2.296229
1580.000000	540.685486	2.293558
1581.000000	541.020447	2.294642
1582.000000	541.356140	2.292435
1583.000000	541.684570	2.294216
1584.000000	542.024475	2.293171
1585.000000	542.361572	2.291429
1586.000000	542.677612	2.290499
1587.000000	543.012146	2.288757
1588.000000	543.336914	2.288951
1589.000000	543.695496	2.287634
1590.000000	544.045959	2.287015
1591.000000	544.393555	2.285892
1592.000000	544.725708	2.284111
1593.000000	545.068115	2.285543
1594.000000	545.400940	2.282794
1595.000000	545.734924	2.279155
1596.000000	546.066650	2.281439
1597.000000	546.411804	2.280704
1598.000000	546.760559	2.279542
1599.000000	547.087036	2.279503
1600.000000	547.420166	2.279078
1601.000000	547.764282	2.277490
1602.000000	548.092651	2.277877
1603.000000	548.429688	2.277877
1604.000000	548.758423	2.275786
1605.000000	549.085266	2.275670
1606.000000	549.408325	2.275167
1607.000000	549.756409	2.274315
1608.000000	550.094543	2.274238
1609.000000	550.415771	2.272147
1610.000000	550.760742	2.272108
1611.000000	551.091553	2.271411
1612.000000	551.413086	2.271217
1613.000000	551.742920	2.269940
1614.000000	552.068420	2.268856
1615.000000	552.399902	2.266997
1616.000000	552.735779	2.267694
1617.000000	553.058472	2.267268
1618.000000	553.392883	2.265874
1619.000000	553.727783	2.265758
1620.000000	554.065552	2.264597
1621.000000	554.389526	2.261073
1622.000000	554.717529	2.262312
1623.000000	555.048828	2.259989
1624.000000	555.373718	2.258092
1625.000000	555.703125	2.259679
1626.000000	556.030884	2.259215
1627.000000	556.362366	2.257782
1628.000000	556.690125	2.256388
1629.000000	557.013855	2.253716
1630.000000	557.366272	2.254336
1631.000000	557.711060	2.253717
1632.000000	558.037231	2.253871
1633.000000	558.374756	2.253098
1634.000000	558.714783	2.251278
1635.000000	559.049316	2.252594
1636.000000	559.387451	2.253562
1637.000000	559.718628	2.251626
1638.000000	560.058289	2.250775
1639.000000	560.389099	2.248529
1640.000000	560.715881	2.250930
1641.000000	561.048462	2.247058
1642.000000	561.393616	2.246438
1643.000000	561.737732	2.243109
1644.000000	562.058594	2.242450
1645.000000	562.383484	2.244618
1646.000000	562.738464	2.240669
1647.000000	563.080078	2.240321
1648.000000	563.420105	2.239585
1649.000000	563.748779	2.236758
1650.000000	564.085327	2.238927
1651.000000	564.404480	2.236410
1652.000000	564.762512	2.234823
1653.000000	565.112549	2.233545
1654.000000	565.461121	2.233777
1655.000000	565.794678	2.233042
1656.000000	566.122864	2.233196
1657.000000	566.473572	2.232538
1658.000000	566.813232	2.232229
1659.000000	567.148193	2.229634
1660.000000	567.498169	2.229208
1661.000000	567.841187	2.227505
1662.000000	568.166931	2.226305
1663.000000	568.503296	2.226885
1664.000000	568.842163	2.225337
1665.000000	569.163086	2.225646
1666.000000	569.500000	2.223246
1667.000000	569.834473	2.222123
1668.000000	570.164063	2.223710
1669.000000	570.498779	2.221077
1670.000000	570.826355	2.222742
1671.000000	571.154480	2.220032
1672.000000	571.483826	2.220342
1673.000000	571.815002	2.218058
1674.000000	572.152344	2.218328
1675.000000	572.486755	2.213566
1676.000000	572.808899	2.214341
1677.000000	573.147705	2.212095
1678.000000	573.463989	2.214225
1679.000000	573.793274	2.210430
1680.000000	574.121094	2.210508
1681.000000	574.440002	2.209191
1682.000000	574.760559	2.207449
1683.000000	575.068420	2.208223
1684.000000	575.395691	2.208804
1685.000000	575.726074	2.207565
1686.000000	576.046204	2.206210
1687.000000	576.363281	2.205590
1688.000000	576.683594	2.205513
1689.000000	576.996155	2.204429
1690.000000	577.325867	2.203887
1691.000000	577.641602	2.203461
1692.000000	577.940369	2.203538
1693.000000	578.275024	2.201525
1694.000000	578.600281	2.201602
1695.000000	578.925537	2.199860
1696.000000	579.255249	2.200170
1697.000000	579.587585	2.200402
1698.000000	579.934753	2.199008
1699.000000	580.273376	2.198544
1700.000000	580.611450	2.195640
1701.000000	580.954102	2.196608
1702.000000	581.287537	2.194556
1703.000000	581.623962	2.193820
1704.000000	581.953430	2.191768
1705.000000	582.291260	2.191807
1706.000000	582.633850	2.190993
1707.000000	582.967285	2.188670
1708.000000	583.312256	2.186928
1709.000000	583.649170	2.189251
1710.000000	583.992065	2.186734
1711.000000	584.317688	2.186386
1712.000000	584.654358	2.187083
1713.000000	584.991821	2.183559
1714.000000	585.336975	2.183327
1715.000000	585.667542	2.182011
1716.000000	586.002869	2.183095
1717.000000	586.334595	2.182243
1718.000000	586.669373	2.180191
1719.000000	587.001648	2.180578
1720.000000	587.334961	2.178952
1721.000000	587.673462	2.177830
1722.000000	588.017578	2.177636
1723.000000	588.354492	2.177326
1724.000000	588.715088	2.177326
1725.000000	589.054749	2.175429
1726.000000	589.433228	2.174732
1727.000000	589.808105	2.175662
1728.000000	590.198364	2.175468
1729.000000	590.574463	2.173377
1730.000000	590.937744	2.171247
1731.000000	591.307922	2.171712
1732.000000	591.711731	2.170396
1733.000000	592.075195	2.172099
1734.000000	592.460083	2.169738
1735.000000	592.820801	2.169583
1736.000000	593.172974	2.169079
1737.000000	593.512939	2.166601
1738.000000	593.910339	2.166679
1739.000000	594.253113	2.164472
1740.000000	594.605957	2.165904
1741.000000	594.961731	2.162962
1742.000000	595.298462	2.162497
1743.000000	595.644287	2.161839
1744.000000	595.972046	2.160329
1745.000000	596.303467	2.159671
1746.000000	596.618652	2.158741
1747.000000	596.917175	2.158664
1748.000000	597.212402	2.157967
1749.000000	597.516357	2.156070
1750.000000	597.835022	2.154289
1751.000000	598.167419	2.156070
1752.000000	598.454163	2.155412
1753.000000	598.769897	2.156147
1754.000000	599.080566	2.153437
1755.000000	599.411621	2.152740
1756.000000	599.735901	2.155102
1757.000000	600.074585	2.151850
1758.000000	600.400879	2.151114
1759.000000	600.720947	2.149100
1760.000000	601.073181	2.149100
1761.000000	601.402588	2.148868
1762.000000	601.736450	2.147281
1763.000000	602.088379	2.145926
1764.000000	602.426331	2.143332
1765.000000	602.769775	2.144260
1766.000000	603.111084	2.143835
1767.000000	603.440979	2.142131
1768.000000	603.783447	2.141125
1769.000000	604.118408	2.141783
1770.000000	604.452698	2.138376
1771.000000	604.810608	2.138608
1772.000000	605.133728	2.137679
1773.000000	605.474121	2.138027
1774.000000	605.805847	2.135278
1775.000000	606.146484	2.135278
1776.000000	606.490784	2.135239
1777.000000	606.820740	2.133033
1778.000000	607.151428	2.132994
1779.000000	607.469482	2.133923
1780.000000	607.803711	2.131755
1781.000000	608.122009	2.132452
1782.000000	608.447998	2.130826
1783.000000	608.776672	2.131058
1784.000000	609.089844	2.130671
1785.000000	609.420105	2.129586
1786.000000	609.753540	2.128077
1787.000000	610.088867	2.129122
1788.000000	610.411377	2.128154
1789.000000	610.750000	2.127457
1790.000000	611.068420	2.126876
1791.000000	611.407227	2.125405
1792.000000	611.742676	2.126683
1793.000000	612.059204	2.124631
1794.000000	612.394104	2.121533
1795.000000	612.727783	2.119481
1796.000000	613.058594	2.122423
1797.000000	613.388550	2.121881
1798.000000	613.705627	2.120487
1799.000000	614.029419	2.117545
1800.000000	614.367371	2.118552
1801.000000	614.682556	2.115609
1802.000000	615.046509	2.116267
1803.000000	615.378418	2.116654
1804.000000	615.721191	2.116693
1805.000000	616.042969	2.115183
1806.000000	616.382507	2.112899
1807.000000	616.700195	2.111660
1808.000000	617.012817	2.112241
1809.000000	617.361084	2.109337
1810.000000	617.683838	2.110111
1811.000000	618.019287	2.108988
1812.000000	618.390137	2.108833
1813.000000	618.716492	2.109221
1814.000000	619.028198	2.106317
1815.000000	619.373169	2.106936
1816.000000	619.701538	2.105194
1817.000000	620.045166	2.105697
1818.000000	620.363586	2.105813
1819.000000	620.710815	2.103916
1820.000000	621.034607	2.102910
1821.000000	621.343872	2.104148
1822.000000	621.685669	2.102407
1823.000000	622.000610	2.102175
1824.000000	622.316711	2.102832
1825.000000	622.630310	2.103374
1826.000000	622.959900	2.100742
1827.000000	623.287537	2.101013
1828.000000	623.611267	2.098806
1829.000000	623.910828	2.099658
1830.000000	624.208923	2.098767
1831.000000	624.494385	2.100239
1832.000000	624.779663	2.097567
1833.000000	625.079224	2.097296
1834.000000	625.363831	2.096367
1835.000000	625.670837	2.096483
1836.000000	625.975586	2.096599
1837.000000	626.284790	2.094005
1838.000000	626.602173	2.092224
1839.000000	626.925903	2.092882
1840.000000	627.241089	2.091681
1841.000000	627.564331	2.090907
1842.000000	627.898376	2.090288
1843.000000	628.208923	2.092146
1844.000000	628.546204	2.087345
1845.000000	628.880981	2.088816
1846.000000	629.216919	2.087616
1847.000000	629.570740	2.086377
1848.000000	629.943787	2.086725
1849.000000	630.316895	2.087461
1850.000000	630.670654	2.087074
1851.000000	631.019531	2.085138
1852.000000	631.389648	2.086106
1853.000000	631.755371	2.084402
1854.000000	632.101807	2.083667
1855.000000	632.442078	2.082854
1856.000000	632.813477	2.082776
1857.000000	633.172424	2.081499
1858.000000	633.523682	2.080763
1859.000000	633.863953	2.080995
1860.000000	634.217285	2.080918
1861.000000	634.555298	2.078827
1862.000000	634.897705	2.078943
1863.000000	635.248535	2.080415
1864.000000	635.589478	2.079872
1865.000000	635.928223	2.078479
1866.000000	636.271240	2.078595
1867.000000	636.596680	2.078130
1868.000000	636.947266	2.077278
1869.000000	637.287598	2.077046
1870.000000	637.610657	2.074839
1871.000000	637.940735	2.073213
1872.000000	638.260864	2.073677
1873.000000	638.616150	2.072322
1874.000000	638.966431	2.073213
1875.000000	639.290894	2.072942
1876.000000	639.627380	2.071664
1877.000000	639.976563	2.070154
1878.000000	640.304871	2.070077
1879.000000	640.622070	2.069844
1880.000000	640.957703	2.067947
1881.000000	641.302734	2.069263
1882.000000	641.628479	2.066901
1883.000000	641.969482	2.067522
1884.000000	642.289307	2.065701
1885.000000	642.618225	2.064230
1886.000000	642.916687	2.065740
1887.000000	643.264954	2.064308
1888.000000	643.599121	2.062914
1889.000000	643.915833	2.063804
1890.000000	644.234436	2.062565
1891.000000	644.575745	2.060320
1892.000000	644.902588	2.059391
1893.000000	645.221436	2.060823
1894.000000	645.553528	2.058229
1895.000000	645.871460	2.058229
1896.000000	646.218079	2.059546
1897.000000	646.559631	2.056642
1898.000000	646.894775	2.057571
1899.000000	647.207886	2.055867
1900.000000	647.555298	2.057300
1901.000000	647.901367	2.056564
1902.000000	648.229370	2.055635
1903.000000	648.578796	2.055441
1904.000000	648.913330	2.054706
1905.000000	649.243225	2.055364
1906.000000	649.575073	2.054706
1907.000000	649.883789	2.052886
1908.000000	650.223328	2.052305
1909.000000	650.557739	2.052770
1910.000000	650.899170	2.052382
1911.000000	651.230103	2.050911
1912.000000	651.551941	2.047775
1913.000000	651.868958	2.050137
1914.000000	652.203186	2.049556
1915.000000	652.536011	2.047697
1916.000000	652.863525	2.047813
1917.000000	653.192688	2.046884
1918.000000	653.496033	2.047155
1919.000000	653.837158	2.047271
1920.000000	654.187988	2.044948
1921.000000	654.514709	2.045878
1922.000000	654.851135	2.043516
1923.000000	655.174805	2.042045
1924.000000	655.507263	2.043051
1925.000000	655.837891	2.041696
1926.000000	656.158936	2.041348
1927.000000	656.450684	2.040225
1928.000000	656.746460	2.039450
1929.000000	657.077087	2.039721
1930.000000	657.403992	2.040225
1931.000000	657.709412	2.036624
1932.000000	658.029663	2.039257
1933.000000	658.356995	2.037902
1934.000000	658.670349	2.038947
1935.000000	659.017822	2.038521
1936.000000	659.351318	2.037514
1937.000000	659.696289	2.038095
1938.000000	660.013916	2.035191
1939.000000	660.324219	2.034146
1940.000000	660.650757	2.035036
1941.000000	660.998596	2.036237
1942.000000	661.340515	2.033371
1943.000000	661.683167	2.032713
1944.000000	662.028809	2.033333
1945.000000	662.376282	2.031823
1946.000000	662.693665	2.033526
1947.000000	663.035645	2.032171
1948.000000	663.383545	2.031397
1949.000000	663.713135	2.029461
1950.000000	664.041565	2.031900
1951.000000	664.370850	2.030042
1952.000000	664.723267	2.028881
1953.000000	665.035156	2.027990
1954.000000	665.329407	2.029036
1955.000000	665.611023	2.027410
1956.000000	665.931030	2.028068
1957.000000	666.217957	2.025938
1958.000000	666.531372	2.026751
1959.000000	666.850342	2.028416
1960.000000	667.164307	2.026364
1961.000000	667.469116	2.027293
1962.000000	667.795044	2.026635
1963.000000	668.115051	2.024312
1964.000000	668.414063	2.021408
1965.000000	668.737122	2.021757
1966.000000	669.059570	2.023305
1967.000000	669.379822	2.022028
1968.000000	669.696838	2.020982
1969.000000	670.022156	2.022376
1970.000000	670.343262	2.017575
1971.000000	670.686462	2.020130
1972.000000	671.018616	2.018466
1973.000000	671.345947	2.017923
1974.000000	671.692078	2.017536
1975.000000	672.010559	2.016685
1976.000000	672.355835	2.017265
1977.000000	672.679382	2.017188
1978.000000	673.007446	2.014903
1979.000000	673.343994	2.014207
1980.000000	673.674866	2.012851
1981.000000	674.014404	2.013393
1982.000000	674.322266	2.011767
1983.000000	674.676086	2.012154
1984.000000	675.011658	2.013432
1985.000000	675.345215	2.011728
1986.000000	675.675964	2.010451
1987.000000	676.007324	2.009715
1988.000000	676.349731	2.009986
1989.000000	676.687744	2.009018
1990.000000	677.027344	2.008321
1991.000000	677.356750	2.007973
1992.000000	677.669006	2.008708
1993.000000	678.013916	2.008360
1994.000000	678.354187	2.007508
1995.000000	678.700684	2.006889
1996.000000	679.025574	2.008050
1997.000000	679.353149	2.005301
1998.000000	679.663086	2.005456
1999.000000	679.992126	2.005727
2000.000000	680.304932	2.005417
2001.000000	680.665649	2.006114
2002.000000	681.010742	2.004527
2003.000000	681.336365	2.002668
2004.000000	681.665405	2.003443
2005.000000	681.997864	2.004953
2006.000000	682.338501	2.003172
2007.000000	682.669983	2.001778
2008.000000	683.012634	2.002165
2009.000000	683.341187	2.001352
2010.000000	683.675537	2.000965
2011.000000	683.999512	2.001313
2012.000000	684.333984	2.001739
2013.000000	684.672485	2.001313
2014.000000	684.986572	1.999493
2015.000000	685.330688	1.998951
2016.000000	685.666809	1.997867
2017.000000	685.987915	1.997790
2018.000000	686.324829	1.997519
2019.000000	686.672668	1.995274
2020.000000	687.026917	1.995389
2021.000000	687.360718	1.996706
2022.000000	687.688477	1.994538
2023.000000	688.014343	1.994034
2024.000000	688.343750	1.993260
2025.000000	688.688904	1.994383
2026.000000	689.028625	1.992408
2027.000000	689.372314	1.991943
2028.000000	689.697876	1.991557
2029.000000	690.041260	1.991944
2030.000000	690.372314	1.990047
2031.000000	690.702332	1.990008
2032.000000	691.034302	1.990008
2033.000000	691.362061	1.987723
2034.000000	691.682861	1.988885
2035.000000	692.021240	1.986329
2036.000000	692.354492	1.986871
2037.000000	692.688904	1.987220
2038.000000	693.016235	1.985942
2039.000000	693.347900	1.987801
2040.000000	693.680176	1.986639
2041.000000	694.006653	1.985323
2042.000000	694.339233	1.985904
2043.000000	694.664978	1.984781
2044.000000	695.012634	1.983696
2045.000000	695.351135	1.984587
2046.000000	695.675598	1.984045
2047.000000	696.013855	1.982883
2048.000000	696.328735	1.984432
2049.000000	696.678955	1.982961
2050.000000	696.997070	1.981451
2051.000000	697.332520	1.982612
2052.000000	697.665222	1.981218
2053.000000	698.012695	1.981451
2054.000000	698.367188	1.980793
2055.000000	698.698730	1.981606
2056.000000	699.015808	1.981025
2057.000000	699.349060	1.979244
2058.000000	699.702393	1.979205
2059.000000	700.060913	1.978741
2060.000000	700.394470	1.978934
2061.000000	700.718933	1.979592
2062.000000	701.054749	1.977386
2063.000000	701.384949	1.976843
2064.000000	701.713745	1.977463
2065.000000	702.048462	1.977386
2066.000000	702.377441	1.976727
2067.000000	702.711121	1.974946
2068.000000	703.043274	1.977076
2069.000000	703.331665	1.974946
2070.000000	703.695313	1.974946
2071.000000	704.047363	1.974443
2072.000000	704.372986	1.974714
2073.000000	704.710266	1.975217
2074.000000	705.084351	1.971578
2075.000000	705.432739	1.973978
2076.000000	705.763123	1.970610
2077.000000	706.076782	1.970610
2078.000000	706.399719	1.972197
2079.000000	706.726013	1.971616
2080.000000	707.039551	1.971423
2081.000000	707.354431	1.970881
2082.000000	707.699219	1.971035
2083.000000	708.021484	1.968016
2084.000000	708.350403	1.969835
2085.000000	708.704407	1.967396
2086.000000	709.020508	1.967977
2087.000000	709.345215	1.967473
2088.000000	709.665039	1.967667
2089.000000	709.978333	1.965421
2090.000000	710.315735	1.965073
2091.000000	710.658508	1.966931
2092.000000	710.997986	1.967202
2093.000000	711.345764	1.965693
2094.000000	711.682068	1.961162
2095.000000	712.019592	1.962169
2096.000000	712.348511	1.962556
2097.000000	712.673645	1.963563
2098.000000	713.003540	1.961240
2099.000000	713.345947	1.961937
2100.000000	713.686035	1.963679
2101.000000	714.016907	1.962130
2102.000000	714.345703	1.961666
2103.000000	714.682068	1.963331
2104.000000	715.041321	1.960930
2105.000000	715.442261	1.961240
2106.000000	715.803040	1.961201
2107.000000	716.184204	1.960504
2108.000000	716.582031	1.959730
2109.000000	716.942078	1.959265
2110.000000	717.229675	1.957949
2111.000000	717.526733	1.958375
2112.000000	717.852295	1.958065
2113.000000	718.174988	1.958181
2114.000000	718.489624	1.958491
2115.000000	718.817810	1.958452
2116.000000	719.184143	1.958723
2117.000000	719.563049	1.957756
2118.000000	719.931152	1.956284
2119.000000	720.290100	1.955897
2120.000000	720.639648	1.956052
2121.000000	720.978149	1.957523
2122.000000	721.326660	1.956981
2123.000000	721.682800	1.955355
2124.000000	722.025879	1.955471
2125.000000	722.353455	1.955858
2126.000000	722.703430	1.953535
2127.000000	723.052002	1.955007
2128.000000	723.384521	1.955626
2129.000000	723.721130	1.951987
2130.000000	724.061951	1.951599
2131.000000	724.383911	1.953652
2132.000000	724.729492	1.951483
2133.000000	725.047241	1.953419
2134.000000	725.382874	1.951483
2135.000000	725.708435	1.952064
2136.000000	726.030457	1.952838
2137.000000	726.324097	1.951561
2138.000000	726.670837	1.949934
2139.000000	726.963318	1.951870
2140.000000	727.247559	1.950244
2141.000000	727.541809	1.951328
2142.000000	727.834412	1.950283
2143.000000	728.140564	1.950051
2144.000000	728.432617	1.951987
2145.000000	728.741394	1.948657
2146.000000	729.067444	1.947263
2147.000000	729.378845	1.948967
2148.000000	729.678223	1.948657
2149.000000	729.988037	1.949315
2150.000000	730.293884	1.948812
2151.000000	730.625671	1.949741
2152.000000	730.952026	1.947147
2153.000000	731.277039	1.946450
2154.000000	731.589233	1.945675
2155.000000	731.906494	1.946140
2156.000000	732.248657	1.945869
2157.000000	732.575623	1.945327
2158.000000	732.912720	1.943817
2159.000000	733.236694	1.943430
2160.000000	733.552368	1.945133
2161.000000	733.876282	1.944940
2162.000000	734.227844	1.942849
2163.000000	734.629700	1.943623
2164.000000	735.024719	1.943043
2165.000000	735.407593	1.942500
2166.000000	735.788574	1.941610
2167.000000	736.142334	1.940990
2168.000000	736.502930	1.939597
2169.000000	736.831299	1.938861
2170.000000	737.229553	1.940177
2171.000000	737.577637	1.939519
2172.000000	737.929688	1.940990
2173.000000	738.271362	1.939635
2174.000000	738.605652	1.938745
2175.000000	738.959167	1.937893
2176.000000	739.289551	1.937428
2177.000000	739.624268	1.937777
2178.000000	739.958740	1.937970
2179.000000	740.296387	1.937699
2180.000000	740.647705	1.935609
2181.000000	740.973572	1.936383
2182.000000	741.310608	1.937119
2183.000000	741.641846	1.937699
2184.000000	741.963440	1.935918
2185.000000	742.287964	1.934176
2186.000000	742.611206	1.935493
2187.000000	742.937988	1.935454
2188.000000	743.267578	1.936422
2189.000000	743.617310	1.933905
2190.000000	743.935974	1.933711
2191.000000	744.265686	1.934447
2192.000000	744.608398	1.934757
2193.000000	744.931580	1.933479
2194.000000	745.277771	1.932317
2195.000000	745.567932	1.932279
2196.000000	745.905457	1.932976
2197.000000	746.239990	1.931969
2198.000000	746.579590	1.931117
2199.000000	746.905701	1.931311
2200.000000	747.238892	1.932240
2201.000000	747.547302	1.932085
2202.000000	747.893982	1.929491
2203.000000	748.251770	1.929452
2204.000000	748.568115	1.929491
2205.000000	748.900635	1.928291
2206.000000	749.237915	1.927478
2207.000000	749.572754	1.929878
2208.000000	749.905884	1.929104
2209.000000	750.232727	1.926548
2210.000000	750.566650	1.928329
2211.000000	750.909058	1.927555
2212.000000	751.242432	1.926664
2213.000000	751.609619	1.926161
2214.000000	751.923096	1.925696
2215.000000	752.243835	1.925735
2216.000000	752.589783	1.923722
2217.000000	752.905762	1.923064
2218.000000	753.248779	1.922251
2219.000000	753.573730	1.919967
2220.000000	753.904602	1.918805
2221.000000	754.234375	1.921167
2222.000000	754.571045	1.919541
2223.000000	754.894043	1.919889
2224.000000	755.224121	1.919967
2225.000000	755.552490	1.917682
2226.000000	755.866943	1.916908
2227.000000	756.187927	1.917450
2228.000000	756.510986	1.918612
2229.000000	756.850098	1.916985
2230.000000	757.180908	1.915901
2231.000000	757.499695	1.916056
2232.000000	757.832581	1.914507
2233.000000	758.169312	1.914004
2234.000000	758.505127	1.913810
2235.000000	758.823730	1.911758
2236.000000	759.172852	1.914740
2237.000000	759.472107	1.912455
2238.000000	759.837341	1.913462
2239.000000	760.172119	1.912029
2240.000000	760.489014	1.912920
2241.000000	760.824158	1.913307
2242.000000	761.168823	1.913926
2243.000000	761.492310	1.910597
2244.000000	761.837280	1.913965
2245.000000	762.170166	1.910906
2246.000000	762.514832	1.912378
2247.000000	762.848877	1.910597
2248.000000	763.195190	1.910868
2249.000000	763.531799	1.910442
2250.000000	763.874207	1.909900
2251.000000	764.197021	1.909087
2252.000000	764.542725	1.909241
2253.000000	764.870300	1.910635
2254.000000	765.195557	1.909280
2255.000000	765.526978	1.910364
2256.000000	765.852539	1.908816
2257.000000	766.196777	1.908351
2258.000000	766.519714	1.907809
2259.000000	766.843750	1.906880
2260.000000	767.179932	1.906957
2261.000000	767.523987	1.909938
2262.000000	767.856873	1.907925
2263.000000	768.194031	1.907654
2264.000000	768.513367	1.905641
2265.000000	768.839233	1.905021
2266.000000	769.182861	1.905989
2267.000000	769.502319	1.905951
2268.000000	769.827454	1.904673
2269.000000	770.178345	1.905254
2270.000000	770.509827	1.906686
2271.000000	770.850342	1.905796
2272.000000	771.179871	1.904402
2273.000000	771.501831	1.904905
2274.000000	771.819336	1.903937
2275.000000	772.162292	1.904324
2276.000000	772.483582	1.901033
2277.000000	772.830566	1.902427
2278.000000	773.165955	1.901149
2279.000000	773.494141	1.902659
2280.000000	773.839539	1.902388
2281.000000	774.171265	1.902969
2282.000000	774.503174	1.898826
2283.000000	774.849915	1.901885
2284.000000	775.178162	1.899523
2285.000000	775.517334	1.898400
2286.000000	775.846924	1.901575
2287.000000	776.185547	1.900491
2288.000000	776.514893	1.898942
2289.000000	776.852295	1.898904
2290.000000	777.186951	1.899484
2291.000000	777.498962	1.900220
2292.000000	777.839600	1.898245
2293.000000	778.155945	1.897316
2294.000000	778.486328	1.897665
2295.000000	778.822327	1.895961
2296.000000	779.147339	1.896503
2297.000000	779.474915	1.896658
2298.000000	779.788940	1.898284
2299.000000	780.126221	1.896697
2300.000000	780.454956	1.897974
2301.000000	780.778503	1.895070
2302.000000	781.106201	1.893522
2303.000000	781.461975	1.894606
2304.000000	781.803711	1.895612
2305.000000	782.133484	1.895961
2306.000000	782.461914	1.894219
2307.000000	782.789490	1.895303
2308.000000	783.109924	1.894296
2309.000000	783.448669	1.894877
2310.000000	783.770691	1.892167
2311.000000	784.105713	1.892631
2312.000000	784.430298	1.893677
2313.000000	784.746826	1.891702
2314.000000	785.093933	1.892012
2315.000000	785.426514	1.892360
2316.000000	785.770996	1.891315
2317.000000	786.101135	1.891121
2318.000000	786.412720	1.888837
2319.000000	786.760620	1.890966
2320.000000	787.100830	1.889689
2321.000000	787.440552	1.889611
2322.000000	787.793457	1.891547
2323.000000	788.118286	1.889882
2324.000000	788.450439	1.891470
2325.000000	788.782471	1.891044
2326.000000	789.103760	1.888953
2327.000000	789.437195	1.888992
2328.000000	789.744751	1.888875
2329.000000	790.081787	1.888682
2330.000000	790.421753	1.889611
2331.000000	790.745117	1.888411
2332.000000	791.065002	1.887598
2333.000000	791.424561	1.887249
2334.000000	791.744568	1.887482
2335.000000	792.075928	1.887404
2336.000000	792.415527	1.888566
2337.000000	792.732178	1.886785
2338.000000	793.069092	1.885430
2339.000000	793.404297	1.885972
2340.000000	793.726013	1.885352
2341.000000	794.040344	1.885894
2342.000000	794.383545	1.884849
2343.000000	794.714233	1.885197
2344.000000	795.030396	1.885313
2345.000000	795.338135	1.885004
2346.000000	795.724182	1.883688
2347.000000	796.039429	1.884462
2348.000000	796.364502	1.883959
2349.000000	796.698120	1.883030
2350.000000	797.025391	1.883804
2351.000000	797.371033	1.883920
2352.000000	797.714355	1.882991
2353.000000	798.047363	1.882217
2354.000000	798.370972	1.883765
2355.000000	798.714050	1.883455
2356.000000	799.032227	1.882449
2357.000000	799.353149	1.882255
2358.000000	799.681824	1.881752
2359.000000	800.014465	1.881713
2360.000000	800.352783	1.880048
2361.000000	800.674561	1.880010
2362.000000	801.017151	1.879545
2363.000000	801.343262	1.879235
2364.000000	801.681274	1.879622
2365.000000	802.018066	1.880474
2366.000000	802.351318	1.879313
2367.000000	802.689758	1.880281
2368.000000	803.020020	1.879661
2369.000000	803.355774	1.879042
2370.000000	803.693604	1.879816
2371.000000	804.006348	1.878964
2372.000000	804.353149	1.878964
2373.000000	804.682495	1.878887
2374.000000	805.022949	1.877570
2375.000000	805.326721	1.875712
2376.000000	805.658386	1.878538
2377.000000	806.000000	1.878422
2378.000000	806.332092	1.878693
2379.000000	806.675903	1.877996
2380.000000	807.013184	1.876835
2381.000000	807.341309	1.876447
2382.000000	807.673767	1.874240
2383.000000	808.006653	1.875673
2384.000000	808.352295	1.874937
2385.000000	808.672119	1.874550
2386.000000	809.016541	1.874705
2387.000000	809.339111	1.873815
2388.000000	809.664307	1.876293
2389.000000	810.000488	1.875208
