0.000000	22.822525	10.086945
1.000000	22.830902	10.088184
2.000000	22.827623	10.086326
3.000000	22.831873	10.088533
4.000000	22.841339	10.088030
5.000000	22.851536	10.087952
6.000000	22.866587	10.088300
7.000000	22.876297	10.089113
8.000000	22.897903	10.088030
9.000000	22.924488	10.087914
10.000000	22.937355	10.088650
11.000000	22.969521	10.087023
12.000000	23.002052	10.087605
13.000000	23.036280	10.087797
14.000000	23.071239	10.090585
15.000000	23.107897	10.087564
16.000000	23.151230	10.088263
17.000000	23.196386	10.088455
18.000000	23.251251	10.087914
19.000000	23.296408	10.087449
20.000000	23.345081	10.087061
21.000000	23.401402	10.087215
22.000000	23.458939	10.089617
23.000000	23.511621	10.087797
24.000000	23.577166	10.086751
25.000000	23.631908	10.087486
26.000000	23.694544	10.086326
27.000000	23.759605	10.085861
28.000000	23.829279	10.085010
29.000000	23.893007	10.085513
30.000000	23.961710	10.084816
31.000000	24.036240	10.084157
32.000000	24.117689	10.084468
33.000000	24.184084	10.086132
34.000000	24.265532	10.084119
35.000000	24.340790	10.083266
36.000000	24.422117	10.082996
37.000000	24.499075	10.084545
38.000000	24.587078	10.082222
39.000000	24.667675	10.081330
40.000000	24.759443	10.082222
41.000000	24.835915	10.080556
42.000000	24.934479	10.079511
43.000000	25.020050	10.080479
44.000000	25.108906	10.079163
45.000000	25.200912	10.079512
46.000000	25.288307	10.076762
47.000000	25.385660	10.077847
48.000000	25.475847	10.078621
49.000000	25.570648	10.077381
50.000000	25.660469	10.075832
51.000000	25.757576	10.075911
52.000000	25.850800	10.075291
53.000000	25.949608	10.073975
54.000000	26.056057	10.073355
55.000000	26.148794	10.073121
56.000000	26.249788	10.071960
57.000000	26.348351	10.071807
58.000000	26.459173	10.071071
59.000000	26.569876	10.069174
60.000000	26.675842	10.069985
61.000000	26.782417	10.067741
62.000000	26.903072	10.066772
63.000000	27.023607	10.069174
64.000000	27.143654	10.065340
65.000000	27.274990	10.065612
66.000000	27.403784	10.067819
67.000000	27.538515	10.062707
68.000000	27.670340	10.063599
69.000000	27.828743	10.063210
70.000000	27.975012	10.061662
71.000000	28.134630	10.061661
72.000000	28.293520	10.062203
73.000000	28.475109	10.058062
74.000000	28.652813	10.058177
75.000000	28.841808	10.059688
76.000000	29.042091	10.060539
77.000000	29.232300	10.058602
78.000000	29.461105	10.058990
79.000000	29.680931	10.057713
80.000000	29.911804	10.056241
81.000000	30.150824	10.055467
82.000000	30.400362	10.053724
83.000000	30.651405	10.054072
84.000000	30.919668	10.053841
85.000000	31.188408	10.055040
86.000000	31.471605	10.052563
87.000000	31.767799	10.050667
88.000000	32.069775	10.050628
89.000000	32.379333	10.050163
90.000000	32.704422	10.047996
91.000000	33.021931	10.050473
92.000000	33.359066	10.047145
93.000000	33.705952	10.045789
94.000000	34.082214	10.044007
95.000000	34.450893	10.044704
96.000000	34.824387	10.041452
97.000000	35.210770	10.039477
98.000000	35.589920	10.038897
99.000000	35.990509	10.035683
100.000000	36.393021	10.033669
101.000000	36.789394	10.032197
102.000000	37.209244	10.029719
103.000000	37.635468	10.028675
104.000000	38.044125	10.026313
105.000000	38.476379	10.024028
106.000000	38.925365	10.022906
107.000000	39.366409	10.021511
108.000000	39.808414	10.017834
109.000000	40.247406	10.014233
110.000000	40.697647	10.011367
111.000000	41.135231	10.011020
112.000000	41.572098	10.010632
113.000000	42.024612	10.007729
114.000000	42.469723	10.004669
115.000000	42.925350	9.999287
116.000000	43.364243	9.996461
117.000000	43.817600	9.996113
118.000000	44.231037	9.988756
119.000000	44.689529	9.988601
120.000000	45.140377	9.986471
121.000000	45.575565	9.981323
122.000000	46.005856	9.980471
123.000000	46.432438	9.978497
124.000000	46.863323	9.974740
125.000000	47.286442	9.971062
126.000000	47.697964	9.966995
127.000000	48.115700	9.963007
128.000000	48.520168	9.959484
129.000000	48.927509	9.957047
130.000000	49.330429	9.954065
131.000000	49.735973	9.952671
132.000000	50.118931	9.948489
133.000000	50.497944	9.944927
134.000000	50.883244	9.941792
135.000000	51.257366	9.937183
136.000000	51.617722	9.933660
137.000000	51.990448	9.930368
138.000000	52.351170	9.923825
139.000000	52.693924	9.918792
140.000000	53.053459	9.916004
141.000000	53.392765	9.912907
142.000000	53.743256	9.909461
143.000000	54.078167	9.905357
144.000000	54.400352	9.902143
145.000000	54.728836	9.896566
146.000000	55.053043	9.890063
147.000000	55.366669	9.886967
148.000000	55.684330	9.882824
149.000000	55.994034	9.880268
150.000000	56.306816	9.873492
151.000000	56.612000	9.868885
152.000000	56.901951	9.862884
153.000000	57.190952	9.860637
154.000000	57.486137	9.856339
155.000000	57.772167	9.853514
156.000000	58.050354	9.850764
157.000000	58.339115	9.845150
158.000000	58.625969	9.841201
159.000000	58.899876	9.836400
160.000000	59.180077	9.831830
161.000000	59.452068	9.828888
162.000000	59.735008	9.824823
163.000000	59.996414	9.816538
164.000000	60.269840	9.814177
165.000000	60.538383	9.810226
166.000000	60.812756	9.805466
167.000000	61.082279	9.801826
168.000000	61.338787	9.796947
169.000000	61.602024	9.791294
170.000000	61.868210	9.786143
171.000000	62.138084	9.782543
172.000000	62.400009	9.779639
173.000000	62.655426	9.775456
174.000000	62.926361	9.771545
175.000000	63.205811	9.765816
176.000000	63.468338	9.763144
177.000000	63.741875	9.759970
178.000000	64.013519	9.756640
179.000000	64.295830	9.752846
180.000000	64.577293	9.746846
181.000000	64.852020	9.742276
182.000000	65.136688	9.739567
183.000000	65.419830	9.733833
184.000000	65.707230	9.731049
185.000000	65.988586	9.723962
186.000000	66.282852	9.721446
187.000000	66.575226	9.715522
188.000000	66.874001	9.711146
189.000000	67.173363	9.708978
190.000000	67.485641	9.705533
191.000000	67.782745	9.701545
192.000000	68.093376	9.694536
193.000000	68.411095	9.689310
194.000000	68.726219	9.686328
195.000000	69.050926	9.680755
196.000000	69.372566	9.678430
197.000000	69.697166	9.672427
198.000000	70.023537	9.666542
199.000000	70.354530	9.662903
200.000000	70.682678	9.660271
201.000000	71.029785	9.657482
202.000000	71.368690	9.653534
203.000000	71.696991	9.649237
204.000000	72.046417	9.643041
205.000000	72.403419	9.637621
206.000000	72.747406	9.634678
207.000000	73.105713	9.630226
208.000000	73.461426	9.624767
209.000000	73.819855	9.618300
210.000000	74.166901	9.616402
211.000000	74.530548	9.611603
212.000000	74.881866	9.608078
213.000000	75.251312	9.602852
214.000000	75.608788	9.597160
215.000000	75.984726	9.591004
216.000000	76.353210	9.587869
217.000000	76.718506	9.584113
218.000000	77.085579	9.580899
219.000000	77.462593	9.576988
220.000000	77.833328	9.572109
221.000000	78.212708	9.565644
222.000000	78.583801	9.561850
223.000000	78.961403	9.559333
224.000000	79.327415	9.554879
225.000000	79.696732	9.552711
226.000000	80.069710	9.546400
227.000000	80.421631	9.542838
228.000000	80.807159	9.537960
229.000000	81.169136	9.532694
230.000000	81.537750	9.529132
231.000000	81.904930	9.523945
232.000000	82.278519	9.518795
233.000000	82.626991	9.515544
234.000000	82.995956	9.512562
235.000000	83.356865	9.508883
236.000000	83.722633	9.503231
237.000000	84.076691	9.496377
238.000000	84.433220	9.489368
239.000000	84.785728	9.489678
240.000000	85.150421	9.483173
241.000000	85.494408	9.480735
242.000000	85.849174	9.474306
243.000000	86.192802	9.470435
244.000000	86.537720	9.468654
245.000000	86.891899	9.463891
246.000000	87.239662	9.462614
247.000000	87.580582	9.458162
248.000000	87.933090	9.456536
249.000000	88.271866	9.453053
250.000000	88.609222	9.448986
251.000000	88.943375	9.445928
252.000000	89.285118	9.443179
253.000000	89.610046	9.437834
254.000000	89.940186	9.434312
255.000000	90.262390	9.432027
256.000000	90.591576	9.429666
257.000000	90.922066	9.426298
258.000000	91.240135	9.420567
259.000000	91.552864	9.417198
260.000000	91.885376	9.414836
261.000000	92.214600	9.411351
262.000000	92.535805	9.409029
263.000000	92.853455	9.405931
264.000000	93.180473	9.404189
265.000000	93.503227	9.398342
266.000000	93.802826	9.394044
267.000000	94.120232	9.392303
268.000000	94.443092	9.390212
269.000000	94.754219	9.386302
270.000000	95.068184	9.385954
271.000000	95.377647	9.383475
272.000000	95.702415	9.381577
273.000000	96.007240	9.378633
274.000000	96.331657	9.376505
275.000000	96.645500	9.373291
276.000000	96.954605	9.371626
277.000000	97.267616	9.367638
278.000000	97.577309	9.366632
279.000000	97.909309	9.364309
280.000000	98.218781	9.361832
281.000000	98.532143	9.361057
282.000000	98.841606	9.358075
283.000000	99.162567	9.356449
284.000000	99.471802	9.354590
285.000000	99.798218	9.353469
286.000000	100.106377	9.351494
287.000000	100.421997	9.349442
288.000000	100.743675	9.346072
289.000000	101.071884	9.344872
290.000000	101.384895	9.343440
291.000000	101.689850	9.340072
292.000000	102.023048	9.341194
293.000000	102.339684	9.337013
294.000000	102.660614	9.335890
295.000000	102.984497	9.334341
296.000000	103.315277	9.334922
297.000000	103.632858	9.331166
298.000000	103.957550	9.329075
299.000000	104.280823	9.328919
300.000000	104.609100	9.323654
301.000000	104.934166	9.323112
302.000000	105.266380	9.322376
303.000000	105.597260	9.318157
304.000000	105.932808	9.318505
305.000000	106.259888	9.317654
306.000000	106.599472	9.316143
307.000000	106.942879	9.314014
308.000000	107.285912	9.312543
309.000000	107.620369	9.311845
310.000000	107.954247	9.310568
311.000000	108.302170	9.310606
312.000000	108.633064	9.309096
313.000000	108.980980	9.308475
314.000000	109.318062	9.306309
315.000000	109.656822	9.305186
316.000000	110.015327	9.302398
317.000000	110.352402	9.300617
318.000000	110.703072	9.299339
319.000000	111.034203	9.299301
320.000000	111.385925	9.298642
321.000000	111.727058	9.295972
322.000000	112.068199	9.296824
323.000000	112.422760	9.295816
324.000000	112.765411	9.292913
325.000000	113.116028	9.292797
326.000000	113.459351	9.291325
327.000000	113.807091	9.291094
328.000000	114.142380	9.287725
329.000000	114.490479	9.286835
330.000000	114.829842	9.286370
331.000000	115.180328	9.285557
332.000000	115.519577	9.285983
333.000000	115.856918	9.283969
334.000000	116.198326	9.284084
335.000000	116.528465	9.281413
336.000000	116.886742	9.280562
337.000000	117.225143	9.280174
338.000000	117.574921	9.279865
339.000000	117.911285	9.276883
340.000000	118.249458	9.276883
341.000000	118.595650	9.276302
342.000000	118.925461	9.275683
343.000000	119.254173	9.274948
344.000000	119.617096	9.272392
345.000000	119.956329	9.274522
346.000000	120.291771	9.272314
347.000000	120.627899	9.270107
348.000000	120.959259	9.270921
349.000000	121.300301	9.270766
350.000000	121.623764	9.271308
351.000000	121.955696	9.268520
352.000000	122.286224	9.267088
353.000000	122.621155	9.267049
354.000000	122.953636	9.267591
355.000000	123.289032	9.266740
356.000000	123.627449	9.267901
357.000000	123.942429	9.266043
358.000000	124.292267	9.265771
359.000000	124.622276	9.263410
360.000000	124.938316	9.264532
361.000000	125.288155	9.264185
362.000000	125.616234	9.262364
363.000000	125.946358	9.262287
364.000000	126.278999	9.261318
365.000000	126.617416	9.261860
366.000000	126.928902	9.261126
367.000000	127.276215	9.261009
368.000000	127.600327	9.259615
369.000000	127.935493	9.259305
370.000000	128.259354	9.259925
371.000000	128.586838	9.258995
372.000000	128.917786	9.258065
373.000000	129.240936	9.258259
374.000000	129.575378	9.257755
375.000000	129.893112	9.257641
376.000000	130.214462	9.256478
377.000000	130.552979	9.256169
378.000000	130.874695	9.257485
379.000000	131.204086	9.255239
380.000000	131.515442	9.255123
381.000000	131.849884	9.255162
382.000000	132.175919	9.254193
383.000000	132.507004	9.254311
384.000000	132.836639	9.253187
385.000000	133.157974	9.251329
386.000000	133.489792	9.252955
387.000000	133.819489	9.251638
388.000000	134.141541	9.251678
389.000000	134.481628	9.252413
390.000000	134.810211	9.252065
391.000000	135.138199	9.250051
392.000000	135.459045	9.250401
393.000000	135.789108	9.250517
394.000000	136.123505	9.250477
395.000000	136.454895	9.249355
396.000000	136.789276	9.249200
397.000000	137.118347	9.247689
398.000000	137.443680	9.249781
399.000000	137.787170	9.250013
400.000000	138.109833	9.247728
401.000000	138.444214	9.247923
402.000000	138.778748	9.249006
403.000000	139.108063	9.248696
404.000000	139.442352	9.248890
405.000000	139.765503	9.249742
406.000000	140.108734	9.247573
407.000000	140.442505	9.246180
408.000000	140.788177	9.247224
409.000000	141.102966	9.247806
410.000000	141.438950	9.245405
411.000000	141.765854	9.247845
412.000000	142.100357	9.245870
413.000000	142.429810	9.246567
414.000000	142.762756	9.245289
415.000000	143.098969	9.246102
416.000000	143.431381	9.246683
417.000000	143.763489	9.245251
418.000000	144.100693	9.244244
419.000000	144.437378	9.243275
420.000000	144.764496	9.245018
421.000000	145.104980	9.243896
422.000000	145.448120	9.244902
423.000000	145.778625	9.242579
424.000000	146.111542	9.244128
425.000000	146.442291	9.243160
426.000000	146.784119	9.240063
427.000000	147.118271	9.244128
428.000000	147.460190	9.240410
429.000000	147.790466	9.240333
430.000000	148.098114	9.241534
431.000000	148.448303	9.240410
432.000000	148.803253	9.239635
433.000000	149.140320	9.237041
434.000000	149.474731	9.235455
435.000000	149.802307	9.238513
436.000000	150.117004	9.237701
437.000000	150.473145	9.236887
438.000000	150.800278	9.239017
439.000000	151.129288	9.237894
440.000000	151.466492	9.235996
441.000000	151.805405	9.237507
442.000000	152.135788	9.236655
443.000000	152.481354	9.234913
444.000000	152.809555	9.236500
445.000000	153.145050	9.235764
446.000000	153.484329	9.234061
447.000000	153.818451	9.234603
448.000000	154.157455	9.236034
449.000000	154.499329	9.236461
450.000000	154.826553	9.234951
451.000000	155.174927	9.233982
452.000000	155.502762	9.231427
453.000000	155.841339	9.234138
454.000000	156.166245	9.232008
455.000000	156.512787	9.231621
456.000000	156.860519	9.231505
457.000000	157.188126	9.231157
458.000000	157.535385	9.230577
459.000000	157.869690	9.229802
460.000000	158.196182	9.228409
461.000000	158.548706	9.230344
462.000000	158.875549	9.229144
463.000000	159.213776	9.230963
464.000000	159.546143	9.228951
465.000000	159.884949	9.227287
466.000000	160.223190	9.226048
467.000000	160.555908	9.227518
468.000000	160.889252	9.226743
469.000000	161.229416	9.225659
470.000000	161.561417	9.223840
471.000000	161.902695	9.225543
472.000000	162.242371	9.225119
473.000000	162.576569	9.223492
474.000000	162.914429	9.225428
475.000000	163.244568	9.223221
476.000000	163.568130	9.221711
477.000000	163.901352	9.222603
478.000000	164.242828	9.220704
479.000000	164.574860	9.222291
480.000000	164.913071	9.223221
481.000000	165.243652	9.221401
482.000000	165.579407	9.219930
483.000000	165.910355	9.218923
484.000000	166.248810	9.218071
485.000000	166.600021	9.218923
486.000000	166.927170	9.218226
487.000000	167.271378	9.217606
488.000000	167.608948	9.216445
489.000000	167.942261	9.216367
490.000000	168.274673	9.215748
491.000000	168.584656	9.215941
492.000000	168.920898	9.217839
493.000000	169.262512	9.215012
494.000000	169.592133	9.214587
495.000000	169.928879	9.214470
496.000000	170.253464	9.214934
497.000000	170.593735	9.214084
498.000000	170.922363	9.213812
499.000000	171.250122	9.213657
500.000000	171.586731	9.213116
501.000000	171.912903	9.213037
502.000000	172.243378	9.213541
503.000000	172.575439	9.210713
504.000000	172.902832	9.210754
505.000000	173.243103	9.211644
506.000000	173.555908	9.208624
507.000000	173.898788	9.211604
508.000000	174.235748	9.210134
509.000000	174.572006	9.209049
510.000000	174.898819	9.208198
511.000000	175.236832	9.207617
512.000000	175.570801	9.207191
513.000000	175.913498	9.208198
514.000000	176.239334	9.205565
515.000000	176.579468	9.204132
516.000000	176.910095	9.206649
517.000000	177.256729	9.203242
518.000000	177.573975	9.205294
519.000000	177.918625	9.203087
520.000000	178.256027	9.204557
521.000000	178.589523	9.201653
522.000000	178.916458	9.200686
523.000000	179.267761	9.201229
524.000000	179.589218	9.199021
525.000000	179.920959	9.197628
526.000000	180.260071	9.196736
527.000000	180.585052	9.197938
528.000000	180.916061	9.195305
529.000000	181.264053	9.196697
530.000000	181.589890	9.193638
531.000000	181.919189	9.194103
532.000000	182.257813	9.194491
533.000000	182.594482	9.194142
534.000000	182.913315	9.191897
535.000000	183.251587	9.191045
536.000000	183.579773	9.190813
537.000000	183.921982	9.189536
538.000000	184.255569	9.190504
539.000000	184.574890	9.189225
540.000000	184.915024	9.189110
541.000000	185.255127	9.187483
542.000000	185.592773	9.189148
543.000000	185.915665	9.187290
544.000000	186.250122	9.186825
545.000000	186.582855	9.186477
546.000000	186.919159	9.184385
547.000000	187.251297	9.185470
548.000000	187.588684	9.183960
549.000000	187.917740	9.184192
550.000000	188.262024	9.183688
551.000000	188.593903	9.180901
552.000000	188.932907	9.180978
553.000000	189.268112	9.180397
554.000000	189.598831	9.179934
555.000000	189.934052	9.179546
556.000000	190.282166	9.179585
557.000000	190.611816	9.177609
558.000000	190.961411	9.178074
559.000000	191.299561	9.175014
560.000000	191.632538	9.176099
561.000000	191.988388	9.174473
562.000000	192.317810	9.172848
563.000000	192.673645	9.173660
564.000000	193.022629	9.171413
565.000000	193.361420	9.173429
566.000000	193.713928	9.171958
567.000000	194.050354	9.169363
568.000000	194.398941	9.168859
569.000000	194.752213	9.167968
570.000000	195.091187	9.167929
571.000000	195.452682	9.166575
572.000000	195.769455	9.165375
573.000000	196.141174	9.165413
574.000000	196.467621	9.163903
575.000000	196.824585	9.164329
576.000000	197.176743	9.163322
577.000000	197.519073	9.163671
578.000000	197.858322	9.162664
579.000000	198.195999	9.161620
580.000000	198.536713	9.161812
581.000000	198.876968	9.160227
582.000000	199.229492	9.159878
583.000000	199.562607	9.158484
584.000000	199.899017	9.159142
585.000000	200.243301	9.158058
586.000000	200.582077	9.155735
587.000000	200.923050	9.155426
588.000000	201.250397	9.153954
589.000000	201.595322	9.153799
590.000000	201.929031	9.152676
591.000000	202.263489	9.151979
592.000000	202.597580	9.149617
593.000000	202.929596	9.151399
594.000000	203.264664	9.148766
595.000000	203.598267	9.147720
596.000000	203.929794	9.148029
597.000000	204.257492	9.145900
598.000000	204.574127	9.145241
599.000000	204.911880	9.142530
600.000000	205.238083	9.144390
601.000000	205.564758	9.141718
602.000000	205.898285	9.140943
603.000000	206.230408	9.140555
604.000000	206.557632	9.138466
605.000000	206.883789	9.137770
606.000000	207.204025	9.135950
607.000000	207.543884	9.134247
608.000000	207.873108	9.133703
609.000000	208.202560	9.132736
610.000000	208.517273	9.132465
611.000000	208.831268	9.128902
612.000000	209.159119	9.129754
613.000000	209.488571	9.129601
614.000000	209.805115	9.127742
615.000000	210.133347	9.125496
616.000000	210.467453	9.123444
617.000000	210.793945	9.123714
618.000000	211.089783	9.121469
619.000000	211.418381	9.120075
620.000000	211.769791	9.119301
621.000000	212.092102	9.118138
622.000000	212.417892	9.118720
623.000000	212.741791	9.117404
624.000000	213.076050	9.116551
625.000000	213.406952	9.112913
626.000000	213.737122	9.113067
627.000000	214.063766	9.112370
628.000000	214.378479	9.112719
629.000000	214.716644	9.111441
630.000000	215.049896	9.110937
631.000000	215.378845	9.108537
632.000000	215.712860	9.107298
633.000000	216.040421	9.105285
634.000000	216.371063	9.104820
635.000000	216.712952	9.103387
636.000000	217.051025	9.100677
637.000000	217.393402	9.102148
638.000000	217.728806	9.100057
639.000000	218.068970	9.098392
640.000000	218.406555	9.095837
641.000000	218.740860	9.094056
642.000000	219.084839	9.091733
643.000000	219.431610	9.090882
644.000000	219.757584	9.089604
645.000000	220.092987	9.087823
646.000000	220.443298	9.085848
647.000000	220.776505	9.085577
648.000000	221.122803	9.084802
649.000000	221.464783	9.082828
650.000000	221.810486	9.080620
651.000000	222.155563	9.078723
652.000000	222.471481	9.080349
653.000000	222.818405	9.074347
654.000000	223.170090	9.074813
655.000000	223.516968	9.071947
656.000000	223.849548	9.071483
657.000000	224.196182	9.069316
658.000000	224.527557	9.068039
659.000000	224.865768	9.068115
660.000000	225.204590	9.063740
661.000000	225.543182	9.063584
662.000000	225.872498	9.062308
663.000000	226.216522	9.062734
664.000000	226.554779	9.060062
665.000000	226.887573	9.056732
666.000000	227.226807	9.057428
667.000000	227.557999	9.053248
668.000000	227.906540	9.054603
669.000000	228.240402	9.052163
670.000000	228.566940	9.048369
671.000000	228.911560	9.047401
672.000000	229.244812	9.043607
673.000000	229.587738	9.044458
674.000000	229.924927	9.041090
675.000000	230.252808	9.037876
676.000000	230.563889	9.038960
677.000000	230.915695	9.035437
678.000000	231.252747	9.032107
679.000000	231.581390	9.029744
680.000000	231.911987	9.029358
681.000000	232.237061	9.025640
682.000000	232.560196	9.023202
683.000000	232.909836	9.020143
684.000000	233.238327	9.020917
685.000000	233.574265	9.017550
686.000000	233.899139	9.015186
687.000000	234.232513	9.013908
688.000000	234.562500	9.011857
689.000000	234.884171	9.008720
690.000000	235.207336	9.004965
691.000000	235.541443	9.005507
692.000000	235.875946	9.001017
693.000000	236.197769	8.996100
694.000000	236.522720	8.996410
695.000000	236.853699	8.993118
696.000000	237.182953	8.990059
697.000000	237.502991	8.989053
698.000000	237.834778	8.988278
699.000000	238.156387	8.986033
700.000000	238.484070	8.980457
701.000000	238.815887	8.977398
702.000000	239.151123	8.972984
703.000000	239.477676	8.970661
704.000000	239.823975	8.970003
705.000000	240.147644	8.966944
706.000000	240.485519	8.965822
707.000000	240.806519	8.963885
708.000000	241.146210	8.961176
709.000000	241.467346	8.958696
710.000000	241.806076	8.956760
711.000000	242.138855	8.953432
712.000000	242.466553	8.950101
713.000000	242.810730	8.946811
714.000000	243.131027	8.944991
715.000000	243.478973	8.940228
716.000000	243.788818	8.936706
717.000000	244.147476	8.933956
718.000000	244.489746	8.928847
719.000000	244.828949	8.926175
720.000000	245.174500	8.923658
721.000000	245.510193	8.918548
722.000000	245.841278	8.916573
723.000000	246.180237	8.914598
724.000000	246.517456	8.910765
725.000000	246.863907	8.906661
726.000000	247.203125	8.904299
727.000000	247.546677	8.900776
728.000000	247.880798	8.895472
729.000000	248.204285	8.890399
730.000000	248.529343	8.889236
731.000000	248.879532	8.884940
732.000000	249.221436	8.880099
733.000000	249.557129	8.876305
734.000000	249.901505	8.870613
735.000000	250.228241	8.867399
736.000000	250.571350	8.864420
737.000000	250.910812	8.862717
738.000000	251.247330	8.857838
739.000000	251.583878	8.855631
740.000000	251.918381	8.850518
741.000000	252.233414	8.843239
742.000000	252.599670	8.840530
743.000000	252.936203	8.837742
744.000000	253.268402	8.832128
745.000000	253.610641	8.826436
746.000000	253.947403	8.821364
747.000000	254.276123	8.818692
748.000000	254.611938	8.813542
749.000000	254.960663	8.807891
750.000000	255.289246	8.802159
751.000000	255.622162	8.796082
752.000000	255.961349	8.792790
753.000000	256.291748	8.788918
754.000000	256.620270	8.783768
755.000000	256.965332	8.778656
756.000000	257.293457	8.773741
757.000000	257.633972	8.768437
758.000000	257.963013	8.762901
759.000000	258.289307	8.759725
760.000000	258.630798	8.754265
761.000000	258.956512	8.749426
762.000000	259.297119	8.742225
763.000000	259.620239	8.736261
764.000000	259.941498	8.731112
765.000000	260.290649	8.725342
766.000000	260.618439	8.719574
767.000000	260.954620	8.716321
768.000000	261.278137	8.710707
769.000000	261.609131	8.702965
770.000000	261.940247	8.695724
771.000000	262.287476	8.690497
772.000000	262.607422	8.684650
773.000000	262.935242	8.678650
774.000000	263.259277	8.672957
775.000000	263.606018	8.666878
776.000000	263.941101	8.661342
777.000000	264.270874	8.656579
778.000000	264.607666	8.647093
779.000000	264.945679	8.642369
780.000000	265.283386	8.634511
781.000000	265.612915	8.626805
782.000000	265.945099	8.621076
783.000000	266.278412	8.615460
784.000000	266.607239	8.608685
785.000000	266.947968	8.600438
786.000000	267.289154	8.593391
787.000000	267.616180	8.585531
788.000000	267.954407	8.578756
789.000000	268.278320	8.572330
790.000000	268.615967	8.565437
791.000000	268.945282	8.561140
792.000000	269.279999	8.552891
793.000000	269.614960	8.545574
794.000000	269.951263	8.538141
795.000000	270.282379	8.528926
796.000000	270.615204	8.522538
797.000000	270.954590	8.515955
798.000000	271.293854	8.506817
799.000000	271.624054	8.500778
800.000000	271.969360	8.493073
801.000000	272.297699	8.483315
802.000000	272.637115	8.476037
803.000000	272.977112	8.469300
804.000000	273.309204	8.461246
805.000000	273.648621	8.452689
806.000000	273.986206	8.444210
807.000000	274.322876	8.437706
808.000000	274.649811	8.430737
809.000000	274.992065	8.420127
810.000000	275.328583	8.409674
811.000000	275.663086	8.399956
812.000000	275.998169	8.392871
813.000000	276.338654	8.385049
814.000000	276.682373	8.376027
815.000000	277.018768	8.369794
816.000000	277.349976	8.361430
817.000000	277.682251	8.353029
818.000000	278.021851	8.345401
819.000000	278.354950	8.336109
820.000000	278.687805	8.325424
821.000000	279.021271	8.319190
822.000000	279.355011	8.307071
823.000000	279.685852	8.297352
824.000000	280.017639	8.288486
825.000000	280.353516	8.277761
826.000000	280.693542	8.272342
827.000000	281.025482	8.264288
828.000000	281.350952	8.255883
829.000000	281.673187	8.243690
830.000000	282.013000	8.235326
831.000000	282.356384	8.224678
832.000000	282.684448	8.214999
833.000000	283.018311	8.202686
834.000000	283.344727	8.195251
835.000000	283.667419	8.187857
836.000000	283.999725	8.178333
837.000000	284.316071	8.168266
838.000000	284.648529	8.159284
839.000000	284.978149	8.149023
840.000000	285.290588	8.139652
841.000000	285.615234	8.127534
842.000000	285.943665	8.120333
843.000000	286.275330	8.109221
844.000000	286.601563	8.097103
845.000000	286.918762	8.088042
846.000000	287.237640	8.078324
847.000000	287.556274	8.068374
848.000000	287.890533	8.060048
849.000000	288.212463	8.048703
850.000000	288.540161	8.036277
851.000000	288.852417	8.027603
852.000000	289.177765	8.016878
853.000000	289.490967	8.005147
854.000000	289.826416	7.996126
855.000000	290.139954	7.984316
856.000000	290.478516	7.975257
857.000000	290.805756	7.966545
858.000000	291.135742	7.955975
859.000000	291.471924	7.945599
860.000000	291.797729	7.933130
861.000000	292.126404	7.923452
862.000000	292.448425	7.911797
863.000000	292.794464	7.902311
864.000000	293.127075	7.889534
865.000000	293.466919	7.880319
866.000000	293.796539	7.872576
867.000000	294.142273	7.860806
868.000000	294.479248	7.848492
869.000000	294.816498	7.835019
870.000000	295.155396	7.826463
871.000000	295.496094	7.814344
872.000000	295.831696	7.802303
873.000000	296.168457	7.791112
874.000000	296.526123	7.782168
875.000000	296.869629	7.771017
876.000000	297.218628	7.759945
877.000000	297.560272	7.749801
878.000000	297.897400	7.737450
879.000000	298.232697	7.725873
880.000000	298.578613	7.716077
881.000000	298.935394	7.701480
882.000000	299.268463	7.691530
883.000000	299.609711	7.677591
884.000000	299.960571	7.670621
885.000000	300.294708	7.658813
886.000000	300.635864	7.646230
887.000000	300.979126	7.631749
888.000000	301.325836	7.621061
889.000000	301.668549	7.607162
890.000000	302.008392	7.596283
891.000000	302.345703	7.583506
892.000000	302.686615	7.574446
893.000000	303.034760	7.562056
894.000000	303.361206	7.550789
895.000000	303.690582	7.536230
896.000000	304.031006	7.524305
897.000000	304.369385	7.512575
898.000000	304.690247	7.501656
899.000000	305.017517	7.485394
900.000000	305.356079	7.476140
901.000000	305.693024	7.464718
902.000000	306.020538	7.451593
903.000000	306.357880	7.437383
904.000000	306.685974	7.425962
905.000000	307.015228	7.411598
906.000000	307.335754	7.397039
907.000000	307.671387	7.385346
908.000000	308.004608	7.375203
909.000000	308.338379	7.361961
910.000000	308.657928	7.349532
911.000000	308.986938	7.334586
912.000000	309.310150	7.322042
913.000000	309.631927	7.307639
914.000000	309.966522	7.295133
915.000000	310.303986	7.282898
916.000000	310.632904	7.270895
917.000000	310.951019	7.256453
918.000000	311.286530	7.242670
919.000000	311.616821	7.228731
920.000000	311.951538	7.213089
921.000000	312.281952	7.200312
922.000000	312.615570	7.186180
923.000000	312.942688	7.173674
924.000000	313.279114	7.160625
925.000000	313.612762	7.144443
926.000000	313.942810	7.130194
927.000000	314.272095	7.116681
928.000000	314.603302	7.102587
929.000000	314.928802	7.087450
930.000000	315.270325	7.072852
931.000000	315.605591	7.060462
932.000000	315.940247	7.044394
933.000000	316.272339	7.031307
934.000000	316.596619	7.012644
935.000000	316.943359	6.998359
936.000000	317.280640	6.984188
937.000000	317.610718	6.970675
938.000000	317.934692	6.953986
939.000000	318.270020	6.938151
940.000000	318.601929	6.922394
941.000000	318.943329	6.906170
942.000000	319.277832	6.890644
943.000000	319.602783	6.876744
944.000000	319.937500	6.859554
945.000000	320.266602	6.842131
946.000000	320.592102	6.828733
947.000000	320.920868	6.808987
948.000000	321.260071	6.792300
949.000000	321.580444	6.778594
950.000000	321.919037	6.763726
951.000000	322.246582	6.742586
952.000000	322.576385	6.726788
953.000000	322.904877	6.709559
954.000000	323.245514	6.691942
955.000000	323.570038	6.676649
956.000000	323.900269	6.659225
957.000000	324.247833	6.641260
958.000000	324.576935	6.619036
959.000000	324.900116	6.601071
960.000000	325.236725	6.585312
961.000000	325.577271	6.568238
962.000000	325.910004	6.549150
963.000000	326.254028	6.530062
964.000000	326.584106	6.510200
965.000000	326.921631	6.492195
966.000000	327.260284	6.475005
967.000000	327.588684	6.454561
968.000000	327.931305	6.432995
969.000000	328.274170	6.411119
970.000000	328.616821	6.394200
971.000000	328.955627	6.375344
972.000000	329.286102	6.355907
973.000000	329.625153	6.328960
974.000000	329.946045	6.309910
975.000000	330.289429	6.290513
976.000000	330.646271	6.269682
977.000000	330.982117	6.248968
978.000000	331.325745	6.224576
979.000000	331.661133	6.205526
980.000000	332.001831	6.183535
981.000000	332.334717	6.161620
982.000000	332.665619	6.140789
983.000000	332.994873	6.115932
984.000000	333.339233	6.092856
985.000000	333.676849	6.071329
986.000000	334.008911	6.045929
987.000000	334.316742	6.021460
988.000000	334.657288	6.003068
989.000000	335.023132	5.978947
990.000000	335.359314	5.950684
991.000000	335.695953	5.929620
992.000000	336.027130	5.903059
993.000000	336.364990	5.881495
994.000000	336.694458	5.854933
995.000000	337.028687	5.829070
996.000000	337.358398	5.804523
997.000000	337.695068	5.782220
998.000000	338.028442	5.754419
999.000000	338.353271	5.732391
1000.000000	338.698639	5.702151
1001.000000	339.038940	5.679075
1002.000000	339.368744	5.651430
1003.000000	339.691803	5.624676
1004.000000	340.018097	5.599199
1005.000000	340.360229	5.573646
1006.000000	340.679779	5.547781
1007.000000	341.001709	5.521531
1008.000000	341.336548	5.494815
1009.000000	341.666565	5.467867
1010.000000	341.990967	5.439487
1011.000000	342.333069	5.411726
1012.000000	342.659241	5.384081
1013.000000	342.989990	5.358024
1014.000000	343.321625	5.331424
1015.000000	343.641602	5.301418
1016.000000	343.966736	5.277026
1017.000000	344.302032	5.245935
1018.000000	344.635498	5.220032
1019.000000	344.958435	5.192813
1020.000000	345.290955	5.167375
1021.000000	345.617828	5.138105
1022.000000	345.945709	5.108214
1023.000000	346.283508	5.083938
1024.000000	346.597534	5.058268
1025.000000	346.927765	5.027719
1026.000000	347.278839	5.000268
1027.000000	347.618073	4.973359
1028.000000	347.950897	4.943235
1029.000000	348.289307	4.917256
1030.000000	348.609192	4.890966
1031.000000	348.949829	4.863244
1032.000000	349.275238	4.832386
1033.000000	349.612000	4.808381
1034.000000	349.937653	4.783020
1035.000000	350.276978	4.754137
1036.000000	350.609741	4.728079
1037.000000	350.944000	4.700667
1038.000000	351.264099	4.675655
1039.000000	351.599915	4.644371
1040.000000	351.937866	4.619823
1041.000000	352.253662	4.595353
1042.000000	352.589508	4.568831
1043.000000	352.925995	4.542310
1044.000000	353.258057	4.517065
1045.000000	353.594788	4.492750
1046.000000	353.926514	4.467622
1047.000000	354.269806	4.441797
1048.000000	354.605042	4.417521
1049.000000	354.947174	4.395374
1050.000000	355.276672	4.369897
1051.000000	355.604370	4.348176
1052.000000	355.932770	4.321423
1053.000000	356.276794	4.300747
1054.000000	356.616577	4.276819
1055.000000	356.948608	4.254557
1056.000000	357.274353	4.230938
1057.000000	357.607025	4.211075
1058.000000	357.951141	4.190361
1059.000000	358.257843	4.170963
1060.000000	358.624146	4.147577
1061.000000	358.952179	4.128954
1062.000000	359.296936	4.108473
1063.000000	359.638367	4.088184
1064.000000	359.966339	4.067702
1065.000000	360.304199	4.047839
1066.000000	360.631409	4.029333
1067.000000	360.977814	4.010670
1068.000000	361.310730	3.995260
1069.000000	361.649628	3.978147
1070.000000	361.974976	3.960531
1071.000000	362.322052	3.941210
1072.000000	362.662231	3.924406
1073.000000	362.986389	3.909770
1074.000000	363.325409	3.896723
1075.000000	363.663452	3.880849
1076.000000	364.005219	3.865245
1077.000000	364.334961	3.850300
1078.000000	364.671997	3.835083
1079.000000	364.998596	3.820912
1080.000000	365.325684	3.808949
1081.000000	365.656250	3.797527
1082.000000	365.994812	3.785602
1083.000000	366.345215	3.770463
1084.000000	366.676025	3.758770
1085.000000	367.009277	3.746341
1086.000000	367.344788	3.733410
1087.000000	367.678772	3.723846
1088.000000	368.015717	3.713663
1089.000000	368.332581	3.704990
1090.000000	368.690308	3.695388
1091.000000	369.035583	3.684431
1092.000000	369.373291	3.672002
1093.000000	369.705292	3.665189
1094.000000	370.047089	3.655548
1095.000000	370.384277	3.642886
1096.000000	370.716675	3.636730
1097.000000	371.050903	3.631039
1098.000000	371.394165	3.619229
1099.000000	371.727295	3.614583
1100.000000	372.050171	3.608775
1101.000000	372.389526	3.600915
1102.000000	372.729767	3.596192
1103.000000	373.060425	3.584926
1104.000000	373.392334	3.581054
1105.000000	373.726593	3.572187
1106.000000	374.055542	3.568586
1107.000000	374.390472	3.559178
1108.000000	374.712463	3.556622
1109.000000	375.052948	3.547678
1110.000000	375.377258	3.540593
1111.000000	375.697876	3.534088
1112.000000	376.039001	3.532269
1113.000000	376.364380	3.525415
1114.000000	376.698456	3.519607
1115.000000	377.033295	3.514304
1116.000000	377.363098	3.510393
1117.000000	377.699493	3.506831
1118.000000	378.017853	3.500404
1119.000000	378.350159	3.497267
1120.000000	378.679260	3.490298
1121.000000	379.012360	3.487200
1122.000000	379.324158	3.481703
1123.000000	379.657990	3.477947
1124.000000	380.005096	3.471868
1125.000000	380.327118	3.467416
1126.000000	380.656616	3.464241
1127.000000	380.984009	3.461879
1128.000000	381.313690	3.455142
1129.000000	381.657471	3.449334
1130.000000	381.979431	3.444920
1131.000000	382.317352	3.440584
1132.000000	382.653595	3.437487
1133.000000	382.983551	3.434661
1134.000000	383.313721	3.431253
1135.000000	383.644287	3.426646
1136.000000	383.982239	3.421186
1137.000000	384.319824	3.417779
1138.000000	384.641754	3.413636
1139.000000	384.983917	3.413327
1140.000000	385.309723	3.409687
1141.000000	385.632477	3.404576
1142.000000	385.974060	3.402563
1143.000000	386.321442	3.395090
1144.000000	386.660675	3.393502
1145.000000	386.996857	3.388663
1146.000000	387.340027	3.385178
1147.000000	387.681641	3.382971
1148.000000	388.008575	3.379680
1149.000000	388.360718	3.375498
1150.000000	388.694031	3.370349
1151.000000	389.031433	3.365471
1152.000000	389.373352	3.364348
1153.000000	389.706146	3.360709
1154.000000	390.048889	3.356875
1155.000000	390.393372	3.354049
1156.000000	390.726135	3.347544
1157.000000	391.081604	3.342162
1158.000000	391.422424	3.339878
1159.000000	391.762451	3.337632
1160.000000	392.091919	3.334419
1161.000000	392.447388	3.329772
1162.000000	392.780945	3.327062
1163.000000	393.109406	3.322493
1164.000000	393.452911	3.320093
1165.000000	393.797241	3.316724
1166.000000	394.128998	3.312852
1167.000000	394.440155	3.310142
1168.000000	394.802094	3.305999
1169.000000	395.139801	3.304024
1170.000000	395.479126	3.301159
1171.000000	395.802399	3.296010
1172.000000	396.141968	3.292410
1173.000000	396.469849	3.290203
1174.000000	396.792358	3.285789
1175.000000	397.122192	3.282149
1176.000000	397.453003	3.278045
1177.000000	397.786133	3.275025
1178.000000	398.115479	3.271308
1179.000000	398.434418	3.267552
1180.000000	398.777222	3.264184
1181.000000	399.106384	3.259267
1182.000000	399.431580	3.257021
1183.000000	399.761475	3.251949
1184.000000	400.077637	3.247729
1185.000000	400.421265	3.245018
1186.000000	400.749756	3.241262
1187.000000	401.067078	3.239868
1188.000000	401.404877	3.237700
1189.000000	401.745728	3.233209
1190.000000	402.079224	3.231931
1191.000000	402.406982	3.226162
1192.000000	402.743286	3.223258
1193.000000	403.060608	3.220007
1194.000000	403.408905	3.215981
1195.000000	403.739624	3.214122
1196.000000	404.072968	3.212186
1197.000000	404.398560	3.210289
1198.000000	404.734253	3.204829
1199.000000	405.060486	3.201848
1200.000000	405.405273	3.199021
1201.000000	405.725586	3.193097
1202.000000	406.072601	3.192013
1203.000000	406.397583	3.188529
1204.000000	406.736206	3.183999
1205.000000	407.084167	3.179701
1206.000000	407.416840	3.178385
1207.000000	407.745087	3.174358
1208.000000	408.081238	3.170602
1209.000000	408.416626	3.167505
1210.000000	408.759216	3.164407
1211.000000	409.104980	3.159954
1212.000000	409.425018	3.156934
1213.000000	409.770630	3.151281
1214.000000	410.114349	3.146055
1215.000000	410.445313	3.144313
1216.000000	410.787354	3.140325
1217.000000	411.130707	3.138970
1218.000000	411.470978	3.136724
1219.000000	411.796509	3.132504
1220.000000	412.144653	3.129290
1221.000000	412.479980	3.126502
1222.000000	412.816833	3.121662
1223.000000	413.146484	3.118759
1224.000000	413.480652	3.118178
1225.000000	413.821320	3.114074
1226.000000	414.138947	3.113687
1227.000000	414.477081	3.109892
1228.000000	414.812103	3.106988
1229.000000	415.149017	3.102807
1230.000000	415.475128	3.099206
1231.000000	415.809570	3.097696
1232.000000	416.138367	3.095102
1233.000000	416.464142	3.090378
1234.000000	416.787872	3.087319
1235.000000	417.122162	3.084725
1236.000000	417.464691	3.079846
1237.000000	417.772705	3.076594
1238.000000	418.104614	3.073497
1239.000000	418.429962	3.069470
1240.000000	418.760437	3.068270
1241.000000	419.080994	3.065483
1242.000000	419.417480	3.061688
1243.000000	419.743591	3.060449
1244.000000	420.075439	3.054758
1245.000000	420.398682	3.049956
1246.000000	420.734863	3.047246
1247.000000	421.060730	3.044729
1248.000000	421.390808	3.042329
1249.000000	421.727295	3.039270
1250.000000	422.056519	3.036482
1251.000000	422.390503	3.034701
1252.000000	422.726257	3.030868
1253.000000	423.054321	3.026726
1254.000000	423.376740	3.025564
1255.000000	423.723480	3.021343
1256.000000	424.053253	3.019136
1257.000000	424.394135	3.017704
1258.000000	424.719025	3.013445
1259.000000	425.036407	3.011973
1260.000000	425.368195	3.010502
1261.000000	425.706329	3.005817
1262.000000	426.048615	3.002952
1263.000000	426.372589	3.000513
1264.000000	426.710449	2.996758
1265.000000	427.044281	2.994667
1266.000000	427.375610	2.991415
1267.000000	427.720825	2.989247
1268.000000	428.062531	2.987195
1269.000000	428.390961	2.982935
1270.000000	428.731201	2.977553
1271.000000	429.067261	2.974224
1272.000000	429.407990	2.971745
1273.000000	429.735138	2.970003
1274.000000	430.087921	2.967293
1275.000000	430.420258	2.965086
1276.000000	430.760101	2.961563
1277.000000	431.096619	2.959704
1278.000000	431.418457	2.956181
1279.000000	431.783203	2.950644
1280.000000	432.113281	2.950722
1281.000000	432.443695	2.947314
1282.000000	432.775909	2.944991
1283.000000	433.119965	2.941274
1284.000000	433.457764	2.941119
1285.000000	433.774658	2.936589
1286.000000	434.116089	2.934034
1287.000000	434.455902	2.929194
1288.000000	434.791840	2.927839
1289.000000	435.120209	2.925671
1290.000000	435.444427	2.921761
1291.000000	435.773132	2.920560
1292.000000	436.105499	2.918199
1293.000000	436.445160	2.915953
1294.000000	436.777832	2.914482
1295.000000	437.096558	2.912197
1296.000000	437.436279	2.908829
1297.000000	437.771332	2.906235
1298.000000	438.095459	2.901124
1299.000000	438.432159	2.901317
1300.000000	438.771423	2.897213
1301.000000	439.107025	2.894232
1302.000000	439.438354	2.892567
1303.000000	439.771912	2.891986
1304.000000	440.091736	2.887688
1305.000000	440.421509	2.886101
1306.000000	440.757813	2.884049
1307.000000	441.094269	2.878280
1308.000000	441.417236	2.878164
1309.000000	441.750122	2.873905
1310.000000	442.074463	2.872356
1311.000000	442.411560	2.869142
1312.000000	442.757111	2.867245
1313.000000	443.086304	2.864961
1314.000000	443.413605	2.862947
1315.000000	443.747925	2.856210
1316.000000	444.084961	2.855203
1317.000000	444.409027	2.852300
1318.000000	444.751556	2.849164
1319.000000	445.067017	2.848738
1320.000000	445.417175	2.846338
1321.000000	445.744904	2.843163
1322.000000	446.077667	2.842931
1323.000000	446.418945	2.839833
1324.000000	446.749939	2.837084
1325.000000	447.099396	2.834219
1326.000000	447.420898	2.831702
1327.000000	447.763794	2.828566
1328.000000	448.102173	2.826475
1329.000000	448.437500	2.824268
1330.000000	448.754150	2.822332
1331.000000	449.114105	2.821132
1332.000000	449.443939	2.818693
1333.000000	449.784210	2.818422
1334.000000	450.118896	2.816911
1335.000000	450.453003	2.813621
1336.000000	450.789825	2.811607
1337.000000	451.124115	2.809594
1338.000000	451.459320	2.807852
1339.000000	451.788116	2.806148
1340.000000	452.115021	2.802663
1341.000000	452.457062	2.801540
1342.000000	452.781372	2.796739
1343.000000	453.120972	2.795229
1344.000000	453.461273	2.795462
1345.000000	453.782227	2.792132
1346.000000	454.106812	2.789615
1347.000000	454.438751	2.786440
1348.000000	454.772949	2.785201
1349.000000	455.101440	2.781213
1350.000000	455.433441	2.779819
1351.000000	455.765961	2.777380
1352.000000	456.093536	2.775909
1353.000000	456.424011	2.771998
1354.000000	456.768402	2.771379
1355.000000	457.088867	2.770217
1356.000000	457.423340	2.768902
1357.000000	457.756439	2.766617
1358.000000	458.084900	2.766269
1359.000000	458.407227	2.763674
1360.000000	458.752625	2.762978
1361.000000	459.100830	2.757905
1362.000000	459.429535	2.755156
1363.000000	459.762146	2.753181
1364.000000	460.097107	2.749619
1365.000000	460.416199	2.747374
1366.000000	460.751404	2.746561
1367.000000	461.084351	2.746871
1368.000000	461.411469	2.745244
1369.000000	461.746826	2.740675
1370.000000	462.077759	2.740366
1371.000000	462.401062	2.738314
1372.000000	462.723907	2.737036
1373.000000	463.076538	2.731964
1374.000000	463.401001	2.729796
1375.000000	463.734894	2.728441
1376.000000	464.069916	2.728983
1377.000000	464.410828	2.726040
1378.000000	464.741943	2.724336
1379.000000	465.065033	2.722245
1380.000000	465.408569	2.720116
1381.000000	465.733673	2.720155
1382.000000	466.076508	2.718451
1383.000000	466.408783	2.716089
1384.000000	466.728363	2.716902
1385.000000	467.054199	2.713146
1386.000000	467.390717	2.713727
1387.000000	467.720490	2.711907
1388.000000	468.047485	2.708771
1389.000000	468.383667	2.706681
1390.000000	468.720734	2.704242
1391.000000	469.051147	2.703428
1392.000000	469.378540	2.701648
1393.000000	469.730408	2.699170
1394.000000	470.052734	2.698318
1395.000000	470.394470	2.695646
1396.000000	470.728790	2.695066
1397.000000	471.072876	2.693324
1398.000000	471.401123	2.690613
1399.000000	471.738556	2.689452
1400.000000	472.074249	2.685967
1401.000000	472.403198	2.684341
1402.000000	472.742188	2.683295
1403.000000	473.074738	2.683915
1404.000000	473.415863	2.680391
1405.000000	473.752197	2.677255
1406.000000	474.086182	2.676558
1407.000000	474.417114	2.673267
1408.000000	474.758484	2.672803
1409.000000	475.084229	2.671796
1410.000000	475.419434	2.669356
1411.000000	475.762787	2.668582
1412.000000	476.086548	2.666685
1413.000000	476.425568	2.664904
1414.000000	476.764435	2.663200
1415.000000	477.099731	2.662155
1416.000000	477.430664	2.657277
1417.000000	477.760040	2.656386
1418.000000	478.130066	2.653637
1419.000000	478.472931	2.653095
1420.000000	478.796967	2.650772
1421.000000	479.134277	2.649843
1422.000000	479.465118	2.649765
1423.000000	479.810059	2.648991
1424.000000	480.140259	2.646706
1425.000000	480.477631	2.646435
1426.000000	480.812988	2.644964
1427.000000	481.151123	2.644112
1428.000000	481.481079	2.642525
1429.000000	481.803558	2.639892
1430.000000	482.138702	2.637182
1431.000000	482.480469	2.636136
1432.000000	482.805908	2.634239
1433.000000	483.132904	2.632845
1434.000000	483.467712	2.631877
1435.000000	483.803589	2.631877
1436.000000	484.126312	2.629399
1437.000000	484.480591	2.629400
1438.000000	484.801941	2.626302
1439.000000	485.126404	2.625721
1440.000000	485.467133	2.622778
1441.000000	485.798462	2.622895
1442.000000	486.134155	2.620766
1443.000000	486.466248	2.620998
1444.000000	486.809418	2.619372
1445.000000	487.134155	2.618133
1446.000000	487.456573	2.616778
1447.000000	487.796722	2.614609
1448.000000	488.127960	2.615461
1449.000000	488.468292	2.613758
1450.000000	488.790619	2.610273
1451.000000	489.124298	2.610312
1452.000000	489.461365	2.607601
1453.000000	489.782837	2.609305
1454.000000	490.106812	2.606014
1455.000000	490.437042	2.603846
1456.000000	490.770142	2.602219
1457.000000	491.111084	2.600051
1458.000000	491.449341	2.599509
1459.000000	491.780609	2.598928
1460.000000	492.107056	2.598580
1461.000000	492.434814	2.595908
1462.000000	492.770538	2.595831
1463.000000	493.102417	2.592114
1464.000000	493.429932	2.592075
1465.000000	493.767578	2.590991
1466.000000	494.100952	2.589365
1467.000000	494.438507	2.586577
1468.000000	494.765900	2.586926
1469.000000	495.105225	2.584448
1470.000000	495.433960	2.583015
1471.000000	495.769135	2.580498
1472.000000	496.103210	2.581428
1473.000000	496.425720	2.579182
1474.000000	496.761322	2.577982
1475.000000	497.104614	2.574807
1476.000000	497.441742	2.573994
1477.000000	497.775482	2.573916
1478.000000	498.115509	2.572097
1479.000000	498.437378	2.572019
1480.000000	498.760498	2.570896
1481.000000	499.110107	2.568225
1482.000000	499.445404	2.568109
1483.000000	499.799255	2.567257
1484.000000	500.128540	2.564701
1485.000000	500.464539	2.562262
1486.000000	500.806915	2.561797
1487.000000	501.136963	2.558042
1488.000000	501.479340	2.557964
1489.000000	501.800476	2.557577
1490.000000	502.135040	2.555099
1491.000000	502.473907	2.553279
1492.000000	502.809937	2.551072
1493.000000	503.144562	2.550531
1494.000000	503.469025	2.550337
1495.000000	503.800323	2.547394
1496.000000	504.110687	2.546350
1497.000000	504.448242	2.546001
1498.000000	504.789673	2.543562
1499.000000	505.128662	2.542555
1500.000000	505.450806	2.542090
1501.000000	505.773804	2.539264
1502.000000	506.105652	2.537212
1503.000000	506.445160	2.536437
1504.000000	506.767426	2.535276
1505.000000	507.104492	2.534269
1506.000000	507.436462	2.531713
1507.000000	507.763367	2.531636
1508.000000	508.089844	2.531133
1509.000000	508.440125	2.528113
1510.000000	508.767944	2.525712
1511.000000	509.086548	2.525790
1512.000000	509.426453	2.524163
1513.000000	509.759277	2.523699
1514.000000	510.100433	2.522847
1515.000000	510.433289	2.522654
1516.000000	510.762726	2.520563
1517.000000	511.101440	2.519169
1518.000000	511.436859	2.519943
1519.000000	511.771332	2.518278
1520.000000	512.109497	2.516613
1521.000000	512.451904	2.514445
1522.000000	512.790100	2.513168
1523.000000	513.132019	2.513168
1524.000000	513.479187	2.511425
1525.000000	513.811890	2.510148
1526.000000	514.126709	2.507824
1527.000000	514.477234	2.508444
1528.000000	514.806946	2.506314
1529.000000	515.135559	2.504920
1530.000000	515.478088	2.504030
1531.000000	515.792419	2.503798
1532.000000	516.145752	2.501242
1533.000000	516.467407	2.501358
1534.000000	516.801025	2.499074
1535.000000	517.122864	2.495899
1536.000000	517.456787	2.496674
1537.000000	517.785156	2.497099
1538.000000	518.125549	2.495628
1539.000000	518.455322	2.493073
1540.000000	518.778931	2.492995
1541.000000	519.115051	2.492221
1542.000000	519.442749	2.492221
1543.000000	519.781555	2.487265
1544.000000	520.112305	2.487729
1545.000000	520.433838	2.486103
1546.000000	520.777588	2.485058
1547.000000	521.113647	2.482580
1548.000000	521.444336	2.483857
1549.000000	521.769958	2.481418
1550.000000	522.097778	2.482115
1551.000000	522.426514	2.480141
1552.000000	522.756958	2.477779
1553.000000	523.089233	2.475765
1554.000000	523.421143	2.474062
1555.000000	523.758606	2.475726
1556.000000	524.078613	2.475882
1557.000000	524.416565	2.473094
1558.000000	524.745056	2.472475
1559.000000	525.081482	2.472398
1560.000000	525.411133	2.471004
1561.000000	525.756042	2.471430
1562.000000	526.090210	2.468603
1563.000000	526.430908	2.467674
1564.000000	526.755249	2.467597
1565.000000	527.083984	2.465854
1566.000000	527.423767	2.463182
1567.000000	527.739502	2.462795
1568.000000	528.080872	2.457452
1569.000000	528.424255	2.459156
1570.000000	528.752197	2.458459
1571.000000	529.070435	2.455671
1572.000000	529.400635	2.456058
1573.000000	529.735229	2.453658
1574.000000	530.066895	2.454510
1575.000000	530.407410	2.453155
1576.000000	530.744141	2.451683
1577.000000	531.073547	2.449708
1578.000000	531.419250	2.449863
1579.000000	531.750671	2.448857
1580.000000	532.090637	2.446495
1581.000000	532.415039	2.447501
1582.000000	532.747559	2.446340
1583.000000	533.084961	2.444481
1584.000000	533.422363	2.444249
1585.000000	533.758789	2.442971
1586.000000	534.091675	2.442236
1587.000000	534.440552	2.440416
1588.000000	534.770264	2.441539
1589.000000	535.093689	2.437319
1590.000000	535.430420	2.437396
1591.000000	535.760132	2.434918
1592.000000	536.095276	2.434105
1593.000000	536.430725	2.434879
1594.000000	536.761536	2.432750
1595.000000	537.097107	2.431162
1596.000000	537.422180	2.430930
1597.000000	537.760620	2.429807
1598.000000	538.094849	2.428297
1599.000000	538.426880	2.427910
1600.000000	538.745605	2.427135
1601.000000	539.101868	2.425974
1602.000000	539.434753	2.423883
1603.000000	539.761658	2.423961
1604.000000	540.077942	2.425122
1605.000000	540.422241	2.423651
1606.000000	540.738647	2.422257
1607.000000	541.081665	2.420244
1608.000000	541.397949	2.420708
1609.000000	541.724854	2.419005
1610.000000	542.062012	2.418076
1611.000000	542.386047	2.419469
1612.000000	542.723022	2.418385
1613.000000	543.020447	2.416565
1614.000000	543.365479	2.416178
1615.000000	543.700317	2.415404
1616.000000	544.021057	2.413313
1617.000000	544.354736	2.413313
1618.000000	544.692383	2.412113
1619.000000	545.026794	2.409402
1620.000000	545.360291	2.408744
1621.000000	545.665283	2.409247
1622.000000	546.011169	2.405956
1623.000000	546.347412	2.408744
1624.000000	546.686096	2.407583
1625.000000	547.031128	2.404757
1626.000000	547.360107	2.403827
1627.000000	547.703857	2.402550
1628.000000	548.030457	2.399956
1629.000000	548.329651	2.399724
1630.000000	548.669678	2.397904
1631.000000	549.022156	2.396433
1632.000000	549.360352	2.397555
1633.000000	549.709167	2.396626
1634.000000	550.039124	2.396471
1635.000000	550.370605	2.394574
1636.000000	550.702393	2.394187
1637.000000	551.029053	2.391980
1638.000000	551.357727	2.391864
1639.000000	551.696533	2.392715
1640.000000	552.021667	2.389850
1641.000000	552.372986	2.387953
1642.000000	552.707275	2.388882
1643.000000	553.033020	2.387295
1644.000000	553.377563	2.383771
1645.000000	553.719055	2.383965
1646.000000	554.053467	2.383694
1647.000000	554.393677	2.381061
1648.000000	554.717957	2.381797
1649.000000	555.051025	2.381022
1650.000000	555.385986	2.379086
1651.000000	555.706482	2.380209
1652.000000	556.024902	2.378854
1653.000000	556.349060	2.378041
1654.000000	556.689209	2.377383
1655.000000	557.012268	2.374053
1656.000000	557.338562	2.373356
1657.000000	557.670654	2.373511
1658.000000	558.011230	2.372078
1659.000000	558.325439	2.371110
1660.000000	558.665283	2.370491
1661.000000	558.998779	2.369407
1662.000000	559.317322	2.370297
1663.000000	559.645020	2.368090
1664.000000	559.991943	2.367471
1665.000000	560.327393	2.367006
1666.000000	560.655518	2.364025
1667.000000	560.981384	2.363406
1668.000000	561.321533	2.363289
1669.000000	561.644897	2.361392
1670.000000	561.977051	2.360347
1671.000000	562.303406	2.359766
1672.000000	562.633545	2.357869
1673.000000	562.968933	2.358217
1674.000000	563.303589	2.356591
1675.000000	563.637695	2.354113
1676.000000	563.969055	2.356398
1677.000000	564.301880	2.353687
1678.000000	564.644958	2.352874
1679.000000	564.960022	2.353223
1680.000000	565.298584	2.352061
1681.000000	565.635742	2.349583
1682.000000	565.962280	2.348305
1683.000000	566.298767	2.348150
1684.000000	566.614746	2.347337
1685.000000	566.954773	2.346215
1686.000000	567.293518	2.344743
1687.000000	567.623108	2.345246
1688.000000	567.947205	2.345285
1689.000000	568.291321	2.344356
1690.000000	568.601135	2.342536
1691.000000	568.947632	2.339748
1692.000000	569.282898	2.340484
1693.000000	569.615479	2.339594
1694.000000	569.945679	2.340097
1695.000000	570.275818	2.336883
1696.000000	570.603271	2.336264
1697.000000	570.937317	2.335257
1698.000000	571.262634	2.334444
1699.000000	571.579041	2.333863
1700.000000	571.921631	2.333127
1701.000000	572.264832	2.331579
1702.000000	572.594788	2.332005
1703.000000	572.941895	2.330688
1704.000000	573.271118	2.329991
1705.000000	573.613525	2.327397
1706.000000	573.942566	2.328713
1707.000000	574.281738	2.328753
1708.000000	574.609253	2.325384
1709.000000	574.956482	2.324842
1710.000000	575.301758	2.324997
1711.000000	575.639465	2.324494
1712.000000	575.971313	2.323178
1713.000000	576.316650	2.323255
1714.000000	576.643433	2.323720
1715.000000	576.994812	2.322171
1716.000000	577.340149	2.322132
1717.000000	577.679810	2.321629
1718.000000	578.020264	2.317951
1719.000000	578.366821	2.318880
1720.000000	578.705261	2.316944
1721.000000	579.058167	2.315744
1722.000000	579.391296	2.315589
1723.000000	579.731384	2.315589
1724.000000	580.080322	2.313382
1725.000000	580.416565	2.313033
1726.000000	580.748596	2.311407
1727.000000	581.082764	2.309781
1728.000000	581.427734	2.311213
1729.000000	581.748352	2.309316
1730.000000	582.083008	2.307729
1731.000000	582.418884	2.305367
1732.000000	582.746216	2.307613
1733.000000	583.057861	2.307535
1734.000000	583.386292	2.306451
1735.000000	583.721191	2.303354
1736.000000	584.042297	2.302579
1737.000000	584.372986	2.300140
1738.000000	584.709961	2.300527
1739.000000	585.028381	2.301031
1740.000000	585.347534	2.300140
1741.000000	585.668579	2.298630
1742.000000	586.011230	2.298785
1743.000000	586.331482	2.296384
1744.000000	586.652588	2.294874
1745.000000	586.989502	2.295029
1746.000000	587.338867	2.293519
1747.000000	587.666260	2.291312
1748.000000	587.989746	2.288563
1749.000000	588.335449	2.287596
1750.000000	588.676147	2.288254
1751.000000	589.015869	2.287131
1752.000000	589.353271	2.285969
1753.000000	589.679810	2.283375
1754.000000	590.012207	2.284111
1755.000000	590.360413	2.282794
1756.000000	590.687866	2.280394
1757.000000	591.040100	2.280704
1758.000000	591.364502	2.279619
1759.000000	591.699402	2.279000
1760.000000	592.052490	2.279658
1761.000000	592.394287	2.276096
1762.000000	592.725342	2.277800
1763.000000	593.065674	2.278923
1764.000000	593.397888	2.275244
1765.000000	593.730164	2.274663
1766.000000	594.076660	2.274044
1767.000000	594.402832	2.274315
1768.000000	594.737671	2.273347
1769.000000	595.068604	2.272224
1770.000000	595.397583	2.273231
1771.000000	595.746643	2.269707
1772.000000	596.078186	2.270249
1773.000000	596.414246	2.269049
1774.000000	596.737366	2.268972
1775.000000	597.069763	2.267462
1776.000000	597.395996	2.265758
1777.000000	597.727295	2.265797
1778.000000	598.049377	2.264519
1779.000000	598.388428	2.262467
1780.000000	598.703369	2.263164
1781.000000	599.033813	2.260454
1782.000000	599.358948	2.260183
1783.000000	599.686646	2.260725
1784.000000	599.992798	2.259641
1785.000000	600.347900	2.257163
1786.000000	600.676270	2.257976
1787.000000	601.004883	2.257976
1788.000000	601.336914	2.255111
1789.000000	601.665894	2.253368
1790.000000	601.994873	2.254259
1791.000000	602.325195	2.253988
1792.000000	602.660522	2.253097
1793.000000	602.997498	2.251433
1794.000000	603.327881	2.250620
1795.000000	603.674072	2.250233
1796.000000	604.029419	2.250077
1797.000000	604.367920	2.249420
1798.000000	604.696838	2.249691
1799.000000	605.046204	2.247252
1800.000000	605.394653	2.247910
1801.000000	605.742615	2.247522
1802.000000	606.061523	2.244928
1803.000000	606.412415	2.246245
1804.000000	606.745178	2.246477
1805.000000	607.097961	2.244696
1806.000000	607.433533	2.243109
1807.000000	607.767090	2.242218
1808.000000	608.091797	2.240979
1809.000000	608.433655	2.239972
1810.000000	608.768677	2.240050
1811.000000	609.098633	2.238966
1812.000000	609.427307	2.238153
1813.000000	609.745911	2.237417
1814.000000	610.073242	2.235094
1815.000000	610.393982	2.235597
1816.000000	610.719299	2.235094
1817.000000	611.052795	2.234551
1818.000000	611.364197	2.231532
1819.000000	611.698425	2.230835
1820.000000	612.038391	2.230951
1821.000000	612.355347	2.230409
1822.000000	612.685059	2.229480
1823.000000	613.027588	2.228705
1824.000000	613.357178	2.229286
1825.000000	613.673828	2.228550
1826.000000	613.999084	2.228473
1827.000000	614.329590	2.226769
1828.000000	614.660461	2.226537
1829.000000	614.990967	2.224485
1830.000000	615.334534	2.224988
1831.000000	615.663574	2.224252
1832.000000	616.005798	2.224485
1833.000000	616.324402	2.221736
1834.000000	616.671936	2.222665
1835.000000	617.026001	2.221968
1836.000000	617.357056	2.222858
1837.000000	617.700684	2.221039
1838.000000	618.030273	2.220226
1839.000000	618.368347	2.221349
1840.000000	618.714600	2.219219
1841.000000	619.053040	2.218213
1842.000000	619.385986	2.217206
1843.000000	619.732605	2.218716
1844.000000	620.078918	2.216548
1845.000000	620.413452	2.215231
1846.000000	620.753357	2.216509
1847.000000	621.081604	2.215696
1848.000000	621.415039	2.213682
1849.000000	621.775269	2.213489
1850.000000	622.094482	2.212366
1851.000000	622.446899	2.210120
1852.000000	622.786255	2.208571
1853.000000	623.115906	2.210624
1854.000000	623.434631	2.209269
1855.000000	623.772705	2.206945
1856.000000	624.107544	2.206752
1857.000000	624.445496	2.207023
1858.000000	624.783142	2.203771
1859.000000	625.098572	2.203693
1860.000000	625.449707	2.203616
1861.000000	625.776978	2.203074
1862.000000	626.122192	2.203306
1863.000000	626.455933	2.201060
1864.000000	626.797363	2.199860
1865.000000	627.129639	2.201989
1866.000000	627.449463	2.199008
1867.000000	627.782288	2.199512
1868.000000	628.113831	2.197808
1869.000000	628.452820	2.197421
1870.000000	628.780457	2.196530
1871.000000	629.114014	2.196298
1872.000000	629.463074	2.196878
1873.000000	629.800903	2.197846
1874.000000	630.121826	2.196878
1875.000000	630.446289	2.193588
1876.000000	630.785950	2.193316
1877.000000	631.118164	2.191961
1878.000000	631.443848	2.190761
1879.000000	631.764832	2.190877
1880.000000	632.064026	2.189522
1881.000000	632.376648	2.187741
1882.000000	632.664124	2.185650
1883.000000	632.971069	2.185340
1884.000000	633.295044	2.185302
1885.000000	633.642578	2.184256
1886.000000	633.971558	2.185108
1887.000000	634.318970	2.182630
1888.000000	634.639465	2.182127
1889.000000	634.947449	2.184682
1890.000000	635.243652	2.181159
1891.000000	635.557861	2.180268
1892.000000	635.865051	2.178526
1893.000000	636.190796	2.177597
1894.000000	636.503235	2.178487
1895.000000	636.807800	2.177443
1896.000000	637.117554	2.177945
1897.000000	637.447449	2.177442
1898.000000	637.772522	2.179107
1899.000000	638.095520	2.176823
1900.000000	638.414429	2.176281
1901.000000	638.736206	2.175739
1902.000000	639.052734	2.176591
1903.000000	639.367249	2.174306
1904.000000	639.694885	2.172332
1905.000000	639.999817	2.171247
1906.000000	640.335449	2.171519
1907.000000	640.651855	2.171635
1908.000000	640.985596	2.168924
1909.000000	641.325073	2.168731
1910.000000	641.675293	2.169234
1911.000000	641.993958	2.165827
1912.000000	642.333069	2.165285
1913.000000	642.671814	2.164588
1914.000000	642.988831	2.165014
1915.000000	643.333313	2.162923
1916.000000	643.680420	2.160367
1917.000000	644.017273	2.162962
1918.000000	644.362854	2.159206
1919.000000	644.698547	2.158316
1920.000000	645.035767	2.159438
1921.000000	645.379150	2.158974
1922.000000	645.700195	2.156496
1923.000000	646.032471	2.155605
1924.000000	646.375000	2.156225
1925.000000	646.712402	2.152740
1926.000000	647.049500	2.151540
1927.000000	647.389282	2.151346
1928.000000	647.735352	2.151617
1929.000000	648.070984	2.152353
1930.000000	648.403198	2.151230
1931.000000	648.721069	2.149991
1932.000000	649.056885	2.148365
1933.000000	649.406250	2.147939
1934.000000	649.782227	2.148287
1935.000000	650.160522	2.146894
1936.000000	650.514404	2.147126
1937.000000	650.882751	2.144067
1938.000000	651.246094	2.146622
1939.000000	651.614929	2.143641
1940.000000	651.963989	2.141202
1941.000000	652.313721	2.143022
1942.000000	652.666260	2.141667
1943.000000	653.011292	2.142364
1944.000000	653.380493	2.141280
1945.000000	653.728516	2.136323
1946.000000	654.065063	2.138027
1947.000000	654.427734	2.137175
1948.000000	654.750366	2.135936
1949.000000	655.091370	2.136672
1950.000000	655.440430	2.134233
1951.000000	655.767090	2.134194
1952.000000	656.114746	2.132955
1953.000000	656.468323	2.131832
1954.000000	656.803223	2.130980
1955.000000	657.146240	2.130593
1956.000000	657.480286	2.129741
1957.000000	657.825134	2.130980
1958.000000	658.163574	2.128851
1959.000000	658.501282	2.128038
1960.000000	658.824951	2.128425
1961.000000	659.164673	2.127263
1962.000000	659.490906	2.125792
1963.000000	659.819092	2.124514
1964.000000	660.143616	2.125018
1965.000000	660.474243	2.123972
1966.000000	660.819885	2.124553
1967.000000	661.153381	2.123159
1968.000000	661.488281	2.122927
1969.000000	661.819946	2.121688
1970.000000	662.154053	2.121378
1971.000000	662.476135	2.120643
1972.000000	662.812744	2.119055
1973.000000	663.140137	2.119210
1974.000000	663.468079	2.118629
1975.000000	663.805298	2.117506
1976.000000	664.122559	2.115996
1977.000000	664.455078	2.116306
1978.000000	664.787842	2.117003
1979.000000	665.123047	2.114680
1980.000000	665.461060	2.115454
1981.000000	665.788269	2.113905
1982.000000	666.133484	2.113131
1983.000000	666.472168	2.109879
1984.000000	666.801758	2.110537
1985.000000	667.154053	2.110769
1986.000000	667.492371	2.109221
1987.000000	667.841248	2.107943
1988.000000	668.148254	2.109104
1989.000000	668.494507	2.106897
1990.000000	668.823730	2.106239
1991.000000	669.171143	2.107207
1992.000000	669.507507	2.105503
1993.000000	669.847290	2.104729
1994.000000	670.164734	2.103219
1995.000000	670.488647	2.104187
1996.000000	670.837952	2.102213
1997.000000	671.180359	2.101439
1998.000000	671.503723	2.100200
1999.000000	671.835022	2.098922
2000.000000	672.170654	2.098225
2001.000000	672.508972	2.097180
2002.000000	672.856201	2.097954
2003.000000	673.182922	2.096870
2004.000000	673.527466	2.097451
2005.000000	673.842712	2.093927
2006.000000	674.165283	2.095011
2007.000000	674.515259	2.095863
2008.000000	674.825684	2.092456
2009.000000	675.155273	2.093269
2010.000000	675.464050	2.090288
2011.000000	675.802002	2.091875
2012.000000	676.135376	2.089397
2013.000000	676.461304	2.090443
2014.000000	676.783813	2.087384
2015.000000	677.127319	2.088042
2016.000000	677.460693	2.086803
2017.000000	677.788818	2.085951
2018.000000	678.105164	2.085525
2019.000000	678.447021	2.086184
2020.000000	678.782410	2.084054
2021.000000	679.111206	2.084867
2022.000000	679.442261	2.084325
2023.000000	679.770264	2.082583
2024.000000	680.107849	2.082815
2025.000000	680.436035	2.081808
2026.000000	680.772949	2.080840
2027.000000	681.109619	2.079950
2028.000000	681.451233	2.079950
2029.000000	681.781250	2.079485
2030.000000	682.090332	2.079408
2031.000000	682.422791	2.080569
2032.000000	682.756592	2.078517
2033.000000	683.088928	2.077782
2034.000000	683.434998	2.076852
2035.000000	683.760498	2.076078
2036.000000	684.095703	2.076891
2037.000000	684.416077	2.075652
2038.000000	684.748962	2.075729
2039.000000	685.083862	2.076272
2040.000000	685.409424	2.075149
2041.000000	685.752319	2.073639
2042.000000	686.095886	2.072245
2043.000000	686.431519	2.074258
2044.000000	686.773376	2.071664
2045.000000	687.101379	2.070348
2046.000000	687.446167	2.071470
2047.000000	687.779846	2.069031
2048.000000	688.113281	2.069767
2049.000000	688.453430	2.067521
2050.000000	688.780701	2.067986
2051.000000	689.122803	2.066437
2052.000000	689.463074	2.066282
2053.000000	689.798096	2.066128
2054.000000	690.128662	2.066321
2055.000000	690.461487	2.065160
2056.000000	690.808777	2.064501
2057.000000	691.153320	2.063766
2058.000000	691.493530	2.063766
2059.000000	691.825500	2.060087
2060.000000	692.144287	2.060745
2061.000000	692.485779	2.059971
2062.000000	692.799316	2.063378
2063.000000	693.135193	2.058926
2064.000000	693.471680	2.058616
2065.000000	693.785889	2.058074
2066.000000	694.117859	2.058965
2067.000000	694.459351	2.058151
2068.000000	694.774170	2.056835
2069.000000	695.122681	2.056719
2070.000000	695.461121	2.054628
2071.000000	695.794983	2.054396
2072.000000	696.111572	2.053970
2073.000000	696.437988	2.055364
2074.000000	696.764099	2.053621
2075.000000	697.092407	2.054435
2076.000000	697.433960	2.052344
2077.000000	697.755676	2.053002
2078.000000	698.078369	2.052576
2079.000000	698.392029	2.051802
2080.000000	698.744568	2.051105
2081.000000	699.073730	2.051105
2082.000000	699.403687	2.051105
2083.000000	699.735718	2.049904
2084.000000	700.062378	2.049517
2085.000000	700.410645	2.049672
2086.000000	700.736755	2.049207
2087.000000	701.059998	2.049052
2088.000000	701.409058	2.046923
2089.000000	701.759949	2.046962
2090.000000	702.097534	2.047000
2091.000000	702.429504	2.047659
2092.000000	702.762878	2.046575
2093.000000	703.094971	2.044406
2094.000000	703.426758	2.044058
2095.000000	703.766968	2.043826
2096.000000	704.089783	2.044716
2097.000000	704.427917	2.043051
2098.000000	704.746704	2.043671
2099.000000	705.083008	2.043283
2100.000000	705.420410	2.041270
2101.000000	705.766357	2.040225
2102.000000	706.091553	2.042354
2103.000000	706.432861	2.039295
2104.000000	706.785645	2.039102
2105.000000	707.112732	2.039992
2106.000000	707.456604	2.038327
2107.000000	707.778320	2.036546
2108.000000	708.109741	2.037979
2109.000000	708.441101	2.038521
2110.000000	708.770691	2.035307
2111.000000	709.088074	2.037282
2112.000000	709.447754	2.037243
2113.000000	709.791748	2.036082
2114.000000	710.115112	2.032636
2115.000000	710.437134	2.036237
2116.000000	710.773865	2.033023
2117.000000	711.122803	2.033952
2118.000000	711.457764	2.032636
2119.000000	711.791504	2.034959
2120.000000	712.106018	2.032171
2121.000000	712.439697	2.033333
2122.000000	712.756348	2.031745
2123.000000	713.103027	2.030236
2124.000000	713.421997	2.030661
2125.000000	713.762573	2.030352
2126.000000	714.084961	2.029461
2127.000000	714.422363	2.029771
2128.000000	714.753906	2.030662
2129.000000	715.107300	2.029152
2130.000000	715.427734	2.029229
2131.000000	715.770508	2.030739
2132.000000	716.094238	2.028223
2133.000000	716.417847	2.028261
2134.000000	716.745422	2.028338
2135.000000	717.074951	2.027835
2136.000000	717.394775	2.027719
2137.000000	717.735718	2.026984
2138.000000	718.065247	2.027680
2139.000000	718.410645	2.025164
2140.000000	718.736572	2.026442
2141.000000	719.070068	2.025784
2142.000000	719.403320	2.024816
2143.000000	719.731079	2.025861
2144.000000	720.079224	2.025900
2145.000000	720.408020	2.024816
2146.000000	720.730774	2.023460
2147.000000	721.067322	2.024661
2148.000000	721.388672	2.023228
2149.000000	721.745911	2.023499
2150.000000	722.091553	2.024312
2151.000000	722.416809	2.024583
2152.000000	722.762207	2.022066
2153.000000	723.100769	2.022492
2154.000000	723.434814	2.021873
2155.000000	723.766785	2.022144
2156.000000	724.105164	2.019937
2157.000000	724.436035	2.020673
2158.000000	724.772095	2.019743
2159.000000	725.079041	2.019937
2160.000000	725.410400	2.021718
2161.000000	725.752686	2.020556
2162.000000	726.081726	2.020401
2163.000000	726.401184	2.019085
2164.000000	726.709961	2.019085
2165.000000	727.038574	2.019008
2166.000000	727.379272	2.017304
2167.000000	727.711609	2.017459
2168.000000	728.046753	2.017769
2169.000000	728.369507	2.016026
2170.000000	728.657715	2.015523
2171.000000	728.942505	2.015910
2172.000000	729.221497	2.015717
2173.000000	729.522461	2.016762
2174.000000	729.821838	2.013122
2175.000000	730.151367	2.015833
2176.000000	730.466248	2.015484
2177.000000	730.803650	2.014555
2178.000000	731.121765	2.013974
2179.000000	731.475037	2.013238
2180.000000	731.834900	2.013355
2181.000000	732.206177	2.010799
2182.000000	732.562622	2.012658
2183.000000	732.892334	2.009792
2184.000000	733.262817	2.010451
2185.000000	733.609131	2.008631
2186.000000	733.951294	2.009251
2187.000000	734.296631	2.010064
2188.000000	734.630005	2.009986
2189.000000	734.979431	2.008786
2190.000000	735.325684	2.009173
2191.000000	735.673218	2.007547
2192.000000	735.993896	2.009367
2193.000000	736.338135	2.008515
2194.000000	736.683533	2.009018
2195.000000	737.014893	2.006463
2196.000000	737.363342	2.007740
2197.000000	737.709961	2.006424
2198.000000	738.046509	2.006269
2199.000000	738.377258	2.006308
2200.000000	738.713623	2.004992
2201.000000	739.059998	2.002591
2202.000000	739.409668	2.003636
2203.000000	739.746826	2.002126
2204.000000	740.080688	2.002204
2205.000000	740.419128	2.004449
2206.000000	740.753906	2.002475
2207.000000	741.082520	2.001894
2208.000000	741.431519	2.002746
2209.000000	741.769287	2.002010
2210.000000	742.092834	2.001197
2211.000000	742.421570	2.002320
2212.000000	742.756714	2.002978
2213.000000	743.090149	2.000074
2214.000000	743.421082	2.002320
2215.000000	743.765625	2.000694
2216.000000	744.087463	2.000306
2217.000000	744.435913	1.999609
2218.000000	744.761292	1.997867
2219.000000	745.103027	1.999455
2220.000000	745.438721	1.998022
2221.000000	745.770813	1.999532
2222.000000	746.118042	1.997751
2223.000000	746.439148	1.998951
2224.000000	746.788208	1.998061
2225.000000	747.120239	1.997983
2226.000000	747.424194	1.996899
2227.000000	747.781494	1.996164
2228.000000	748.126221	1.998061
2229.000000	748.459717	1.996202
2230.000000	748.777466	1.995312
2231.000000	749.118652	1.995389
2232.000000	749.454407	1.994422
2233.000000	749.779846	1.994886
2234.000000	750.112183	1.993763
2235.000000	750.439270	1.994538
2236.000000	750.765320	1.992679
2237.000000	751.091309	1.991789
2238.000000	751.409729	1.992137
2239.000000	751.747803	1.990472
2240.000000	752.070129	1.990395
2241.000000	752.405762	1.987723
2242.000000	752.726318	1.989892
2243.000000	753.043945	1.989156
2244.000000	753.376709	1.989621
2245.000000	753.705078	1.988149
2246.000000	754.043762	1.986717
2247.000000	754.378052	1.990472
2248.000000	754.724060	1.988614
2249.000000	755.054932	1.986136
2250.000000	755.391846	1.984664
2251.000000	755.720215	1.985207
2252.000000	756.063293	1.986871
2253.000000	756.384460	1.984781
2254.000000	756.730530	1.985478
2255.000000	757.070801	1.983348
2256.000000	757.413818	1.983774
2257.000000	757.744324	1.982225
2258.000000	758.067871	1.981993
2259.000000	758.417603	1.982961
2260.000000	758.737976	1.982922
2261.000000	759.052734	1.981683
2262.000000	759.386902	1.982186
2263.000000	759.714417	1.980870
2264.000000	760.037598	1.980018
2265.000000	760.377441	1.980096
2266.000000	760.694214	1.978741
2267.000000	761.026367	1.978779
2268.000000	761.351990	1.980909
2269.000000	761.691040	1.979438
2270.000000	762.028992	1.980250
2271.000000	762.366455	1.978857
2272.000000	762.692627	1.979167
2273.000000	763.043457	1.978508
2274.000000	763.373230	1.978005
2275.000000	763.711975	1.977928
2276.000000	764.023438	1.978934
2277.000000	764.370300	1.977231
2278.000000	764.708801	1.977811
2279.000000	765.029053	1.977076
2280.000000	765.361145	1.975721
2281.000000	765.703613	1.976379
2282.000000	766.039307	1.976572
2283.000000	766.364990	1.976572
2284.000000	766.687683	1.974636
2285.000000	767.013000	1.974172
2286.000000	767.371643	1.975178
2287.000000	767.712158	1.976030
2288.000000	768.045654	1.975914
2289.000000	768.376221	1.974482
2290.000000	768.708862	1.972933
2291.000000	769.031982	1.974404
2292.000000	769.365906	1.973591
2293.000000	769.701599	1.972197
2294.000000	770.025452	1.972700
2295.000000	770.380432	1.971268
2296.000000	770.685669	1.971771
2297.000000	771.012512	1.972120
2298.000000	771.338867	1.971074
2299.000000	771.654114	1.972468
2300.000000	771.981262	1.969913
2301.000000	772.297363	1.968829
2302.000000	772.605591	1.969758
2303.000000	772.909241	1.969448
2304.000000	773.207703	1.969022
2305.000000	773.502686	1.968790
2306.000000	773.834229	1.967938
2307.000000	774.134827	1.966854
2308.000000	774.476929	1.966893
2309.000000	774.855713	1.964841
2310.000000	775.231506	1.968171
2311.000000	775.577393	1.963950
2312.000000	775.920410	1.966622
2313.000000	776.253540	1.966389
2314.000000	776.597168	1.965731
2315.000000	776.954712	1.963718
2316.000000	777.325989	1.963331
2317.000000	777.663696	1.962479
2318.000000	778.002136	1.963253
2319.000000	778.349976	1.963718
2320.000000	778.684204	1.961550
2321.000000	779.010254	1.959227
2322.000000	779.349060	1.959768
2323.000000	779.659729	1.958684
2324.000000	779.995605	1.959343
2325.000000	780.320923	1.959420
2326.000000	780.661865	1.959807
2327.000000	780.999084	1.957872
2328.000000	781.330566	1.958684
2329.000000	781.669861	1.957911
2330.000000	781.991699	1.958452
2331.000000	782.334961	1.957330
2332.000000	782.688354	1.954736
2333.000000	783.007813	1.956323
2334.000000	783.330200	1.955897
2335.000000	783.671021	1.955549
2336.000000	784.042603	1.955433
2337.000000	784.377930	1.955316
2338.000000	784.712341	1.955200
2339.000000	785.040222	1.957214
2340.000000	785.387695	1.954774
2341.000000	785.729614	1.956013
2342.000000	786.056885	1.954116
2343.000000	786.395691	1.955316
2344.000000	786.711182	1.953342
2345.000000	787.058472	1.953613
2346.000000	787.393555	1.952645
2347.000000	787.738586	1.951987
2348.000000	788.065125	1.953148
2349.000000	788.410339	1.951754
2350.000000	788.734497	1.951832
2351.000000	789.069153	1.951328
2352.000000	789.406433	1.951174
2353.000000	789.729431	1.950206
2354.000000	790.049744	1.950554
2355.000000	790.349609	1.950786
2356.000000	790.721191	1.950980
2357.000000	791.057678	1.950902
2358.000000	791.391296	1.949586
2359.000000	791.721619	1.949741
2360.000000	792.067383	1.950089
2361.000000	792.399414	1.948037
2362.000000	792.722717	1.949044
2363.000000	793.048035	1.950051
2364.000000	793.366943	1.948463
2365.000000	793.702087	1.946992
2366.000000	794.030334	1.947031
2367.000000	794.359436	1.947844
2368.000000	794.698486	1.946721
2369.000000	795.027832	1.947534
2370.000000	795.364746	1.947031
2371.000000	795.713989	1.945288
2372.000000	796.053894	1.943894
2373.000000	796.401733	1.945714
2374.000000	796.729004	1.946140
2375.000000	797.064026	1.944785
2376.000000	797.380859	1.944436
2377.000000	797.708862	1.944978
2378.000000	798.027771	1.942888
2379.000000	798.338562	1.940526
2380.000000	798.695190	1.942346
2381.000000	799.010803	1.943468
2382.000000	799.328125	1.941184
2383.000000	799.672119	1.941378
2384.000000	800.019958	1.940448
2385.000000	800.341370	1.941649
2386.000000	800.646729	1.939829
2387.000000	800.964844	1.940758
2388.000000	801.280518	1.940061
2389.000000	801.627441	1.940255
2390.000000	801.962280	1.937738
2391.000000	802.287964	1.938203
2392.000000	802.609985	1.937196
2393.000000	802.928223	1.938822
2394.000000	803.263062	1.938125
2395.000000	803.595459	1.939054
2396.000000	803.937622	1.936577
2397.000000	804.278809	1.935763
2398.000000	804.620789	1.934679
2399.000000	804.975952	1.934873
2400.000000	805.320557	1.934989
2401.000000	805.653687	1.936577
2402.000000	805.958252	1.936151
2403.000000	806.273865	1.934447
2404.000000	806.586975	1.933285
2405.000000	806.905884	1.934525
2406.000000	807.234741	1.934331
2407.000000	807.578247	1.934215
2408.000000	807.932617	1.934795
2409.000000	808.262939	1.934679
2410.000000	808.590271	1.932860
2411.000000	808.910522	1.934137
2412.000000	809.218506	1.930962
2413.000000	809.567322	1.932317
2414.000000	809.903198	1.931350
