0.000000	31.402733	10.140666
1.000000	31.424767	10.139388
2.000000	31.456793	10.139194
3.000000	31.489788	10.140046
4.000000	31.525787	10.140511
5.000000	31.564678	10.138148
6.000000	31.605734	10.138924
7.000000	31.626085	10.138150
8.000000	31.661242	10.137724
9.000000	31.701820	10.136755
10.000000	31.745165	10.136833
11.000000	31.795732	10.136716
12.000000	31.845098	10.137375
13.000000	31.910357	10.136679
14.000000	31.951056	10.134586
15.000000	32.010056	10.135555
16.000000	32.066040	10.132923
17.000000	32.120941	10.133697
18.000000	32.186203	10.132844
19.000000	32.253632	10.132650
20.000000	32.304081	10.133038
21.000000	32.377525	10.131335
22.000000	32.438690	10.129516
23.000000	32.515388	10.128897
24.000000	32.578362	10.127348
25.000000	32.657951	10.128664
26.000000	32.728626	10.127773
27.000000	32.811104	10.125567
28.000000	32.893219	10.124754
29.000000	32.971481	10.124057
30.000000	33.043842	10.121734
31.000000	33.126923	10.120571
32.000000	33.213375	10.119643
33.000000	33.293926	10.120224
34.000000	33.378693	10.121307
35.000000	33.466465	10.119024
36.000000	33.550987	10.117553
37.000000	33.638046	10.116119
38.000000	33.733883	10.115036
39.000000	33.815399	10.112441
40.000000	33.908710	10.112403
41.000000	34.005272	10.111280
42.000000	34.099548	10.112946
43.000000	34.187927	10.109770
44.000000	34.285095	10.107834
45.000000	34.394058	10.108067
46.000000	34.472805	10.107368
47.000000	34.581772	10.106595
48.000000	34.669308	10.102298
49.000000	34.767799	10.101135
50.000000	34.869064	10.098889
51.000000	34.976700	10.099626
52.000000	35.070976	10.097186
53.000000	35.164890	10.098192
54.000000	35.265190	10.094631
55.000000	35.359711	10.094437
56.000000	35.467831	10.092191
57.000000	35.569092	10.092733
58.000000	35.670952	10.091882
59.000000	35.784851	10.090178
60.000000	35.897190	10.088203
61.000000	36.010010	10.086151
62.000000	36.127888	10.085879
63.000000	36.246845	10.085532
64.000000	36.374958	10.084214
65.000000	36.501625	10.081969
66.000000	36.642014	10.080498
67.000000	36.774700	10.079374
68.000000	36.913765	10.077477
69.000000	37.071499	10.077750
70.000000	37.225372	10.074265
71.000000	37.392860	10.072483
72.000000	37.559380	10.070624
73.000000	37.731796	10.070004
74.000000	37.913483	10.069347
75.000000	38.105053	10.067023
76.000000	38.307571	10.066055
77.000000	38.511417	10.065707
78.000000	38.729469	10.063732
79.000000	38.961243	10.062804
80.000000	39.198448	10.062688
81.000000	39.448044	10.060444
82.000000	39.703541	10.058507
83.000000	39.970963	10.057694
84.000000	40.247169	10.054441
85.000000	40.536167	10.052776
86.000000	40.823990	10.052933
87.000000	41.108219	10.050301
88.000000	41.433685	10.048325
89.000000	41.756519	10.046272
90.000000	42.087845	10.042168
91.000000	42.425499	10.043058
92.000000	42.773193	10.040890
93.000000	43.122803	10.038877
94.000000	43.491417	10.037483
95.000000	43.875332	10.035431
96.000000	44.249802	10.035586
97.000000	44.646622	10.033689
98.000000	45.045952	10.029856
99.000000	45.442059	10.029391
100.000000	45.857521	10.024009
101.000000	46.272511	10.021996
102.000000	46.697186	10.019440
103.000000	47.127831	10.016884
104.000000	47.564098	10.014058
105.000000	48.006336	10.013052
106.000000	48.445351	10.009257
107.000000	48.891060	10.004223
108.000000	49.339993	9.999190
109.000000	49.802311	9.997873
110.000000	50.246819	9.995125
111.000000	50.696262	9.991951
112.000000	51.130581	9.988583
113.000000	51.593216	9.984478
114.000000	52.040520	9.980801
115.000000	52.489719	9.976580
116.000000	52.935001	9.973056
117.000000	53.385868	9.968409
118.000000	53.826622	9.965932
119.000000	54.266796	9.962021
120.000000	54.706127	9.958304
121.000000	55.149975	9.953813
122.000000	55.571342	9.951103
123.000000	55.994743	9.945875
124.000000	56.423492	9.942584
125.000000	56.857346	9.940454
126.000000	57.263023	9.936273
127.000000	57.681309	9.932827
128.000000	58.079838	9.927368
129.000000	58.476360	9.921948
130.000000	58.882629	9.918232
131.000000	59.278782	9.913043
132.000000	59.666504	9.909209
133.000000	60.042084	9.903362
134.000000	60.414337	9.898484
135.000000	60.786594	9.893297
136.000000	61.144775	9.890044
137.000000	61.504520	9.885863
138.000000	61.847485	9.883113
139.000000	62.194946	9.875989
140.000000	62.542404	9.871150
141.000000	62.881454	9.868013
142.000000	63.211502	9.861160
143.000000	63.542023	9.856359
144.000000	63.869110	9.852177
145.000000	64.180313	9.846370
146.000000	64.476837	9.843311
147.000000	64.793610	9.840019
148.000000	65.091675	9.835760
149.000000	65.387360	9.832508
150.000000	65.687920	9.829218
151.000000	65.983368	9.823682
152.000000	66.269463	9.817719
153.000000	66.558754	9.814582
154.000000	66.841293	9.809897
155.000000	67.125740	9.803703
156.000000	67.395134	9.798049
157.000000	67.664993	9.794178
158.000000	67.940666	9.790034
159.000000	68.207336	9.786705
160.000000	68.491653	9.780123
161.000000	68.764244	9.774469
162.000000	69.028534	9.770598
163.000000	69.295097	9.766456
164.000000	69.548607	9.763978
165.000000	69.817055	9.757899
166.000000	70.085968	9.753370
167.000000	70.342453	9.750504
168.000000	70.608757	9.746244
169.000000	70.865593	9.743844
170.000000	71.129303	9.739585
171.000000	71.393929	9.736759
172.000000	71.662422	9.731609
173.000000	71.921417	9.726847
174.000000	72.193436	9.726072
175.000000	72.464867	9.719800
176.000000	72.743500	9.715928
177.000000	73.009956	9.712017
178.000000	73.288719	9.706169
179.000000	73.571632	9.704544
180.000000	73.845184	9.698078
181.000000	74.129860	9.695409
182.000000	74.417267	9.691963
183.000000	74.700287	9.688478
184.000000	74.974670	9.684451
185.000000	75.285759	9.681585
186.000000	75.580505	9.673532
187.000000	75.880562	9.670705
188.000000	76.182892	9.666795
189.000000	76.486038	9.668189
190.000000	76.804329	9.661918
191.000000	77.118729	9.657851
192.000000	77.433113	9.653167
193.000000	77.749290	9.650340
194.000000	78.083801	9.647126
195.000000	78.403046	9.642673
196.000000	78.743835	9.640389
197.000000	79.080841	9.639188
198.000000	79.419739	9.635122
199.000000	79.759460	9.631715
200.000000	80.106880	9.627381
201.000000	80.456314	9.623818
202.000000	80.802780	9.620255
203.000000	81.148071	9.616810
204.000000	81.506500	9.615260
205.000000	81.870850	9.610576
206.000000	82.227615	9.606819
207.000000	82.588760	9.601903
208.000000	82.967316	9.599774
209.000000	83.340652	9.595941
210.000000	83.703697	9.593695
211.000000	84.082954	9.591217
212.000000	84.451569	9.588351
213.000000	84.818634	9.582350
214.000000	85.196480	9.576581
215.000000	85.569336	9.574879
216.000000	85.945518	9.572826
217.000000	86.328690	9.570000
218.000000	86.695641	9.567095
219.000000	87.062233	9.564773
220.000000	87.448822	9.561830
221.000000	87.831635	9.559043
222.000000	88.205330	9.553079
223.000000	88.584717	9.552382
224.000000	88.964447	9.550447
225.000000	89.324890	9.545837
226.000000	89.699295	9.544870
227.000000	90.076897	9.542934
228.000000	90.441238	9.540998
229.000000	90.814240	9.539295
230.000000	91.168877	9.535501
231.000000	91.544579	9.531900
232.000000	91.900185	9.528804
233.000000	92.268829	9.525590
234.000000	92.623970	9.523422
235.000000	92.985992	9.520169
236.000000	93.346710	9.518117
237.000000	93.703392	9.516297
238.000000	94.053909	9.513859
239.000000	94.412964	9.510064
240.000000	94.744957	9.506618
241.000000	95.088470	9.505533
242.000000	95.423683	9.501817
243.000000	95.793060	9.501971
244.000000	96.131592	9.497828
245.000000	96.463242	9.495273
246.000000	96.799629	9.493259
247.000000	97.125702	9.492330
248.000000	97.464470	9.491555
249.000000	97.808334	9.489814
250.000000	98.126221	9.488033
251.000000	98.456207	9.486909
252.000000	98.763054	9.483231
253.000000	99.096954	9.479360
254.000000	99.416016	9.477346
255.000000	99.739723	9.473164
256.000000	100.060211	9.472157
257.000000	100.374420	9.468443
258.000000	100.689224	9.468519
259.000000	101.007690	9.466081
260.000000	101.312164	9.466622
261.000000	101.621506	9.466430
262.000000	101.937729	9.464609
263.000000	102.234161	9.462518
264.000000	102.554932	9.459459
265.000000	102.865601	9.457950
266.000000	103.169586	9.456904
267.000000	103.482872	9.455239
268.000000	103.794357	9.454580
269.000000	104.102524	9.450554
270.000000	104.407959	9.451328
271.000000	104.715637	9.449934
272.000000	105.015099	9.450283
273.000000	105.326134	9.447495
274.000000	105.634872	9.448425
275.000000	105.944710	9.445597
276.000000	106.259300	9.445133
277.000000	106.570198	9.444204
278.000000	106.876221	9.442926
279.000000	107.188194	9.443158
280.000000	107.501106	9.443469
281.000000	107.822601	9.441107
282.000000	108.127792	9.440643
283.000000	108.442368	9.440952
284.000000	108.763863	9.439867
285.000000	109.070953	9.438824
286.000000	109.380318	9.438396
287.000000	109.699547	9.437971
288.000000	110.026154	9.436150
289.000000	110.327644	9.435414
290.000000	110.646408	9.433132
291.000000	110.959930	9.433517
292.000000	111.292023	9.432472
293.000000	111.603271	9.433324
294.000000	111.938095	9.432704
295.000000	112.268036	9.432743
296.000000	112.594940	9.430575
297.000000	112.941963	9.429104
298.000000	113.273567	9.428988
299.000000	113.614380	9.430187
300.000000	113.945724	9.429763
301.000000	114.259247	9.427555
302.000000	114.630806	9.425542
303.000000	114.967651	9.425464
304.000000	115.289429	9.426587
305.000000	115.643639	9.424496
306.000000	115.990784	9.424496
307.000000	116.344139	9.423606
308.000000	116.689606	9.424341
309.000000	117.032440	9.422250
310.000000	117.385803	9.422212
311.000000	117.720261	9.421593
312.000000	118.085579	9.421941
313.000000	118.430687	9.423568
314.000000	118.774849	9.420780
315.000000	119.126656	9.419734
316.000000	119.466270	9.419192
317.000000	119.821411	9.419463
318.000000	120.171417	9.417488
319.000000	120.519897	9.418804
320.000000	120.864403	9.419772
321.000000	121.214401	9.417604
322.000000	121.567894	9.419270
323.000000	121.889313	9.418960
324.000000	122.249268	9.417759
325.000000	122.600243	9.417837
326.000000	122.956039	9.417875
327.000000	123.298653	9.416248
328.000000	123.629852	9.415629
329.000000	123.985603	9.416521
330.000000	124.336288	9.415436
331.000000	124.675316	9.416636
332.000000	125.022163	9.415126
333.000000	125.364075	9.414352
334.000000	125.693359	9.414507
335.000000	126.019501	9.412687
336.000000	126.362862	9.415629
337.000000	126.721260	9.413306
338.000000	127.068199	9.413577
339.000000	127.403625	9.412377
340.000000	127.748543	9.413655
341.000000	128.076965	9.414700
342.000000	128.393494	9.412261
343.000000	128.737091	9.413345
344.000000	129.083817	9.410054
345.000000	129.418030	9.411217
346.000000	129.750549	9.411409
347.000000	130.085495	9.409744
348.000000	130.413803	9.409047
349.000000	130.751251	9.409744
350.000000	131.080536	9.411139
351.000000	131.417618	9.410092
352.000000	131.746048	9.409241
353.000000	132.075104	9.409628
354.000000	132.399780	9.409319
355.000000	132.734863	9.408389
356.000000	133.057999	9.409280
357.000000	133.390106	9.409783
358.000000	133.721008	9.409861
359.000000	134.038574	9.408234
360.000000	134.370193	9.408350
361.000000	134.698425	9.408971
362.000000	135.027756	9.406569
363.000000	135.345947	9.406027
364.000000	135.666290	9.407111
365.000000	135.989090	9.408157
366.000000	136.308472	9.408041
367.000000	136.653778	9.409396
368.000000	136.989868	9.407267
369.000000	137.312546	9.407306
370.000000	137.646194	9.403123
371.000000	137.964172	9.407189
372.000000	138.291672	9.407035
373.000000	138.619415	9.406996
374.000000	138.954529	9.404865
375.000000	139.283600	9.404711
376.000000	139.606766	9.405059
377.000000	139.936203	9.404362
378.000000	140.259232	9.403781
379.000000	140.582153	9.406762
380.000000	140.912781	9.404440
381.000000	141.239441	9.405447
382.000000	141.556549	9.404015
383.000000	141.906784	9.404904
384.000000	142.230911	9.403859
385.000000	142.569061	9.405060
386.000000	142.883621	9.403317
387.000000	143.219604	9.404789
388.000000	143.545837	9.402427
389.000000	143.869278	9.404441
390.000000	144.199417	9.405331
391.000000	144.515442	9.403124
392.000000	144.859344	9.401072
393.000000	145.196045	9.403007
394.000000	145.523376	9.403744
395.000000	145.845749	9.403317
396.000000	146.191818	9.404053
397.000000	146.523773	9.403317
398.000000	146.866562	9.403201
399.000000	147.192322	9.403008
400.000000	147.539734	9.402233
401.000000	147.869263	9.403549
402.000000	148.206924	9.402428
403.000000	148.539642	9.402156
404.000000	148.874023	9.402349
405.000000	149.198715	9.402659
406.000000	149.531021	9.402311
407.000000	149.858612	9.404130
408.000000	150.209045	9.401227
409.000000	150.532013	9.401846
410.000000	150.872253	9.400646
411.000000	151.204468	9.399291
412.000000	151.547729	9.402660
413.000000	151.889908	9.401304
414.000000	152.216888	9.400763
415.000000	152.570007	9.399408
416.000000	152.905258	9.402853
417.000000	153.242432	9.400105
418.000000	153.578659	9.400531
419.000000	153.921280	9.399834
420.000000	154.259827	9.399873
421.000000	154.612854	9.400684
422.000000	154.940430	9.400841
423.000000	155.280136	9.400647
424.000000	155.626160	9.399524
425.000000	155.970001	9.401343
426.000000	156.319595	9.401498
427.000000	156.658066	9.400259
428.000000	156.992249	9.399911
429.000000	157.344650	9.400028
430.000000	157.674438	9.398866
431.000000	158.013000	9.400917
432.000000	158.346588	9.399368
433.000000	158.706940	9.399795
434.000000	159.041382	9.399989
435.000000	159.371780	9.399563
436.000000	159.711945	9.399254
437.000000	160.061646	9.398014
438.000000	160.399399	9.399485
439.000000	160.725143	9.399175
440.000000	161.059082	9.399446
441.000000	161.396347	9.399136
442.000000	161.732956	9.398711
443.000000	162.068985	9.398982
444.000000	162.409164	9.397938
445.000000	162.735535	9.398556
446.000000	163.074112	9.398169
447.000000	163.405258	9.398556
448.000000	163.721725	9.398749
449.000000	164.059662	9.396775
450.000000	164.382568	9.396426
451.000000	164.724823	9.397550
452.000000	165.055054	9.396892
453.000000	165.392273	9.397240
454.000000	165.712433	9.397937
455.000000	166.047913	9.398014
456.000000	166.375549	9.397627
457.000000	166.702972	9.396736
458.000000	167.033691	9.396892
459.000000	167.369904	9.397045
460.000000	167.696472	9.397394
461.000000	168.023743	9.396001
462.000000	168.360596	9.395575
463.000000	168.670547	9.395305
464.000000	169.009384	9.396891
465.000000	169.344147	9.395458
466.000000	169.671310	9.396078
467.000000	170.002136	9.395458
468.000000	170.326599	9.395420
469.000000	170.660965	9.394955
470.000000	170.994019	9.396698
471.000000	171.319077	9.395575
472.000000	171.654099	9.395304
473.000000	171.971939	9.395342
474.000000	172.306808	9.394529
475.000000	172.644165	9.394608
476.000000	172.973267	9.394878
477.000000	173.302368	9.395614
478.000000	173.637146	9.394800
479.000000	173.963196	9.395226
480.000000	174.295151	9.394993
481.000000	174.639511	9.394374
482.000000	174.964737	9.393483
483.000000	175.298462	9.393445
484.000000	175.632294	9.393483
485.000000	175.968964	9.393522
486.000000	176.311279	9.394800
487.000000	176.629150	9.393987
488.000000	176.977509	9.394413
489.000000	177.312698	9.394142
490.000000	177.649002	9.392710
491.000000	177.985428	9.391974
492.000000	178.321609	9.393522
493.000000	178.654343	9.392090
494.000000	178.991257	9.392593
495.000000	179.315613	9.393020
496.000000	179.655121	9.392826
497.000000	179.991302	9.391704
498.000000	180.324646	9.390387
499.000000	180.655899	9.391896
500.000000	180.994919	9.392245
501.000000	181.328018	9.391122
502.000000	181.670105	9.391781
503.000000	182.001343	9.392283
504.000000	182.334961	9.391625
505.000000	182.677643	9.389689
506.000000	183.009155	9.390736
507.000000	183.347412	9.389611
508.000000	183.690735	9.390194
509.000000	184.016312	9.388760
510.000000	184.372314	9.388915
511.000000	184.703064	9.388372
512.000000	185.038513	9.388606
513.000000	185.364334	9.387831
514.000000	185.701492	9.387986
515.000000	186.047775	9.389148
516.000000	186.370789	9.388605
517.000000	186.702774	9.387288
518.000000	187.050537	9.389186
519.000000	187.381531	9.386322
520.000000	187.714767	9.387212
521.000000	188.048111	9.387909
522.000000	188.380356	9.386824
523.000000	188.714691	9.387057
524.000000	189.037109	9.388489
525.000000	189.366013	9.386398
526.000000	189.709808	9.385080
527.000000	190.043274	9.384734
528.000000	190.386841	9.384617
529.000000	190.715271	9.384037
530.000000	191.046890	9.383223
531.000000	191.368546	9.384191
532.000000	191.701904	9.385276
533.000000	192.028259	9.383145
534.000000	192.366760	9.382487
535.000000	192.708603	9.383106
536.000000	193.039124	9.383377
537.000000	193.363724	9.380705
538.000000	193.697815	9.381751
539.000000	194.042358	9.380860
540.000000	194.362671	9.381906
541.000000	194.703751	9.382294
542.000000	195.034256	9.381945
543.000000	195.380783	9.379814
544.000000	195.715256	9.378421
545.000000	196.044189	9.380009
546.000000	196.365723	9.379234
547.000000	196.705841	9.377802
548.000000	197.044128	9.376370
549.000000	197.376114	9.379738
550.000000	197.712540	9.378887
551.000000	198.045898	9.378189
552.000000	198.376541	9.374550
553.000000	198.700562	9.378035
554.000000	199.046341	9.377879
555.000000	199.381531	9.376757
556.000000	199.713043	9.377453
557.000000	200.043579	9.376409
558.000000	200.375107	9.376834
559.000000	200.706116	9.375093
560.000000	201.036514	9.375131
561.000000	201.373322	9.375827
562.000000	201.709122	9.376099
563.000000	202.035583	9.372847
564.000000	202.368835	9.374938
565.000000	202.704880	9.375170
566.000000	203.039490	9.374434
567.000000	203.379959	9.375092
568.000000	203.703720	9.374667
569.000000	204.033142	9.373466
570.000000	204.374374	9.374629
571.000000	204.706238	9.374086
572.000000	205.041443	9.372537
573.000000	205.368164	9.371685
574.000000	205.705505	9.372344
575.000000	206.025726	9.372034
576.000000	206.360718	9.373117
577.000000	206.696671	9.370369
578.000000	207.018402	9.372033
579.000000	207.366104	9.373388
580.000000	207.688324	9.371376
581.000000	208.030151	9.370833
582.000000	208.355560	9.371414
583.000000	208.693604	9.371647
584.000000	209.019348	9.370640
585.000000	209.354065	9.369246
586.000000	209.680099	9.368782
587.000000	210.011765	9.370832
588.000000	210.359711	9.369129
589.000000	210.690308	9.370253
590.000000	211.021820	9.368781
591.000000	211.346481	9.369439
592.000000	211.678116	9.368200
593.000000	212.012589	9.368548
594.000000	212.349655	9.367542
595.000000	212.691864	9.367465
596.000000	213.031631	9.365800
597.000000	213.354919	9.366225
598.000000	213.692352	9.366612
599.000000	214.029541	9.365142
600.000000	214.365005	9.365723
601.000000	214.697113	9.364910
602.000000	215.026184	9.364599
603.000000	215.374435	9.364910
604.000000	215.706482	9.364058
605.000000	216.044113	9.364407
606.000000	216.364441	9.363825
607.000000	216.704025	9.363554
608.000000	217.038452	9.363205
609.000000	217.384094	9.363090
610.000000	217.718399	9.362509
611.000000	218.063934	9.361230
612.000000	218.394943	9.360573
613.000000	218.736343	9.360650
614.000000	219.058762	9.360920
615.000000	219.417297	9.360186
616.000000	219.750854	9.358521
617.000000	220.080734	9.356856
618.000000	220.431564	9.358560
619.000000	220.755676	9.356624
620.000000	221.092087	9.356314
621.000000	221.424408	9.357862
622.000000	221.764465	9.357862
623.000000	222.101807	9.356816
624.000000	222.440247	9.356314
625.000000	222.770523	9.355152
626.000000	223.105560	9.353874
627.000000	223.422699	9.355578
628.000000	223.767639	9.353874
629.000000	224.105759	9.352365
630.000000	224.440277	9.353216
631.000000	224.769424	9.350815
632.000000	225.101288	9.351397
633.000000	225.437180	9.349152
634.000000	225.772064	9.351203
635.000000	226.101974	9.349383
636.000000	226.430237	9.349151
637.000000	226.755310	9.349887
638.000000	227.094330	9.348763
639.000000	227.431152	9.347950
640.000000	227.767334	9.346208
641.000000	228.090958	9.345977
642.000000	228.415787	9.346944
643.000000	228.759094	9.346517
644.000000	229.082123	9.345280
645.000000	229.408783	9.344852
646.000000	229.745239	9.345589
647.000000	230.083511	9.345899
648.000000	230.414108	9.344040
649.000000	230.737106	9.343459
650.000000	231.071457	9.344117
651.000000	231.403503	9.342647
652.000000	231.738373	9.342258
653.000000	232.077240	9.341639
654.000000	232.390762	9.340555
655.000000	232.720993	9.341910
656.000000	233.047668	9.340787
657.000000	233.379364	9.339509
658.000000	233.716766	9.338387
659.000000	234.046509	9.338891
660.000000	234.387833	9.338192
661.000000	234.713150	9.336644
662.000000	235.042038	9.334903
663.000000	235.366623	9.334747
664.000000	235.699524	9.335174
665.000000	236.035004	9.333818
666.000000	236.371719	9.334786
667.000000	236.692108	9.332811
668.000000	237.025269	9.332038
669.000000	237.358765	9.329483
670.000000	237.690598	9.329250
671.000000	238.022842	9.329135
672.000000	238.363419	9.329019
673.000000	238.670105	9.326889
674.000000	239.026215	9.323983
675.000000	239.360199	9.324876
676.000000	239.707336	9.323288
677.000000	240.034760	9.323908
678.000000	240.371063	9.322590
679.000000	240.716980	9.320808
680.000000	241.047333	9.320420
681.000000	241.389343	9.319686
682.000000	241.730270	9.319492
683.000000	242.061829	9.317634
684.000000	242.403122	9.315001
685.000000	242.752090	9.313335
686.000000	243.076340	9.315853
687.000000	243.426407	9.312716
688.000000	243.767548	9.310005
689.000000	244.102875	9.311168
690.000000	244.428391	9.307180
691.000000	244.755554	9.306252
692.000000	245.121155	9.305284
693.000000	245.459778	9.304161
694.000000	245.806396	9.304665
695.000000	246.135300	9.301953
696.000000	246.484253	9.300250
697.000000	246.813904	9.299166
698.000000	247.164307	9.298546
699.000000	247.508362	9.297074
700.000000	247.850464	9.296417
701.000000	248.178040	9.295719
702.000000	248.509888	9.295218
703.000000	248.843765	9.292313
704.000000	249.169434	9.292042
705.000000	249.504044	9.291036
706.000000	249.841309	9.290570
707.000000	250.174332	9.287745
708.000000	250.508118	9.285691
709.000000	250.831711	9.283834
710.000000	251.167175	9.283639
711.000000	251.489594	9.280426
712.000000	251.817062	9.278258
713.000000	252.131851	9.277793
714.000000	252.485535	9.274464
715.000000	252.816544	9.273108
716.000000	253.140274	9.271404
717.000000	253.474533	9.268578
718.000000	253.804169	9.268269
719.000000	254.129578	9.267997
720.000000	254.462158	9.263081
721.000000	254.796036	9.261222
722.000000	255.130417	9.259015
723.000000	255.458252	9.258202
724.000000	255.776047	9.255995
725.000000	256.107239	9.254330
726.000000	256.442444	9.250341
727.000000	256.779907	9.249916
728.000000	257.118744	9.248444
729.000000	257.449310	9.247049
730.000000	257.771942	9.245037
731.000000	258.094635	9.244573
732.000000	258.422028	9.242714
733.000000	258.756958	9.241476
734.000000	259.101227	9.239077
735.000000	259.425598	9.235707
736.000000	259.754639	9.232880
737.000000	260.083099	9.229358
738.000000	260.414246	9.225524
739.000000	260.750031	9.225176
740.000000	261.089935	9.223975
741.000000	261.415527	9.221729
742.000000	261.740479	9.219562
743.000000	262.079529	9.216231
744.000000	262.411377	9.215574
745.000000	262.755127	9.211121
746.000000	263.078918	9.211043
747.000000	263.406738	9.205042
748.000000	263.745575	9.203532
749.000000	264.074768	9.199466
750.000000	264.409973	9.196601
751.000000	264.752380	9.196136
752.000000	265.073029	9.192265
753.000000	265.418701	9.191142
754.000000	265.740326	9.184908
755.000000	266.084564	9.181771
756.000000	266.404572	9.179759
757.000000	266.754242	9.174880
758.000000	267.085052	9.174532
759.000000	267.420197	9.171281
760.000000	267.761017	9.168996
761.000000	268.088196	9.165318
762.000000	268.415283	9.160827
763.000000	268.756134	9.158193
764.000000	269.076935	9.155328
765.000000	269.427734	9.152733
766.000000	269.770721	9.149483
767.000000	270.091309	9.146850
768.000000	270.427246	9.143518
769.000000	270.758118	9.142125
770.000000	271.094543	9.139492
771.000000	271.431824	9.134304
772.000000	271.765442	9.131671
773.000000	272.100067	9.126831
774.000000	272.432983	9.125128
775.000000	272.773315	9.120520
776.000000	273.097992	9.116145
777.000000	273.448273	9.113278
778.000000	273.794312	9.108130
779.000000	274.117188	9.105614
780.000000	274.448273	9.101626
781.000000	274.775360	9.098103
782.000000	275.133911	9.094077
783.000000	275.465424	9.091172
784.000000	275.803131	9.083582
785.000000	276.126221	9.080872
786.000000	276.474731	9.079090
787.000000	276.814728	9.075994
788.000000	277.162659	9.069529
789.000000	277.496948	9.065657
790.000000	277.828674	9.061630
791.000000	278.160461	9.056945
792.000000	278.504425	9.051796
793.000000	278.840210	9.049473
794.000000	279.169830	9.047032
795.000000	279.491364	9.042581
796.000000	279.834076	9.037005
797.000000	280.163208	9.033328
798.000000	280.499573	9.026821
799.000000	280.837341	9.023530
800.000000	281.162476	9.017916
801.000000	281.498077	9.014704
802.000000	281.839294	9.009051
803.000000	282.170380	9.003631
804.000000	282.492188	9.000107
805.000000	282.829468	8.996468
806.000000	283.153015	8.990389
807.000000	283.497345	8.985355
808.000000	283.824280	8.978580
809.000000	284.158661	8.974669
810.000000	284.495148	8.970255
811.000000	284.822296	8.964641
812.000000	285.146576	8.960188
813.000000	285.499268	8.954960
814.000000	285.825562	8.949579
815.000000	286.150787	8.945786
816.000000	286.506592	8.941758
817.000000	286.841675	8.936996
818.000000	287.172363	8.929833
819.000000	287.504791	8.924877
820.000000	287.855103	8.918915
821.000000	288.179504	8.913803
822.000000	288.515747	8.905324
823.000000	288.838745	8.900871
824.000000	289.165405	8.895916
825.000000	289.513947	8.890108
826.000000	289.855591	8.885654
827.000000	290.184967	8.877175
828.000000	290.515778	8.872841
829.000000	290.846588	8.865987
830.000000	291.181000	8.858398
831.000000	291.516693	8.852745
832.000000	291.855377	8.847906
833.000000	292.177734	8.843338
834.000000	292.512482	8.835051
835.000000	292.838379	8.828972
836.000000	293.177887	8.824248
837.000000	293.520996	8.816466
838.000000	293.848633	8.811471
839.000000	294.179718	8.805239
840.000000	294.506958	8.797070
841.000000	294.862213	8.790563
842.000000	295.191956	8.781853
843.000000	295.522430	8.777400
844.000000	295.865356	8.769811
845.000000	296.211060	8.762802
846.000000	296.546173	8.757730
847.000000	296.877960	8.749909
848.000000	297.214478	8.743327
849.000000	297.545624	8.738605
850.000000	297.872284	8.730705
851.000000	298.214447	8.724046
852.000000	298.546417	8.715450
853.000000	298.881165	8.707320
854.000000	299.217224	8.701241
855.000000	299.557861	8.695744
856.000000	299.890961	8.686296
857.000000	300.212646	8.676964
858.000000	300.550415	8.671620
859.000000	300.887177	8.661942
860.000000	301.208038	8.654933
861.000000	301.554626	8.649590
862.000000	301.883301	8.642817
863.000000	302.219208	8.635382
864.000000	302.557281	8.625935
865.000000	302.867706	8.621133
866.000000	303.203156	8.612267
867.000000	303.538818	8.602974
868.000000	303.886597	8.596199
869.000000	304.220612	8.586518
870.000000	304.564819	8.579395
871.000000	304.901001	8.572000
872.000000	305.243347	8.562243
873.000000	305.574249	8.554499
874.000000	305.903076	8.549001
875.000000	306.247131	8.542961
876.000000	306.580566	8.532275
877.000000	306.931427	8.524027
878.000000	307.251709	8.514967
879.000000	307.609253	8.506451
880.000000	307.936462	8.500216
881.000000	308.269257	8.492278
882.000000	308.616669	8.481091
883.000000	308.957001	8.473810
884.000000	309.273132	8.465447
885.000000	309.617035	8.456310
886.000000	309.955414	8.449842
887.000000	310.281799	8.442139
888.000000	310.615845	8.432652
889.000000	310.947327	8.424327
890.000000	311.268188	8.414455
891.000000	311.610107	8.406325
892.000000	311.942535	8.396994
893.000000	312.272827	8.385340
894.000000	312.597351	8.379028
895.000000	312.923157	8.371632
896.000000	313.265869	8.361372
897.000000	313.600830	8.353165
898.000000	313.937134	8.347240
899.000000	314.251831	8.337988
900.000000	314.594574	8.331018
901.000000	314.924408	8.318976
902.000000	315.257294	8.312240
903.000000	315.597168	8.301979
904.000000	315.930328	8.294042
905.000000	316.257446	8.284054
906.000000	316.596069	8.276387
907.000000	316.925171	8.263920
908.000000	317.249176	8.256718
909.000000	317.585297	8.249943
910.000000	317.916779	8.239681
911.000000	318.260254	8.231279
912.000000	318.597687	8.221677
913.000000	318.925049	8.212037
914.000000	319.256592	8.202319
915.000000	319.596863	8.191091
916.000000	319.926239	8.180908
917.000000	320.246552	8.174906
918.000000	320.599701	8.163019
919.000000	320.926086	8.155470
920.000000	321.249695	8.149507
921.000000	321.582642	8.137425
922.000000	321.909515	8.129566
923.000000	322.244812	8.117217
924.000000	322.581329	8.107691
925.000000	322.919159	8.101768
926.000000	323.249390	8.090578
927.000000	323.586395	8.080743
928.000000	323.928345	8.069438
929.000000	324.255402	8.059062
930.000000	324.601349	8.051667
931.000000	324.939392	8.040863
932.000000	325.282043	8.033237
933.000000	325.622559	8.023905
934.000000	325.967682	8.012058
935.000000	326.296539	8.003810
936.000000	326.631348	7.989640
937.000000	326.974976	7.982245
938.000000	327.307495	7.972837
939.000000	327.642822	7.961996
940.000000	327.992188	7.955761
941.000000	328.329285	7.944766
942.000000	328.666138	7.933421
943.000000	329.008423	7.923432
944.000000	329.344452	7.912282
945.000000	329.677490	7.901131
946.000000	330.001282	7.891373
947.000000	330.347260	7.881694
948.000000	330.687622	7.868607
949.000000	331.026184	7.859005
950.000000	331.361755	7.850874
951.000000	331.701660	7.839917
952.000000	332.041290	7.828147
953.000000	332.373352	7.818622
954.000000	332.699463	7.807161
955.000000	333.030945	7.795507
956.000000	333.367645	7.783194
957.000000	333.699951	7.774018
958.000000	334.037201	7.763217
959.000000	334.374817	7.754234
960.000000	334.709595	7.743277
961.000000	335.033936	7.731777
962.000000	335.382843	7.718265
963.000000	335.722015	7.709359
964.000000	336.048828	7.698170
965.000000	336.390869	7.684658
966.000000	336.729919	7.674088
967.000000	337.051971	7.662355
968.000000	337.394806	7.651475
969.000000	337.735474	7.641757
970.000000	338.070648	7.627470
971.000000	338.406616	7.615469
972.000000	338.738922	7.602884
973.000000	339.059814	7.591927
974.000000	339.412842	7.580505
975.000000	339.752411	7.569431
976.000000	340.083710	7.558706
977.000000	340.416779	7.547401
978.000000	340.750580	7.533269
979.000000	341.080261	7.519950
980.000000	341.415192	7.508915
981.000000	341.750763	7.495054
982.000000	342.080322	7.484251
983.000000	342.407288	7.472326
984.000000	342.725220	7.461021
985.000000	343.067017	7.450722
986.000000	343.402435	7.435312
987.000000	343.727051	7.420676
988.000000	344.056946	7.408015
989.000000	344.395630	7.394310
990.000000	344.728516	7.382501
991.000000	345.060181	7.367711
992.000000	345.387177	7.356559
993.000000	345.700470	7.341536
994.000000	346.023346	7.330967
995.000000	346.375122	7.315635
996.000000	346.706543	7.302044
997.000000	347.035767	7.288415
998.000000	347.367310	7.273625
999.000000	347.692993	7.262319
1000.000000	348.015503	7.249425
1001.000000	348.348785	7.234636
1002.000000	348.688843	7.219728
1003.000000	349.031189	7.206294
1004.000000	349.358643	7.190458
1005.000000	349.703674	7.177024
1006.000000	350.030334	7.162968
1007.000000	350.376038	7.149378
1008.000000	350.706451	7.134085
1009.000000	351.048706	7.118868
1010.000000	351.388580	7.103342
1011.000000	351.732452	7.088436
1012.000000	352.069824	7.072561
1013.000000	352.404449	7.059165
1014.000000	352.747192	7.044374
1015.000000	353.074646	7.027804
1016.000000	353.422577	7.013013
1017.000000	353.761780	6.994777
1018.000000	354.096832	6.977547
1019.000000	354.443939	6.965234
1020.000000	354.780548	6.950290
1021.000000	355.117798	6.932053
1022.000000	355.445343	6.916876
1023.000000	355.793030	6.898678
1024.000000	356.140198	6.879513
1025.000000	356.479980	6.867433
1026.000000	356.813354	6.849313
1027.000000	357.146088	6.832857
1028.000000	357.484131	6.815046
1029.000000	357.813629	6.796772
1030.000000	358.154816	6.780510
1031.000000	358.488159	6.763280
1032.000000	358.814819	6.745779
1033.000000	359.152374	6.725918
1034.000000	359.487701	6.710160
1035.000000	359.800476	6.692000
1036.000000	360.152710	6.672370
1037.000000	360.486725	6.655528
1038.000000	360.810516	6.636750
1039.000000	361.139832	6.615610
1040.000000	361.481628	6.596095
1041.000000	361.806763	6.576852
1042.000000	362.137421	6.560320
1043.000000	362.472107	6.540186
1044.000000	362.804810	6.522763
1045.000000	363.130585	6.500114
1046.000000	363.462219	6.479748
1047.000000	363.799164	6.459459
1048.000000	364.118042	6.441261
1049.000000	364.453186	6.418766
1050.000000	364.781250	6.395884
1051.000000	365.106598	6.377841
1052.000000	365.443054	6.357514
1053.000000	365.770386	6.334516
1054.000000	366.105103	6.310781
1055.000000	366.433563	6.289874
1056.000000	366.764435	6.269547
1057.000000	367.085327	6.248096
1058.000000	367.408539	6.224401
1059.000000	367.751801	6.202449
1060.000000	368.075317	6.179372
1061.000000	368.404236	6.157457
1062.000000	368.731720	6.135737
1063.000000	369.054077	6.113358
1064.000000	369.396606	6.086409
1065.000000	369.716675	6.065773
1066.000000	370.059204	6.041923
1067.000000	370.392090	6.017685
1068.000000	370.718079	5.991511
1069.000000	371.052551	5.969055
1070.000000	371.380493	5.943888
1071.000000	371.709686	5.919031
1072.000000	372.049255	5.894329
1073.000000	372.389038	5.868155
1074.000000	372.724274	5.844150
1075.000000	373.063354	5.816932
1076.000000	373.421661	5.789015
1077.000000	373.747559	5.766056
1078.000000	374.066711	5.739224
1079.000000	374.416107	5.714676
1080.000000	374.760071	5.685289
1081.000000	375.099609	5.659077
1082.000000	375.436340	5.631742
1083.000000	375.776947	5.602626
1084.000000	376.111420	5.576414
1085.000000	376.439148	5.552253
1086.000000	376.776825	5.522596
1087.000000	377.117432	5.493441
1088.000000	377.468628	5.464635
1089.000000	377.803833	5.435325
1090.000000	378.139160	5.402723
1091.000000	378.472137	5.377441
1092.000000	378.804901	5.348363
1093.000000	379.149658	5.316538
1094.000000	379.485840	5.286996
1095.000000	379.797852	5.260124
1096.000000	380.133789	5.228454
1097.000000	380.486694	5.194459
1098.000000	380.816132	5.166427
1099.000000	381.154327	5.134601
1100.000000	381.490753	5.105369
1101.000000	381.819672	5.073155
1102.000000	382.150146	5.042103
1103.000000	382.495361	5.009348
1104.000000	382.821136	4.979612
1105.000000	383.147400	4.948328
1106.000000	383.484314	4.915030
1107.000000	383.817902	4.882623
1108.000000	384.141357	4.850022
1109.000000	384.471161	4.818505
1110.000000	384.810150	4.785866
1111.000000	385.144836	4.751678
1112.000000	385.474854	4.721323
1113.000000	385.803802	4.687871
1114.000000	386.140442	4.656044
1115.000000	386.458527	4.622011
1116.000000	386.795319	4.588171
1117.000000	387.129517	4.553557
1118.000000	387.463043	4.522814
1119.000000	387.797943	4.488008
1120.000000	388.135040	4.456064
1121.000000	388.461792	4.420173
1122.000000	388.802185	4.389276
1123.000000	389.140472	4.355397
1124.000000	389.481720	4.322680
1125.000000	389.789063	4.291318
1126.000000	390.123596	4.256511
1127.000000	390.482117	4.221742
1128.000000	390.813721	4.189838
1129.000000	391.154175	4.156773
1130.000000	391.479004	4.122005
1131.000000	391.813080	4.089326
1132.000000	392.147827	4.057577
1133.000000	392.481079	4.020446
1134.000000	392.827148	3.990092
1135.000000	393.158936	3.955594
1136.000000	393.490845	3.924038
1137.000000	393.824341	3.892909
1138.000000	394.159790	3.860928
1139.000000	394.484253	3.829837
1140.000000	394.813751	3.796075
1141.000000	395.145874	3.767771
1142.000000	395.462372	3.737998
1143.000000	395.818726	3.702841
1144.000000	396.156006	3.671325
1145.000000	396.481750	3.640040
1146.000000	396.806763	3.609996
1147.000000	397.150238	3.581344
1148.000000	397.486145	3.553350
1149.000000	397.807495	3.522338
1150.000000	398.141754	3.494654
1151.000000	398.468597	3.465809
1152.000000	398.800781	3.438784
1153.000000	399.115601	3.412416
1154.000000	399.465759	3.383417
1155.000000	399.791870	3.357708
1156.000000	400.139618	3.327740
1157.000000	400.475616	3.301760
1158.000000	400.811646	3.277251
1159.000000	401.152466	3.251309
1160.000000	401.490448	3.225950
1161.000000	401.803680	3.204926
1162.000000	402.183624	3.180185
1163.000000	402.523956	3.155638
1164.000000	402.865509	3.130509
1165.000000	403.192139	3.109059
1166.000000	403.537781	3.091676
1167.000000	403.873260	3.069645
1168.000000	404.209625	3.048233
1169.000000	404.545837	3.027403
1170.000000	404.877350	3.008702
1171.000000	405.210266	2.990814
1172.000000	405.545837	2.971571
1173.000000	405.868073	2.954535
1174.000000	406.207031	2.937887
1175.000000	406.525757	2.919999
1176.000000	406.866577	2.903079
1177.000000	407.189240	2.892548
1178.000000	407.524963	2.876247
1179.000000	407.859863	2.860722
1180.000000	408.191650	2.848022
1181.000000	408.518494	2.833425
1182.000000	408.850037	2.821964
1183.000000	409.174896	2.808606
1184.000000	409.515625	2.798462
1185.000000	409.836609	2.789519
1186.000000	410.171417	2.779181
1187.000000	410.471039	2.769927
1188.000000	410.813171	2.759357
1189.000000	411.158783	2.751536
1190.000000	411.488556	2.739843
1191.000000	411.825378	2.732331
1192.000000	412.157715	2.726136
1193.000000	412.483917	2.718935
1194.000000	412.813812	2.710146
1195.000000	413.152863	2.704494
1196.000000	413.471222	2.700196
1197.000000	413.810303	2.693342
1198.000000	414.145264	2.687690
1199.000000	414.480896	2.682772
1200.000000	414.811798	2.676539
1201.000000	415.140503	2.672938
1202.000000	415.487640	2.665117
1203.000000	415.820984	2.662639
1204.000000	416.145752	2.657257
1205.000000	416.477295	2.655089
1206.000000	416.816254	2.651217
1207.000000	417.145996	2.644712
1208.000000	417.478851	2.639834
1209.000000	417.803894	2.635808
1210.000000	418.138367	2.634569
1211.000000	418.465424	2.631161
1212.000000	418.799255	2.628529
1213.000000	419.125854	2.625508
1214.000000	419.457275	2.623572
1215.000000	419.784912	2.619197
1216.000000	420.126160	2.614164
1217.000000	420.446045	2.612460
1218.000000	420.776611	2.609440
1219.000000	421.107758	2.608433
1220.000000	421.441650	2.606730
1221.000000	421.772400	2.602432
1222.000000	422.105164	2.601542
1223.000000	422.433624	2.596973
1224.000000	422.761108	2.594921
1225.000000	423.095703	2.593837
1226.000000	423.430542	2.591475
1227.000000	423.753784	2.588261
1228.000000	424.094513	2.584815
1229.000000	424.427765	2.583344
1230.000000	424.770264	2.579511
1231.000000	425.098511	2.578001
1232.000000	425.438232	2.576258
1233.000000	425.761230	2.573703
1234.000000	426.106476	2.571845
1235.000000	426.437195	2.570297
1236.000000	426.771667	2.565302
1237.000000	427.110138	2.565070
1238.000000	427.456421	2.560927
1239.000000	427.791260	2.559455
1240.000000	428.122894	2.556668
1241.000000	428.463867	2.554499
1242.000000	428.803650	2.554035
1243.000000	429.154297	2.550472
1244.000000	429.495209	2.548846
1245.000000	429.834991	2.545129
1246.000000	430.174805	2.541722
1247.000000	430.507904	2.540212
1248.000000	430.858765	2.538663
1249.000000	431.192413	2.535488
1250.000000	431.514832	2.532043
1251.000000	431.868896	2.530300
1252.000000	432.192719	2.528597
1253.000000	432.525970	2.526467
1254.000000	432.859222	2.524570
1255.000000	433.203613	2.522169
1256.000000	433.538269	2.520233
1257.000000	433.873047	2.517291
1258.000000	434.203400	2.513729
1259.000000	434.543213	2.513690
1260.000000	434.875580	2.511019
1261.000000	435.205078	2.508657
1262.000000	435.541626	2.507805
1263.000000	435.882416	2.505791
1264.000000	436.213989	2.504204
1265.000000	436.539337	2.501997
1266.000000	436.876709	2.500564
1267.000000	437.191345	2.500409
1268.000000	437.543060	2.496345
1269.000000	437.881042	2.494990
1270.000000	438.211456	2.492783
1271.000000	438.546570	2.490498
1272.000000	438.868683	2.488137
1273.000000	439.198334	2.485581
1274.000000	439.528351	2.485736
1275.000000	439.854095	2.482290
1276.000000	440.188843	2.480780
1277.000000	440.519714	2.477760
1278.000000	440.830902	2.477140
1279.000000	441.173340	2.475863
1280.000000	441.494476	2.472804
1281.000000	441.820892	2.466880
1282.000000	442.152863	2.467112
1283.000000	442.472260	2.463628
1284.000000	442.789337	2.461343
1285.000000	443.122559	2.460685
1286.000000	443.455994	2.459717
1287.000000	443.781189	2.458710
1288.000000	444.098419	2.455807
1289.000000	444.443787	2.454103
1290.000000	444.781128	2.451664
1291.000000	445.118286	2.450463
1292.000000	445.444366	2.448373
1293.000000	445.787231	2.445159
1294.000000	446.126221	2.441287
1295.000000	446.456970	2.441364
1296.000000	446.785736	2.436989
1297.000000	447.119080	2.435441
1298.000000	447.454468	2.432885
1299.000000	447.787537	2.433776
1300.000000	448.135925	2.432575
1301.000000	448.467285	2.429129
1302.000000	448.808685	2.429826
1303.000000	449.142609	2.426729
1304.000000	449.476593	2.423515
1305.000000	449.813080	2.423090
1306.000000	450.147797	2.420689
1307.000000	450.477722	2.417940
1308.000000	450.796326	2.418172
1309.000000	451.160339	2.414920
1310.000000	451.500244	2.413139
1311.000000	451.836029	2.411552
1312.000000	452.166199	2.408958
1313.000000	452.499939	2.407486
1314.000000	452.841644	2.408029
1315.000000	453.178833	2.406325
1316.000000	453.511963	2.405357
1317.000000	453.827759	2.405783
1318.000000	454.142181	2.401717
1319.000000	454.469025	2.400517
1320.000000	454.844177	2.399472
1321.000000	455.148712	2.396800
1322.000000	455.501831	2.394090
1323.000000	455.863556	2.392115
1324.000000	456.220245	2.390682
1325.000000	456.549805	2.389869
1326.000000	456.894135	2.387237
1327.000000	457.231781	2.386152
1328.000000	457.557648	2.384875
1329.000000	457.895935	2.384023
1330.000000	458.236267	2.382164
1331.000000	458.569183	2.379493
1332.000000	458.901367	2.377751
1333.000000	459.234894	2.374498
1334.000000	459.563263	2.374227
1335.000000	459.899445	2.370975
1336.000000	460.223511	2.370162
1337.000000	460.568939	2.368884
1338.000000	460.892700	2.365864
1339.000000	461.229126	2.365516
1340.000000	461.572754	2.362921
1341.000000	461.905762	2.363076
1342.000000	462.240021	2.359669
1343.000000	462.574951	2.360211
1344.000000	462.927521	2.358236
1345.000000	463.255371	2.356300
1346.000000	463.591431	2.355294
1347.000000	463.913818	2.355642
1348.000000	464.248901	2.352506
1349.000000	464.570007	2.351190
1350.000000	464.918335	2.349138
1351.000000	465.258240	2.349370
1352.000000	465.587769	2.344182
1353.000000	465.924927	2.342943
1354.000000	466.246124	2.341394
1355.000000	466.583862	2.339110
1356.000000	466.918243	2.338800
1357.000000	467.260284	2.336787
1358.000000	467.592896	2.334464
1359.000000	467.914734	2.333225
1360.000000	468.250183	2.334232
1361.000000	468.589355	2.330669
1362.000000	468.923615	2.332063
1363.000000	469.256836	2.329547
1364.000000	469.583923	2.327340
1365.000000	469.914337	2.326759
1366.000000	470.246918	2.325171
1367.000000	470.559204	2.322577
1368.000000	470.898071	2.322113
1369.000000	471.238892	2.319093
1370.000000	471.572052	2.316421
1371.000000	471.910339	2.316847
1372.000000	472.241577	2.316537
1373.000000	472.572937	2.312239
1374.000000	472.923706	2.313478
1375.000000	473.246704	2.311930
1376.000000	473.580322	2.311813
1377.000000	473.914734	2.308987
1378.000000	474.256195	2.307013
1379.000000	474.587585	2.306935
1380.000000	474.909943	2.305657
1381.000000	475.236328	2.305541
1382.000000	475.588959	2.303605
1383.000000	475.912384	2.302715
1384.000000	476.243988	2.302870
1385.000000	476.582520	2.300237
1386.000000	476.912628	2.298611
1387.000000	477.246094	2.298533
1388.000000	477.571411	2.295474
1389.000000	477.906677	2.296249
1390.000000	478.259796	2.296675
1391.000000	478.609985	2.292609
1392.000000	478.931274	2.292183
1393.000000	479.239777	2.291177
1394.000000	479.575958	2.288195
1395.000000	479.929291	2.286569
1396.000000	480.257568	2.285253
1397.000000	480.584473	2.286143
1398.000000	480.922638	2.284440
1399.000000	481.245209	2.282852
1400.000000	481.582275	2.280258
1401.000000	481.909912	2.280374
1402.000000	482.255951	2.277858
1403.000000	482.589447	2.277393
1404.000000	482.927185	2.277199
1405.000000	483.259399	2.276270
1406.000000	483.586365	2.272824
1407.000000	483.912781	2.269069
1408.000000	484.250275	2.272360
1409.000000	484.596527	2.269379
1410.000000	484.936523	2.266824
1411.000000	485.269562	2.265081
1412.000000	485.606873	2.266591
1413.000000	485.945679	2.263997
1414.000000	486.264191	2.263377
1415.000000	486.604034	2.263261
1416.000000	486.930756	2.262022
1417.000000	487.270935	2.261713
1418.000000	487.576447	2.258615
1419.000000	487.922241	2.258073
1420.000000	488.264038	2.258809
1421.000000	488.599701	2.256602
1422.000000	488.940521	2.254395
1423.000000	489.273438	2.251994
1424.000000	489.607269	2.253349
1425.000000	489.942657	2.251258
1426.000000	490.268311	2.249052
1427.000000	490.589111	2.246109
1428.000000	490.914307	2.245915
1429.000000	491.257935	2.244870
1430.000000	491.585052	2.243824
1431.000000	491.924255	2.244173
1432.000000	492.258057	2.239759
1433.000000	492.582886	2.241695
1434.000000	492.921478	2.238017
1435.000000	493.254089	2.237165
1436.000000	493.595703	2.237049
1437.000000	493.926605	2.234687
1438.000000	494.259552	2.235577
1439.000000	494.596130	2.233835
1440.000000	494.936157	2.232945
1441.000000	495.264587	2.232596
1442.000000	495.604340	2.230080
1443.000000	495.939789	2.229499
1444.000000	496.252716	2.230157
1445.000000	496.597687	2.229886
1446.000000	496.922729	2.229228
1447.000000	497.277039	2.227911
1448.000000	497.596710	2.224388
1449.000000	497.930206	2.223652
1450.000000	498.260742	2.223885
1451.000000	498.584991	2.220206
1452.000000	498.918732	2.222336
1453.000000	499.250732	2.219858
1454.000000	499.593506	2.219393
1455.000000	499.878418	2.216954
1456.000000	500.214783	2.216412
1457.000000	500.543701	2.214437
1458.000000	500.892456	2.214244
1459.000000	501.211182	2.214592
1460.000000	501.540283	2.212850
1461.000000	501.875519	2.210991
1462.000000	502.201660	2.210527
1463.000000	502.528656	2.209791
1464.000000	502.855011	2.208242
1465.000000	503.192810	2.207158
1466.000000	503.518921	2.207236
1467.000000	503.840454	2.206732
1468.000000	504.158966	2.205377
1469.000000	504.497437	2.205029
1470.000000	504.829193	2.203596
1471.000000	505.155762	2.201816
1472.000000	505.491882	2.200963
1473.000000	505.810059	2.201002
1474.000000	506.152374	2.199376
1475.000000	506.493927	2.198292
1476.000000	506.825775	2.197440
1477.000000	507.153351	2.197517
1478.000000	507.499756	2.197711
1479.000000	507.821381	2.195581
1480.000000	508.171082	2.195001
1481.000000	508.503662	2.192252
1482.000000	508.835083	2.192484
1483.000000	509.174103	2.189735
1484.000000	509.508667	2.191362
1485.000000	509.844269	2.187567
1486.000000	510.171967	2.188109
1487.000000	510.516541	2.185128
1488.000000	510.850281	2.185941
1489.000000	511.196228	2.184044
1490.000000	511.544373	2.182418
1491.000000	511.864044	2.181024
1492.000000	512.208740	2.182147
1493.000000	512.555908	2.180133
1494.000000	512.884277	2.177771
1495.000000	513.207458	2.177384
1496.000000	513.543274	2.176416
1497.000000	513.868408	2.175835
1498.000000	514.201416	2.174170
1499.000000	514.540894	2.170879
1500.000000	514.865845	2.171731
1501.000000	515.189209	2.170725
1502.000000	515.524109	2.170028
1503.000000	515.850525	2.168827
1504.000000	516.181641	2.167588
1505.000000	516.512939	2.165149
1506.000000	516.835327	2.165769
1507.000000	517.164856	2.164258
1508.000000	517.489563	2.163368
1509.000000	517.824951	2.162013
1510.000000	518.158997	2.161819
1511.000000	518.491028	2.161935
1512.000000	518.822510	2.160851
1513.000000	519.149414	2.159729
1514.000000	519.480530	2.159187
1515.000000	519.828674	2.158025
1516.000000	520.133972	2.156360
1517.000000	520.474426	2.156554
1518.000000	520.793579	2.154696
1519.000000	521.119385	2.154269
1520.000000	521.449768	2.153805
1521.000000	521.783264	2.152527
1522.000000	522.105835	2.150553
1523.000000	522.456543	2.149004
1524.000000	522.782959	2.148152
1525.000000	523.126831	2.148384
1526.000000	523.470154	2.146642
1527.000000	523.791565	2.145170
1528.000000	524.126465	2.141918
1529.000000	524.453125	2.143041
1530.000000	524.784485	2.140098
1531.000000	525.117432	2.140911
1532.000000	525.452881	2.138666
1533.000000	525.796143	2.137620
1534.000000	526.126404	2.138317
1535.000000	526.457764	2.136110
1536.000000	526.797424	2.136923
1537.000000	527.138489	2.135801
1538.000000	527.457764	2.134020
1539.000000	527.790405	2.134213
1540.000000	528.116699	2.134213
1541.000000	528.456665	2.130845
1542.000000	528.774475	2.131000
1543.000000	529.110229	2.127902
1544.000000	529.446777	2.127670
1545.000000	529.770325	2.127167
1546.000000	530.092712	2.125928
1547.000000	530.424438	2.123720
1548.000000	530.752686	2.124689
1549.000000	531.079773	2.123566
1550.000000	531.409668	2.119888
1551.000000	531.728699	2.120352
1552.000000	532.047058	2.119578
1553.000000	532.375916	2.116713
1554.000000	532.719788	2.116519
1555.000000	533.048828	2.114738
1556.000000	533.376953	2.114351
1557.000000	533.695313	2.114777
1558.000000	534.037781	2.112725
1559.000000	534.359619	2.112648
1560.000000	534.698669	2.111486
1561.000000	535.021790	2.111525
1562.000000	535.356384	2.110247
1563.000000	535.694641	2.109047
1564.000000	536.016235	2.108233
1565.000000	536.355103	2.109240
1566.000000	536.664734	2.108892
1567.000000	537.005615	2.107459
1568.000000	537.321533	2.106181
1569.000000	537.654114	2.105756
1570.000000	537.997009	2.105484
1571.000000	538.320374	2.104904
1572.000000	538.660767	2.103510
1573.000000	538.992676	2.102271
1574.000000	539.319275	2.101380
1575.000000	539.637024	2.100374
1576.000000	539.995789	2.098593
1577.000000	540.325317	2.098476
1578.000000	540.664551	2.098244
1579.000000	540.986084	2.095495
1580.000000	541.312805	2.094682
1581.000000	541.658630	2.094721
1582.000000	542.010437	2.094450
1583.000000	542.325195	2.094140
1584.000000	542.666504	2.091701
1585.000000	543.008118	2.089532
1586.000000	543.354126	2.089455
1587.000000	543.669800	2.088487
1588.000000	544.020996	2.087945
1589.000000	544.364990	2.087209
1590.000000	544.702026	2.086087
1591.000000	545.029602	2.084887
1592.000000	545.367188	2.083841
1593.000000	545.706543	2.083996
1594.000000	546.025330	2.082680
1595.000000	546.368896	2.080899
1596.000000	546.698669	2.081518
1597.000000	547.038086	2.078653
1598.000000	547.372437	2.079156
1599.000000	547.708496	2.078150
1600.000000	548.049316	2.076794
1601.000000	548.388000	2.072535
1602.000000	548.713562	2.073426
1603.000000	549.055298	2.071606
1604.000000	549.369812	2.071335
1605.000000	549.711243	2.069786
1606.000000	550.045410	2.066495
1607.000000	550.377136	2.069786
1608.000000	550.724365	2.068237
1609.000000	551.069824	2.066495
1610.000000	551.391907	2.066147
1611.000000	551.742798	2.064830
1612.000000	552.082275	2.062933
1613.000000	552.411377	2.063359
1614.000000	552.754395	2.062662
1615.000000	553.091797	2.063049
1616.000000	553.421204	2.061036
1617.000000	553.758972	2.060029
1618.000000	554.096436	2.058597
1619.000000	554.424072	2.057319
1620.000000	554.754639	2.057861
1621.000000	555.086243	2.056118
1622.000000	555.409546	2.054066
1623.000000	555.745667	2.056235
1624.000000	556.078064	2.051550
1625.000000	556.400330	2.051705
1626.000000	556.731445	2.049111
1627.000000	557.055237	2.049343
1628.000000	557.396851	2.045781
1629.000000	557.725769	2.048220
1630.000000	558.054016	2.044349
1631.000000	558.388306	2.044852
1632.000000	558.726563	2.042258
1633.000000	559.048157	2.042916
1634.000000	559.376526	2.040167
1635.000000	559.708435	2.040980
1636.000000	560.039734	2.040593
1637.000000	560.377686	2.037108
1638.000000	560.717224	2.036992
1639.000000	561.035400	2.037147
1640.000000	561.370667	2.037766
1641.000000	561.687256	2.036334
1642.000000	562.032715	2.034630
1643.000000	562.369507	2.035366
1644.000000	562.702393	2.033353
1645.000000	563.045105	2.033740
1646.000000	563.385559	2.033933
1647.000000	563.716003	2.031107
1648.000000	564.048889	2.030603
1649.000000	564.387207	2.029403
1650.000000	564.715698	2.028629
1651.000000	565.034363	2.028087
1652.000000	565.374512	2.027158
1653.000000	565.708252	2.025299
1654.000000	566.020996	2.024680
1655.000000	566.362671	2.023131
1656.000000	566.694824	2.022976
1657.000000	567.047363	2.021698
1658.000000	567.361694	2.020459
1659.000000	567.711609	2.018949
1660.000000	568.037170	2.019259
1661.000000	568.363647	2.016936
1662.000000	568.706238	2.016471
1663.000000	569.031738	2.015077
1664.000000	569.372192	2.014187
1665.000000	569.691711	2.014187
1666.000000	570.049927	2.014148
1667.000000	570.380615	2.012987
1668.000000	570.708557	2.012716
1669.000000	571.058289	2.010896
1670.000000	571.380615	2.010509
1671.000000	571.719177	2.009696
1672.000000	572.047913	2.009735
1673.000000	572.384583	2.008612
1674.000000	572.706787	2.007837
1675.000000	573.063416	2.006637
1676.000000	573.412720	2.007721
1677.000000	573.747314	2.007257
1678.000000	574.084595	2.005824
1679.000000	574.421387	2.006172
1680.000000	574.756348	2.003346
1681.000000	575.085205	2.002688
1682.000000	575.427429	2.000868
1683.000000	575.763672	2.001255
1684.000000	576.098083	1.998622
1685.000000	576.428955	1.998661
1686.000000	576.763733	1.998235
1687.000000	577.085327	1.997112
1688.000000	577.420166	1.996996
1689.000000	577.747681	1.995099
1690.000000	578.082214	1.993395
1691.000000	578.424683	1.993512
1692.000000	578.746826	1.991111
1693.000000	579.077698	1.991692
1694.000000	579.407776	1.990956
1695.000000	579.739014	1.990724
1696.000000	580.083435	1.988749
1697.000000	580.406982	1.988749
1698.000000	580.744019	1.987123
1699.000000	581.075867	1.985187
1700.000000	581.403687	1.986929
1701.000000	581.738708	1.985187
1702.000000	582.073914	1.983638
1703.000000	582.417236	1.984374
1704.000000	582.749756	1.983716
1705.000000	583.080811	1.982244
1706.000000	583.421997	1.979960
1707.000000	583.725952	1.979341
1708.000000	584.078552	1.978915
1709.000000	584.423828	1.975043
1710.000000	584.765869	1.976553
1711.000000	585.094910	1.974850
1712.000000	585.441406	1.972101
1713.000000	585.783386	1.972604
1714.000000	586.125061	1.972604
1715.000000	586.455566	1.969778
1716.000000	586.791565	1.970784
1717.000000	587.130554	1.970591
1718.000000	587.463379	1.969352
1719.000000	587.799866	1.967571
1720.000000	588.141724	1.967880
1721.000000	588.468262	1.965944
1722.000000	588.813538	1.964589
1723.000000	589.157654	1.964434
1724.000000	589.482178	1.964473
1725.000000	589.825500	1.963660
1726.000000	590.144531	1.961647
1727.000000	590.476074	1.961647
1728.000000	590.821472	1.959478
1729.000000	591.153198	1.961298
1730.000000	591.498291	1.959323
1731.000000	591.812805	1.959478
1732.000000	592.142883	1.957968
1733.000000	592.476685	1.956304
1734.000000	592.790344	1.955607
1735.000000	593.129150	1.955452
1736.000000	593.462280	1.955413
1737.000000	593.780518	1.953283
1738.000000	594.103394	1.952896
1739.000000	594.438599	1.951580
1740.000000	594.763855	1.952122
1741.000000	595.054688	1.948947
1742.000000	595.392761	1.950263
1743.000000	595.731201	1.948366
1744.000000	596.049194	1.945346
1745.000000	596.366943	1.945269
1746.000000	596.705383	1.944649
1747.000000	597.032532	1.943333
1748.000000	597.351563	1.943062
1749.000000	597.677490	1.943062
1750.000000	598.013733	1.940351
1751.000000	598.343323	1.942287
1752.000000	598.687073	1.940468
1753.000000	599.018494	1.938416
1754.000000	599.349609	1.937370
1755.000000	599.683167	1.936170
1756.000000	600.024292	1.936170
1757.000000	600.367432	1.936944
1758.000000	600.698975	1.935744
1759.000000	601.039063	1.933924
1760.000000	601.379395	1.934157
1761.000000	601.718140	1.935241
1762.000000	602.048462	1.932414
1763.000000	602.382996	1.931679
1764.000000	602.732971	1.929936
1765.000000	603.077148	1.930904
1766.000000	603.405518	1.928736
1767.000000	603.731995	1.926490
1768.000000	604.076599	1.926800
1769.000000	604.398621	1.924787
1770.000000	604.730957	1.927265
1771.000000	605.059814	1.922580
1772.000000	605.392822	1.924864
1773.000000	605.726868	1.921767
1774.000000	606.057800	1.920992
1775.000000	606.392822	1.920295
1776.000000	606.734314	1.917895
1777.000000	607.053589	1.918940
1778.000000	607.385986	1.917701
1779.000000	607.718323	1.918088
1780.000000	608.041443	1.916888
1781.000000	608.372986	1.915223
1782.000000	608.721436	1.915998
1783.000000	609.048584	1.914836
1784.000000	609.374023	1.912242
1785.000000	609.708801	1.913210
1786.000000	610.036621	1.911506
1787.000000	610.370361	1.909648
1788.000000	610.714966	1.911932
1789.000000	611.043396	1.910693
1790.000000	611.366516	1.909416
1791.000000	611.685120	1.910035
1792.000000	612.027710	1.908022
1793.000000	612.377319	1.907363
1794.000000	612.695557	1.907634
1795.000000	613.020386	1.907247
1796.000000	613.346802	1.906086
1797.000000	613.690430	1.906047
1798.000000	614.022217	1.904963
1799.000000	614.349915	1.906163
1800.000000	614.688721	1.903453
1801.000000	615.000977	1.902447
1802.000000	615.351990	1.903376
1803.000000	615.679443	1.901711
1804.000000	616.012207	1.900007
1805.000000	616.345520	1.900627
1806.000000	616.686218	1.899349
1807.000000	617.015930	1.897955
1808.000000	617.357422	1.897839
1809.000000	617.687439	1.896910
1810.000000	618.032104	1.896639
1811.000000	618.369751	1.895477
1812.000000	618.697266	1.895477
1813.000000	619.041382	1.893541
1814.000000	619.371094	1.894161
1815.000000	619.716675	1.891683
1816.000000	620.040161	1.891528
1817.000000	620.372681	1.888895
1818.000000	620.709961	1.889515
1819.000000	621.056641	1.888043
1820.000000	621.390625	1.887966
1821.000000	621.729370	1.887850
1822.000000	622.049316	1.887772
1823.000000	622.396606	1.884636
1824.000000	622.716553	1.884559
1825.000000	623.053101	1.885333
1826.000000	623.380371	1.882197
1827.000000	623.705261	1.884907
1828.000000	624.028076	1.882158
1829.000000	624.366577	1.880803
1830.000000	624.682373	1.880726
1831.000000	625.018799	1.879835
1832.000000	625.347717	1.879216
1833.000000	625.645325	1.879138
1834.000000	626.001282	1.879719
1835.000000	626.342102	1.875460
1836.000000	626.673828	1.875924
1837.000000	627.004639	1.875344
1838.000000	627.337646	1.876738
1839.000000	627.664734	1.875344
1840.000000	628.007385	1.874724
1841.000000	628.324402	1.873446
1842.000000	628.660461	1.871278
1843.000000	628.996948	1.870659
1844.000000	629.337585	1.869071
1845.000000	629.670349	1.868684
1846.000000	630.011597	1.867174
1847.000000	630.335815	1.867019
1848.000000	630.659851	1.866709
1849.000000	630.986572	1.865238
1850.000000	631.323425	1.865199
1851.000000	631.662354	1.864929
1852.000000	631.996155	1.864735
1853.000000	632.331177	1.864077
1854.000000	632.669373	1.863070
1855.000000	633.005554	1.862993
1856.000000	633.333618	1.861018
1857.000000	633.666321	1.861909
1858.000000	633.998657	1.858734
1859.000000	634.334473	1.858772
1860.000000	634.669495	1.858501
1861.000000	635.008972	1.858501
1862.000000	635.319824	1.858114
1863.000000	635.660645	1.855752
1864.000000	635.998657	1.855481
1865.000000	636.337708	1.853662
1866.000000	636.672119	1.851416
1867.000000	637.004395	1.850409
1868.000000	637.319214	1.852229
1869.000000	637.639343	1.852461
1870.000000	637.999695	1.849170
1871.000000	638.318054	1.846499
1872.000000	638.636047	1.849015
1873.000000	638.983826	1.848241
1874.000000	639.312256	1.845569
1875.000000	639.640747	1.845298
1876.000000	639.979614	1.845260
1877.000000	640.322571	1.845879
1878.000000	640.649170	1.844640
1879.000000	640.978882	1.842975
1880.000000	641.313843	1.841775
1881.000000	641.644531	1.842123
1882.000000	641.974426	1.841117
1883.000000	642.306458	1.839297
1884.000000	642.655212	1.839917
1885.000000	642.985107	1.838484
1886.000000	643.326416	1.837942
1887.000000	643.675171	1.839142
1888.000000	644.013977	1.837439
1889.000000	644.341614	1.837516
1890.000000	644.671692	1.835696
1891.000000	645.009949	1.836586
1892.000000	645.336670	1.836354
1893.000000	645.677368	1.835232
1894.000000	646.019470	1.835425
1895.000000	646.351807	1.834147
1896.000000	646.680664	1.832366
1897.000000	646.991455	1.831708
1898.000000	647.322510	1.830818
1899.000000	647.657349	1.831631
1900.000000	647.971802	1.830818
1901.000000	648.300293	1.829811
1902.000000	648.624512	1.829230
1903.000000	648.949158	1.829579
1904.000000	649.278748	1.827798
1905.000000	649.600220	1.826520
1906.000000	649.939514	1.826869
1907.000000	650.282471	1.823539
1908.000000	650.594360	1.824623
1909.000000	650.920349	1.823965
1910.000000	651.237671	1.823036
1911.000000	651.570801	1.821836
1912.000000	651.895447	1.820751
1913.000000	652.220581	1.820519
1914.000000	652.544800	1.818622
1915.000000	652.861084	1.818312
1916.000000	653.187256	1.818157
1917.000000	653.524780	1.818196
1918.000000	653.869080	1.817615
1919.000000	654.201721	1.816453
1920.000000	654.548950	1.817034
1921.000000	654.859131	1.816376
1922.000000	655.204651	1.816453
1923.000000	655.545410	1.814634
1924.000000	655.878662	1.814285
1925.000000	656.208496	1.813395
1926.000000	656.538635	1.812853
1927.000000	656.873535	1.811962
1928.000000	657.209717	1.813782
1929.000000	657.537537	1.812582
1930.000000	657.866028	1.812543
1931.000000	658.219727	1.811614
1932.000000	658.556702	1.811265
1933.000000	658.898987	1.808942
1934.000000	659.225586	1.810336
1935.000000	659.557373	1.810026
1936.000000	659.877625	1.808245
1937.000000	660.211060	1.807548
1938.000000	660.552979	1.807277
1939.000000	660.900757	1.806542
1940.000000	661.243652	1.805961
1941.000000	661.572266	1.806271
1942.000000	661.904297	1.805032
1943.000000	662.252808	1.805032
1944.000000	662.586304	1.805186
1945.000000	662.916992	1.803444
1946.000000	663.246155	1.804141
1947.000000	663.583252	1.801973
1948.000000	663.914001	1.803057
1949.000000	664.262207	1.801160
1950.000000	664.601807	1.801547
1951.000000	664.921143	1.801469
1952.000000	665.266357	1.798449
1953.000000	665.592896	1.798333
1954.000000	665.907593	1.797133
1955.000000	666.230408	1.796784
1956.000000	666.571411	1.796862
1957.000000	666.905762	1.795274
1958.000000	667.239929	1.797946
1959.000000	667.577148	1.796552
1960.000000	667.908691	1.794423
1961.000000	668.243896	1.794151
1962.000000	668.554443	1.793764
1963.000000	668.891846	1.794190
1964.000000	669.218018	1.791674
1965.000000	669.547913	1.790164
1966.000000	669.890503	1.792642
1967.000000	670.218262	1.789931
1968.000000	670.556396	1.789389
1969.000000	670.895935	1.790202
1970.000000	671.236877	1.788034
1971.000000	671.559265	1.785905
1972.000000	671.888794	1.786679
1973.000000	672.226318	1.787686
1974.000000	672.567749	1.786641
1975.000000	672.892639	1.786176
1976.000000	673.225891	1.786718
1977.000000	673.557861	1.785247
1978.000000	673.891113	1.784240
1979.000000	674.221558	1.783195
1980.000000	674.533264	1.783001
1981.000000	674.861755	1.782072
1982.000000	675.208313	1.782962
1983.000000	675.530884	1.781994
1984.000000	675.858887	1.778935
1985.000000	676.187256	1.779400
1986.000000	676.527649	1.780445
1987.000000	676.866455	1.779439
1988.000000	677.193848	1.779013
1989.000000	677.521973	1.778355
1990.000000	677.852844	1.776574
1991.000000	678.182861	1.776612
1992.000000	678.506592	1.776341
1993.000000	678.850586	1.775451
1994.000000	679.185547	1.773360
1995.000000	679.523987	1.774986
1996.000000	679.861572	1.773399
1997.000000	680.191162	1.773592
1998.000000	680.504150	1.771695
1999.000000	680.834534	1.773708
2000.000000	681.174744	1.771424
2001.000000	681.500366	1.769876
2002.000000	681.838562	1.770030
2003.000000	682.164063	1.768714
2004.000000	682.495239	1.768249
2005.000000	682.821960	1.767010
2006.000000	683.161194	1.767397
2007.000000	683.499756	1.768094
2008.000000	683.822754	1.766933
2009.000000	684.157593	1.766120
2010.000000	684.485352	1.765887
2011.000000	684.821167	1.766197
2012.000000	685.149902	1.766081
2013.000000	685.473083	1.765926
2014.000000	685.831177	1.764029
2015.000000	686.167847	1.764765
2016.000000	686.502930	1.763913
2017.000000	686.843262	1.763216
2018.000000	687.181946	1.763525
2019.000000	687.523621	1.763216
2020.000000	687.848389	1.761473
2021.000000	688.188843	1.760544
2022.000000	688.521667	1.760118
2023.000000	688.876404	1.760351
2024.000000	689.198975	1.760312
2025.000000	689.532776	1.759034
2026.000000	689.870178	1.758531
2027.000000	690.210754	1.759112
2028.000000	690.557007	1.759460
2029.000000	690.889404	1.756130
2030.000000	691.222229	1.758415
2031.000000	691.562744	1.756208
2032.000000	691.898254	1.757369
2033.000000	692.216553	1.756285
2034.000000	692.547729	1.755317
2035.000000	692.888611	1.755975
2036.000000	693.230652	1.751601
2037.000000	693.560242	1.751136
2038.000000	693.880127	1.753614
2039.000000	694.216431	1.752375
2040.000000	694.545776	1.751484
2041.000000	694.888550	1.751252
2042.000000	695.214355	1.751523
2043.000000	695.540710	1.749820
2044.000000	695.891602	1.748890
2045.000000	696.223145	1.746954
2046.000000	696.552429	1.748271
2047.000000	696.874878	1.746916
2048.000000	697.207153	1.744283
2049.000000	697.540527	1.745638
2050.000000	697.873352	1.746064
2051.000000	698.204834	1.744825
2052.000000	698.532959	1.744748
2053.000000	698.849121	1.742231
2054.000000	699.206787	1.742695
2055.000000	699.541687	1.741572
2056.000000	699.882568	1.742812
2057.000000	700.229248	1.741766
2058.000000	700.549194	1.741456
2059.000000	700.896484	1.742424
2060.000000	701.225281	1.741689
2061.000000	701.579346	1.739830
2062.000000	701.918762	1.740450
2063.000000	702.246704	1.740217
2064.000000	702.572021	1.739443
2065.000000	702.902527	1.739017
2066.000000	703.250427	1.738901
2067.000000	703.566284	1.737120
2068.000000	703.887817	1.737894
2069.000000	704.226807	1.737120
2070.000000	704.565430	1.736733
2071.000000	704.889893	1.736229
2072.000000	705.221191	1.736345
2073.000000	705.549805	1.736423
2074.000000	705.883606	1.736733
2075.000000	706.216919	1.735726
2076.000000	706.552979	1.735958
2077.000000	706.880127	1.735300
2078.000000	707.231079	1.734603
2079.000000	707.556335	1.733790
2080.000000	707.882263	1.732512
2081.000000	708.219116	1.734100
2082.000000	708.562256	1.732512
2083.000000	708.882568	1.732977
2084.000000	709.221802	1.730305
2085.000000	709.548645	1.732590
2086.000000	709.890808	1.729879
2087.000000	710.227295	1.729957
2088.000000	710.565308	1.727285
2089.000000	710.912903	1.730460
2090.000000	711.244751	1.728369
2091.000000	711.578003	1.728292
2092.000000	711.915710	1.728950
2093.000000	712.236816	1.726240
2094.000000	712.552002	1.723568
2095.000000	712.904114	1.724149
2096.000000	713.239563	1.723104
2097.000000	713.578613	1.725078
2098.000000	713.899414	1.725040
2099.000000	714.233398	1.725194
2100.000000	714.575378	1.721748
2101.000000	714.906250	1.722716
2102.000000	715.243896	1.723801
2103.000000	715.571777	1.720471
2104.000000	715.897827	1.720355
2105.000000	716.220093	1.721942
2106.000000	716.566162	1.721013
2107.000000	716.880554	1.719774
2108.000000	717.212646	1.719774
2109.000000	717.544983	1.720432
2110.000000	717.882385	1.721129
2111.000000	718.226563	1.719851
2112.000000	718.553345	1.719696
2113.000000	718.867615	1.719077
2114.000000	719.225342	1.717760
2115.000000	719.554688	1.719232
2116.000000	719.890320	1.717025
2117.000000	720.248291	1.715360
2118.000000	720.578613	1.715825
2119.000000	720.910889	1.715593
2120.000000	721.226196	1.715902
2121.000000	721.571594	1.715360
2122.000000	721.917542	1.713308
2123.000000	722.241394	1.714160
2124.000000	722.581665	1.714238
2125.000000	722.906372	1.714122
2126.000000	723.235168	1.714083
2127.000000	723.570862	1.713425
2128.000000	723.907898	1.712418
2129.000000	724.238342	1.712031
2130.000000	724.579529	1.713308
2131.000000	724.913086	1.713541
2132.000000	725.224670	1.711179
2133.000000	725.568604	1.712070
2134.000000	725.910645	1.710985
2135.000000	726.235229	1.711102
2136.000000	726.569702	1.712766
2137.000000	726.904053	1.711644
2138.000000	727.230408	1.711721
2139.000000	727.555359	1.710250
2140.000000	727.901306	1.708933
2141.000000	728.238281	1.708933
2142.000000	728.580078	1.709243
2143.000000	728.910095	1.708856
2144.000000	729.230957	1.706842
2145.000000	729.557617	1.705526
2146.000000	729.874878	1.707655
2147.000000	730.232910	1.708043
2148.000000	730.546631	1.707655
2149.000000	730.885864	1.704364
2150.000000	731.218079	1.704364
2151.000000	731.559448	1.704945
2152.000000	731.904846	1.705603
2153.000000	732.249207	1.705410
2154.000000	732.589355	1.705719
2155.000000	732.912170	1.704171
2156.000000	733.274231	1.704945
2157.000000	733.619446	1.704209
2158.000000	733.950928	1.703280
2159.000000	734.283447	1.701189
2160.000000	734.623535	1.703629
2161.000000	734.969727	1.699641
2162.000000	735.310303	1.697976
2163.000000	735.643372	1.700338
2164.000000	735.969238	1.700531
2165.000000	736.318359	1.701228
2166.000000	736.649170	1.698905
2167.000000	736.993591	1.698208
2168.000000	737.319946	1.695575
2169.000000	737.658936	1.698286
2170.000000	737.987976	1.699408
2171.000000	738.318848	1.697937
2172.000000	738.656799	1.696079
2173.000000	738.973877	1.694259
2174.000000	739.299255	1.696814
2175.000000	739.626953	1.693175
2176.000000	739.957336	1.693756
2177.000000	740.284058	1.693833
2178.000000	740.624512	1.694491
2179.000000	740.937744	1.692788
2180.000000	741.277100	1.692013
2181.000000	741.607666	1.692013
2182.000000	741.950562	1.692168
2183.000000	742.297119	1.693407
2184.000000	742.628357	1.690155
2185.000000	742.954407	1.690155
2186.000000	743.292114	1.691742
2187.000000	743.629822	1.689690
2188.000000	743.959351	1.689690
2189.000000	744.296143	1.691161
2190.000000	744.631531	1.690232
2191.000000	744.988281	1.688993
2192.000000	745.325623	1.686709
2193.000000	745.670166	1.686050
2194.000000	746.014160	1.687367
2195.000000	746.353821	1.686709
2196.000000	746.685486	1.685237
2197.000000	747.005920	1.687212
2198.000000	747.299622	1.686554
2199.000000	747.637634	1.684657
2200.000000	747.966187	1.685895
2201.000000	748.305115	1.685392
2202.000000	748.644775	1.684153
2203.000000	748.993652	1.683340
2204.000000	749.335388	1.684463
2205.000000	749.671753	1.683611
2206.000000	750.004211	1.684114
2207.000000	750.317200	1.681133
2208.000000	750.614929	1.681481
2209.000000	750.962646	1.681017
2210.000000	751.288574	1.681520
2211.000000	751.615112	1.681095
2212.000000	751.960693	1.679585
2213.000000	752.316223	1.679662
2214.000000	752.667908	1.680010
2215.000000	752.985535	1.678385
2216.000000	753.312317	1.678075
2217.000000	753.634216	1.679352
2218.000000	753.958618	1.676952
2219.000000	754.294922	1.675132
2220.000000	754.607971	1.675674
2221.000000	754.921448	1.674009
2222.000000	755.254395	1.674474
2223.000000	755.567139	1.676062
2224.000000	755.900696	1.674590
2225.000000	756.232178	1.674668
2226.000000	756.569092	1.673738
2227.000000	756.867554	1.672848
2228.000000	757.165833	1.671028
2229.000000	757.488770	1.669441
2230.000000	757.835205	1.672073
2231.000000	758.162048	1.670215
2232.000000	758.480774	1.671028
2233.000000	758.796753	1.670912
2234.000000	759.130615	1.669634
2235.000000	759.463318	1.669208
2236.000000	759.792603	1.670563
2237.000000	760.119751	1.668511
2238.000000	760.437988	1.668240
2239.000000	760.795776	1.669247
2240.000000	761.124023	1.668047
2241.000000	761.445007	1.667543
2242.000000	761.786377	1.665995
2243.000000	762.097656	1.665762
2244.000000	762.448242	1.666227
2245.000000	762.790649	1.667969
2246.000000	763.129761	1.666033
2247.000000	763.456238	1.667311
2248.000000	763.789429	1.665569
2249.000000	764.108948	1.665452
2250.000000	764.445557	1.664136
2251.000000	764.780762	1.665143
2252.000000	765.116455	1.662588
2253.000000	765.461182	1.663323
2254.000000	765.795654	1.662742
2255.000000	766.117920	1.663633
2256.000000	766.451599	1.663362
2257.000000	766.786987	1.662161
2258.000000	767.124268	1.660651
2259.000000	767.458313	1.658599
2260.000000	767.790283	1.660922
2261.000000	768.132935	1.660690
2262.000000	768.466431	1.657941
2263.000000	768.800293	1.659335
2264.000000	769.144775	1.658870
2265.000000	769.484619	1.657206
2266.000000	769.829712	1.657593
2267.000000	770.166809	1.656509
2268.000000	770.494385	1.655579
2269.000000	770.814026	1.655424
2270.000000	771.167969	1.653605
2271.000000	771.501404	1.652830
2272.000000	771.830383	1.651398
2273.000000	772.169922	1.652637
2274.000000	772.506592	1.652521
2275.000000	772.838623	1.653721
2276.000000	773.159546	1.651127
2277.000000	773.497192	1.651398
2278.000000	773.832397	1.649965
2279.000000	774.150024	1.649500
2280.000000	774.480225	1.648455
2281.000000	774.796265	1.648145
2282.000000	775.160645	1.646403
2283.000000	775.500427	1.646790
2284.000000	775.803223	1.647564
2285.000000	776.119568	1.644932
2286.000000	776.449280	1.644738
2287.000000	776.780396	1.644699
2288.000000	777.099854	1.644351
2289.000000	777.427856	1.644932
2290.000000	777.738770	1.642299
2291.000000	778.072754	1.642841
2292.000000	778.392578	1.642648
2293.000000	778.729248	1.640673
2294.000000	779.061523	1.641834
2295.000000	779.382202	1.642376
2296.000000	779.723999	1.640867
2297.000000	780.063904	1.642183
2298.000000	780.396484	1.640789
2299.000000	780.743286	1.639744
2300.000000	781.093689	1.640131
2301.000000	781.412842	1.640092
2302.000000	781.770508	1.639473
2303.000000	782.117432	1.639512
2304.000000	782.445618	1.638582
2305.000000	782.775330	1.638505
2306.000000	783.129028	1.637808
2307.000000	783.465088	1.638737
2308.000000	783.797058	1.638002
2309.000000	784.117859	1.636530
2310.000000	784.459351	1.636220
2311.000000	784.797729	1.637343
2312.000000	785.119324	1.636724
2313.000000	785.441406	1.633936
2314.000000	785.790894	1.634633
2315.000000	786.117432	1.635214
2316.000000	786.445557	1.635872
2317.000000	786.768860	1.634865
2318.000000	787.109863	1.634091
2319.000000	787.458008	1.633046
2320.000000	787.784241	1.632852
2321.000000	788.114502	1.630877
2322.000000	788.456604	1.630103
2323.000000	788.791382	1.631071
2324.000000	789.130005	1.630993
2325.000000	789.466370	1.629406
2326.000000	789.783752	1.630180
2327.000000	790.111755	1.627741
2328.000000	790.454346	1.628322
2329.000000	790.810669	1.627315
2330.000000	791.150757	1.627393
2331.000000	791.495300	1.626115
2332.000000	791.830872	1.626696
2333.000000	792.164917	1.626425
2334.000000	792.506409	1.625960
2335.000000	792.829468	1.624953
2336.000000	793.147217	1.623405
2337.000000	793.474915	1.623637
2338.000000	793.809021	1.623753
2339.000000	794.144104	1.623172
2340.000000	794.463135	1.624179
2341.000000	794.812134	1.622088
2342.000000	795.138489	1.621120
2343.000000	795.484802	1.620113
2344.000000	795.815674	1.620694
2345.000000	796.160522	1.618642
2346.000000	796.487122	1.620501
2347.000000	796.810120	1.619997
2348.000000	797.126892	1.618642
2349.000000	797.462646	1.618875
2350.000000	797.785339	1.618371
2351.000000	798.112915	1.617481
2352.000000	798.457458	1.617752
2353.000000	798.797668	1.616048
2354.000000	799.118652	1.617093
2355.000000	799.443665	1.616745
2356.000000	799.790771	1.616551
2357.000000	800.101929	1.615545
2358.000000	800.450317	1.616822
2359.000000	800.776245	1.615235
2360.000000	801.095947	1.616164
2361.000000	801.418213	1.616939
2362.000000	801.753174	1.614035
2363.000000	802.085876	1.614964
2364.000000	802.428223	1.614344
2365.000000	802.769958	1.613144
2366.000000	803.095154	1.614577
2367.000000	803.442383	1.613260
2368.000000	803.769775	1.613260
2369.000000	804.106262	1.612641
2370.000000	804.434753	1.612912
2371.000000	804.769531	1.612254
2372.000000	805.111816	1.612292
2373.000000	805.437378	1.610511
2374.000000	805.759583	1.611905
2375.000000	806.102722	1.610318
2376.000000	806.426086	1.609892
2377.000000	806.772949	1.610434
2378.000000	807.122986	1.608033
2379.000000	807.448547	1.609930
2380.000000	807.776978	1.609350
2381.000000	808.108337	1.606523
2382.000000	808.451172	1.608265
2383.000000	808.772339	1.608382
2384.000000	809.112488	1.607220
2385.000000	809.438965	1.607646
2386.000000	809.775635	1.607491
