0.000000	29.585770	9.753853
1.000000	29.597662	9.753156
2.000000	29.614656	9.755131
3.000000	29.629833	9.755323
4.000000	29.655321	9.755865
5.000000	29.692827	9.753892
6.000000	29.725723	9.754743
7.000000	29.767239	9.755556
8.000000	29.789330	9.754471
9.000000	29.822226	9.756330
10.000000	29.870052	9.755013
11.000000	29.916903	9.754317
12.000000	29.953924	9.755324
13.000000	30.004904	9.754047
14.000000	30.066208	9.755246
15.000000	30.116821	9.753118
16.000000	30.172649	9.754512
17.000000	30.233725	9.753697
18.000000	30.297899	9.752151
19.000000	30.356537	9.751956
20.000000	30.424440	9.752769
21.000000	30.491150	9.750717
22.000000	30.555325	9.751957
23.000000	30.630697	9.750834
24.000000	30.707516	9.750563
25.000000	30.776749	9.750755
26.000000	30.859467	9.751337
27.000000	30.950613	9.749982
28.000000	31.031647	9.749168
29.000000	31.109909	9.748511
30.000000	31.200212	9.746845
31.000000	31.287746	9.748472
32.000000	31.370705	9.747659
33.000000	31.461250	9.745723
34.000000	31.552874	9.744716
35.000000	31.651129	9.745916
36.000000	31.745886	9.746807
37.000000	31.841366	9.746381
38.000000	31.940338	9.745065
39.000000	32.042801	9.743825
40.000000	32.130577	9.744717
41.000000	32.239063	9.743941
42.000000	32.335743	9.743555
43.000000	32.439297	9.743206
44.000000	32.543804	9.742471
45.000000	32.637959	9.742702
46.000000	32.736092	9.740960
47.000000	32.843853	9.740148
48.000000	32.965099	9.739915
49.000000	33.069733	9.737862
50.000000	33.171234	9.738870
51.000000	33.275864	9.737204
52.000000	33.380375	9.737205
53.000000	33.486450	9.733603
54.000000	33.598549	9.733292
55.000000	33.714378	9.734415
56.000000	33.827202	9.732556
57.000000	33.946033	9.732364
58.000000	34.068848	9.730816
59.000000	34.181427	9.730545
60.000000	34.298100	9.728066
61.000000	34.433319	9.727098
62.000000	34.567322	9.729267
63.000000	34.706993	9.724233
64.000000	34.839077	9.725666
65.000000	34.992111	9.722298
66.000000	35.144424	9.721096
67.000000	35.306248	9.721832
68.000000	35.458321	9.720400
69.000000	35.626522	9.720555
70.000000	35.804844	9.719587
71.000000	35.985809	9.717225
72.000000	36.161480	9.716992
73.000000	36.352203	9.718348
74.000000	36.550388	9.715134
75.000000	36.766872	9.713974
76.000000	36.979748	9.713392
77.000000	37.217667	9.710449
78.000000	37.464138	9.711649
79.000000	37.705791	9.709599
80.000000	37.957195	9.709055
81.000000	38.226662	9.706965
82.000000	38.491306	9.706462
83.000000	38.783649	9.703171
84.000000	39.072624	9.704449
85.000000	39.377365	9.700963
86.000000	39.695713	9.700111
87.000000	40.020084	9.699531
88.000000	40.346622	9.696394
89.000000	40.681038	9.697169
90.000000	41.033634	9.694459
91.000000	41.397949	9.695505
92.000000	41.765003	9.693529
93.000000	42.134933	9.692368
94.000000	42.525185	9.691904
95.000000	42.903000	9.689967
96.000000	43.295517	9.687645
97.000000	43.707275	9.685516
98.000000	44.117844	9.683115
99.000000	44.543118	9.680443
100.000000	44.963364	9.676880
101.000000	45.388149	9.674519
102.000000	45.818798	9.673202
103.000000	46.248966	9.670879
104.000000	46.686306	9.669369
105.000000	47.135838	9.667084
106.000000	47.575809	9.666775
107.000000	48.030602	9.663639
108.000000	48.476181	9.659535
109.000000	48.928822	9.653030
110.000000	49.375729	9.651714
111.000000	49.809124	9.649314
112.000000	50.258774	9.647803
113.000000	50.710449	9.644087
114.000000	51.171967	9.643158
115.000000	51.617363	9.641144
116.000000	52.047653	9.637388
117.000000	52.487350	9.634329
118.000000	52.923466	9.632277
119.000000	53.365768	9.629334
120.000000	53.775841	9.624767
121.000000	54.196976	9.621939
122.000000	54.628220	9.619385
123.000000	55.051140	9.616171
124.000000	55.459789	9.611214
125.000000	55.864151	9.605793
126.000000	56.256149	9.602310
127.000000	56.664677	9.598746
128.000000	57.055851	9.596152
129.000000	57.445824	9.592127
130.000000	57.827824	9.587326
131.000000	58.211258	9.584577
132.000000	58.580418	9.578111
133.000000	58.945892	9.575169
134.000000	59.304234	9.571995
135.000000	59.663170	9.570368
136.000000	60.014618	9.566341
137.000000	60.359634	9.560997
138.000000	60.704655	9.556081
139.000000	61.036777	9.551744
140.000000	61.351116	9.547832
141.000000	61.690281	9.546438
142.000000	62.008713	9.544697
143.000000	62.319687	9.539470
144.000000	62.624741	9.537843
145.000000	62.934647	9.532229
146.000000	63.232830	9.528008
147.000000	63.528404	9.525337
148.000000	63.836174	9.522241
149.000000	64.123093	9.517323
150.000000	64.409195	9.512755
151.000000	64.689011	9.508031
152.000000	64.950455	9.505592
153.000000	65.242004	9.501488
154.000000	65.517090	9.498584
155.000000	65.799980	9.494015
156.000000	66.068428	9.491615
157.000000	66.333435	9.484374
158.000000	66.611473	9.479921
159.000000	66.862617	9.476669
160.000000	67.122185	9.472486
161.000000	67.399040	9.470861
162.000000	67.669144	9.465981
163.000000	67.928940	9.461530
164.000000	68.186241	9.457311
165.000000	68.454933	9.454562
166.000000	68.722076	9.452200
167.000000	68.987076	9.448948
168.000000	69.243317	9.446508
169.000000	69.508446	9.443139
170.000000	69.769073	9.439964
171.000000	70.034790	9.437988
172.000000	70.310699	9.433964
173.000000	70.568481	9.430634
174.000000	70.823891	9.427188
175.000000	71.111290	9.424516
176.000000	71.389542	9.421380
177.000000	71.658394	9.418553
178.000000	71.945923	9.412086
179.000000	72.217346	9.408602
180.000000	72.496468	9.406240
181.000000	72.786232	9.404575
182.000000	73.080383	9.400394
183.000000	73.364235	9.397296
184.000000	73.662537	9.394470
185.000000	73.963318	9.392651
186.000000	74.268463	9.386379
187.000000	74.572205	9.385296
188.000000	74.884003	9.380338
189.000000	75.193901	9.377820
190.000000	75.507225	9.374879
191.000000	75.831558	9.370968
192.000000	76.151871	9.368954
193.000000	76.479408	9.365432
194.000000	76.815811	9.362954
195.000000	77.156845	9.361405
196.000000	77.483780	9.356372
197.000000	77.828125	9.353468
198.000000	78.171272	9.350952
199.000000	78.517273	9.348667
200.000000	78.866356	9.345724
201.000000	79.210571	9.343982
202.000000	79.569244	9.341698
203.000000	79.928734	9.339684
204.000000	80.287041	9.337090
205.000000	80.642509	9.333722
206.000000	81.012772	9.330082
207.000000	81.371552	9.328650
208.000000	81.742302	9.323307
209.000000	82.112556	9.321215
210.000000	82.484596	9.319820
211.000000	82.846336	9.316298
212.000000	83.223816	9.312000
213.000000	83.589706	9.307431
214.000000	83.960915	9.306038
215.000000	84.329163	9.302398
216.000000	84.704048	9.300423
217.000000	85.084259	9.298565
218.000000	85.457123	9.296127
219.000000	85.826675	9.293959
220.000000	86.202393	9.292720
221.000000	86.573715	9.288809
222.000000	86.933792	9.286524
223.000000	87.305717	9.283736
224.000000	87.673859	9.278393
225.000000	88.049797	9.277580
226.000000	88.412018	9.275722
227.000000	88.779083	9.273361
228.000000	89.140938	9.270185
229.000000	89.495819	9.266197
230.000000	89.864777	9.262596
231.000000	90.221313	9.261474
232.000000	90.567192	9.258337
233.000000	90.923012	9.257950
234.000000	91.285233	9.254232
235.000000	91.621765	9.252220
236.000000	91.976593	9.250710
237.000000	92.316414	9.249006
238.000000	92.661812	9.247148
239.000000	93.002838	9.247806
240.000000	93.342438	9.243778
241.000000	93.673729	9.243546
242.000000	94.008461	9.238861
243.000000	94.346275	9.238747
244.000000	94.683144	9.235996
245.000000	95.010040	9.233906
246.000000	95.335167	9.229957
247.000000	95.650909	9.231583
248.000000	95.969391	9.228642
249.000000	96.308029	9.227944
250.000000	96.624260	9.224150
251.000000	96.945702	9.222059
252.000000	97.258957	9.220084
253.000000	97.572922	9.219736
254.000000	97.882614	9.216406
255.000000	98.203232	9.215786
256.000000	98.512695	9.211567
257.000000	98.822968	9.210135
258.000000	99.122940	9.209049
259.000000	99.431442	9.208546
260.000000	99.746605	9.206688
261.000000	100.048584	9.204403
262.000000	100.323273	9.202931
263.000000	100.646492	9.203938
264.000000	100.963791	9.202545
265.000000	101.275856	9.201538
266.000000	101.581642	9.200493
267.000000	101.889191	9.198556
268.000000	102.194511	9.197317
269.000000	102.504700	9.196465
270.000000	102.820007	9.195847
271.000000	103.121384	9.193949
272.000000	103.427032	9.193020
273.000000	103.732346	9.190309
274.000000	104.055748	9.189960
275.000000	104.369995	9.189534
276.000000	104.666122	9.187638
277.000000	104.983078	9.183805
278.000000	105.301361	9.184888
279.000000	105.617989	9.184579
280.000000	105.936142	9.180359
281.000000	106.253098	9.180436
282.000000	106.570679	9.179004
283.000000	106.894554	9.179545
284.000000	107.217590	9.177765
285.000000	107.542526	9.176062
286.000000	107.862007	9.176216
287.000000	108.188728	9.175519
288.000000	108.516418	9.175597
289.000000	108.847076	9.174473
290.000000	109.173096	9.175093
291.000000	109.505295	9.173777
292.000000	109.829529	9.172771
293.000000	110.162804	9.171996
294.000000	110.498215	9.170795
295.000000	110.842438	9.171027
296.000000	111.171326	9.170292
297.000000	111.512451	9.168084
298.000000	111.847046	9.169090
299.000000	112.190193	9.169324
300.000000	112.530807	9.168008
301.000000	112.868530	9.166691
302.000000	113.210175	9.167272
303.000000	113.550850	9.164020
304.000000	113.895233	9.164833
305.000000	114.246674	9.162665
306.000000	114.584152	9.162393
307.000000	114.924583	9.162472
308.000000	115.281189	9.163052
309.000000	115.630127	9.161776
310.000000	115.983467	9.160381
311.000000	116.331329	9.161116
312.000000	116.682892	9.159645
313.000000	117.037109	9.159025
314.000000	117.384605	9.159917
315.000000	117.732819	9.158291
316.000000	118.095398	9.155580
317.000000	118.447212	9.156819
318.000000	118.786461	9.157246
319.000000	119.137657	9.155076
320.000000	119.497482	9.155581
321.000000	119.842468	9.154419
322.000000	120.181725	9.154495
323.000000	120.536400	9.155736
324.000000	120.879585	9.154652
325.000000	121.219078	9.152367
326.000000	121.572784	9.153528
327.000000	121.924011	9.153296
328.000000	122.265526	9.152987
329.000000	122.598907	9.153296
330.000000	122.942352	9.152754
331.000000	123.285652	9.152677
332.000000	123.627815	9.152173
333.000000	123.961914	9.151243
334.000000	124.290955	9.150741
335.000000	124.642601	9.150702
336.000000	124.971863	9.150353
337.000000	125.302826	9.152058
338.000000	125.629829	9.150276
339.000000	125.964401	9.150083
340.000000	126.290436	9.148998
341.000000	126.627892	9.150353
342.000000	126.956451	9.150276
343.000000	127.285851	9.150662
344.000000	127.612717	9.149887
345.000000	127.925034	9.150315
346.000000	128.237335	9.148766
347.000000	128.582260	9.149502
348.000000	128.908051	9.148417
349.000000	129.227951	9.147991
350.000000	129.550842	9.148301
351.000000	129.880005	9.148378
352.000000	130.198700	9.149076
353.000000	130.522797	9.147022
354.000000	130.834747	9.146984
355.000000	131.157532	9.147099
356.000000	131.476807	9.148339
357.000000	131.802750	9.148301
358.000000	132.112503	9.147178
359.000000	132.417847	9.146287
360.000000	132.733276	9.147410
361.000000	133.040802	9.146286
362.000000	133.353073	9.147642
363.000000	133.671997	9.146984
364.000000	133.975784	9.148767
365.000000	134.276550	9.147875
366.000000	134.579147	9.146869
367.000000	134.883301	9.148224
368.000000	135.192062	9.147255
369.000000	135.492798	9.146442
370.000000	135.796478	9.147255
371.000000	136.106689	9.147488
372.000000	136.403214	9.145085
373.000000	136.700241	9.146053
374.000000	137.022415	9.147140
375.000000	137.319916	9.146093
376.000000	137.627808	9.147566
377.000000	137.939362	9.146054
378.000000	138.227783	9.146519
379.000000	138.534485	9.147408
380.000000	138.853043	9.147294
381.000000	139.163345	9.147334
382.000000	139.467392	9.146791
383.000000	139.766098	9.145164
384.000000	140.082718	9.146557
385.000000	140.379974	9.144969
386.000000	140.692596	9.145164
387.000000	141.007751	9.146442
388.000000	141.315063	9.146364
389.000000	141.639297	9.145203
390.000000	141.961731	9.146713
391.000000	142.266357	9.146945
392.000000	142.583221	9.145085
393.000000	142.909637	9.147643
394.000000	143.229279	9.146596
395.000000	143.559296	9.145164
396.000000	143.884476	9.146519
397.000000	144.207932	9.145512
398.000000	144.538925	9.146015
399.000000	144.880371	9.144583
400.000000	145.209427	9.143885
401.000000	145.546249	9.143963
402.000000	145.876877	9.146326
403.000000	146.207626	9.145241
404.000000	146.554916	9.145317
405.000000	146.895264	9.144930
406.000000	147.238525	9.146519
407.000000	147.578995	9.146053
408.000000	147.912674	9.145589
409.000000	148.262878	9.146946
410.000000	148.599197	9.145590
411.000000	148.947342	9.145588
412.000000	149.296829	9.145627
413.000000	149.648727	9.145203
414.000000	150.000626	9.145705
415.000000	150.342331	9.145008
416.000000	150.709076	9.145203
417.000000	151.053436	9.144853
418.000000	151.396851	9.144117
419.000000	151.738281	9.144932
420.000000	152.104660	9.146093
421.000000	152.467026	9.146674
422.000000	152.812973	9.144738
423.000000	153.158676	9.144699
424.000000	153.517502	9.146053
425.000000	153.864914	9.146364
426.000000	154.217697	9.144737
427.000000	154.565430	9.144582
428.000000	154.933105	9.143653
429.000000	155.286850	9.143769
430.000000	155.636902	9.144970
431.000000	155.972443	9.144156
432.000000	156.320084	9.144312
433.000000	156.691528	9.144543
434.000000	157.039902	9.143421
435.000000	157.381668	9.143537
436.000000	157.729904	9.141291
437.000000	158.081314	9.145667
438.000000	158.424072	9.144582
439.000000	158.774628	9.144970
440.000000	159.113464	9.143036
441.000000	159.468674	9.145009
442.000000	159.806885	9.143111
443.000000	160.144257	9.145203
444.000000	160.485168	9.146171
445.000000	160.813248	9.144623
446.000000	161.156601	9.145163
447.000000	161.483444	9.144156
448.000000	161.828629	9.145319
449.000000	162.160645	9.144854
450.000000	162.503738	9.143730
451.000000	162.831085	9.142337
452.000000	163.164551	9.143459
453.000000	163.495422	9.145125
454.000000	163.829010	9.145125
455.000000	164.143173	9.143730
456.000000	164.491409	9.145628
457.000000	164.814392	9.143420
458.000000	165.150269	9.145821
459.000000	165.460983	9.145164
460.000000	165.793167	9.144776
461.000000	166.121552	9.142647
462.000000	166.440491	9.143654
463.000000	166.773788	9.144583
464.000000	167.096252	9.141833
465.000000	167.413239	9.145086
466.000000	167.744080	9.145008
467.000000	168.068771	9.145551
468.000000	168.393845	9.143072
469.000000	168.710327	9.144466
470.000000	169.025940	9.144930
471.000000	169.350388	9.143344
472.000000	169.675217	9.143382
473.000000	169.988159	9.143808
474.000000	170.312714	9.142879
475.000000	170.628937	9.142724
476.000000	170.952042	9.143769
477.000000	171.268890	9.143382
478.000000	171.594940	9.144775
479.000000	171.908844	9.144969
480.000000	172.239441	9.145085
481.000000	172.553833	9.143654
482.000000	172.873627	9.143073
483.000000	173.213531	9.143730
484.000000	173.551880	9.142220
485.000000	173.873260	9.144854
486.000000	174.193298	9.144854
487.000000	174.529312	9.143807
488.000000	174.858612	9.143421
489.000000	175.187500	9.143925
490.000000	175.516068	9.144041
491.000000	175.852356	9.144659
492.000000	176.177109	9.143150
493.000000	176.512665	9.144505
494.000000	176.847244	9.145319
495.000000	177.183533	9.143188
496.000000	177.524765	9.142609
497.000000	177.861816	9.141640
498.000000	178.196869	9.144466
499.000000	178.517441	9.145203
500.000000	178.868988	9.143770
501.000000	179.198029	9.143886
502.000000	179.540237	9.144349
503.000000	179.878250	9.145047
504.000000	180.218719	9.143034
505.000000	180.561691	9.143150
506.000000	180.895020	9.144272
507.000000	181.240677	9.142570
508.000000	181.582001	9.145434
509.000000	181.922150	9.144737
510.000000	182.264572	9.142181
511.000000	182.598297	9.144505
512.000000	182.942474	9.142570
513.000000	183.273483	9.143769
514.000000	183.621109	9.143924
515.000000	183.959869	9.143227
516.000000	184.294189	9.144699
517.000000	184.641434	9.142800
518.000000	184.985489	9.143034
519.000000	185.329285	9.142647
520.000000	185.664856	9.144272
521.000000	186.006454	9.144078
522.000000	186.356781	9.143421
523.000000	186.692200	9.142066
524.000000	187.025558	9.143847
525.000000	187.373062	9.143768
526.000000	187.731369	9.142685
527.000000	188.066315	9.143576
528.000000	188.414063	9.142879
529.000000	188.738052	9.143188
530.000000	189.088379	9.143459
531.000000	189.418533	9.141562
532.000000	189.755814	9.143343
533.000000	190.094833	9.142839
534.000000	190.430511	9.142530
535.000000	190.770508	9.141679
536.000000	191.110001	9.142685
537.000000	191.431046	9.142299
538.000000	191.779877	9.143149
539.000000	192.120987	9.143306
540.000000	192.447327	9.142569
541.000000	192.784729	9.142995
542.000000	193.125336	9.143577
543.000000	193.455627	9.143110
544.000000	193.780472	9.141833
545.000000	194.111588	9.142530
546.000000	194.443848	9.141989
547.000000	194.772278	9.141872
548.000000	195.106186	9.142647
549.000000	195.425522	9.140788
550.000000	195.751633	9.142181
551.000000	196.088074	9.141523
552.000000	196.430878	9.139935
553.000000	196.754654	9.142414
554.000000	197.077545	9.141484
555.000000	197.399719	9.140363
556.000000	197.727921	9.140712
557.000000	198.052795	9.142414
558.000000	198.380356	9.142685
559.000000	198.699707	9.140169
560.000000	199.017319	9.142530
561.000000	199.353012	9.140556
562.000000	199.692780	9.140245
563.000000	200.023666	9.140634
564.000000	200.347183	9.141369
565.000000	200.670105	9.141252
566.000000	200.989441	9.139587
567.000000	201.312347	9.141292
568.000000	201.635742	9.141136
569.000000	201.959518	9.139858
570.000000	202.275787	9.140904
571.000000	202.593140	9.140556
572.000000	202.920242	9.139782
573.000000	203.255447	9.139434
574.000000	203.585754	9.139510
575.000000	203.911469	9.140788
576.000000	204.233887	9.139240
577.000000	204.559494	9.139433
578.000000	204.899353	9.139008
579.000000	205.224213	9.138157
580.000000	205.546112	9.139705
581.000000	205.872116	9.139744
582.000000	206.201950	9.139356
583.000000	206.534073	9.139511
584.000000	206.873596	9.140014
585.000000	207.213593	9.138814
586.000000	207.541550	9.139163
587.000000	207.884415	9.139666
588.000000	208.213867	9.137383
589.000000	208.554443	9.138699
590.000000	208.878601	9.138698
591.000000	209.244034	9.137731
592.000000	209.575928	9.137421
593.000000	209.908295	9.136531
594.000000	210.263794	9.139356
595.000000	210.609421	9.137730
596.000000	210.955658	9.138310
597.000000	211.297501	9.139472
598.000000	211.659225	9.137227
599.000000	211.994064	9.137188
600.000000	212.329529	9.137111
601.000000	212.680801	9.136336
602.000000	213.026947	9.137111
603.000000	213.363037	9.136994
604.000000	213.718628	9.136221
605.000000	214.065109	9.136607
606.000000	214.409302	9.137227
607.000000	214.758102	9.134517
608.000000	215.107559	9.134711
609.000000	215.448898	9.137576
610.000000	215.796844	9.135524
611.000000	216.141541	9.133898
612.000000	216.487717	9.135291
613.000000	216.839981	9.134014
614.000000	217.190811	9.134400
615.000000	217.514832	9.132078
616.000000	217.878845	9.133239
617.000000	218.214767	9.134285
618.000000	218.561539	9.134361
619.000000	218.903931	9.132582
620.000000	219.256195	9.130529
621.000000	219.602753	9.132542
622.000000	219.936172	9.131924
623.000000	220.283813	9.130065
624.000000	220.620178	9.132038
625.000000	220.961227	9.131343
626.000000	221.300781	9.131536
627.000000	221.642914	9.131380
628.000000	221.969116	9.130103
629.000000	222.314819	9.130723
630.000000	222.646408	9.130684
631.000000	222.991470	9.129948
632.000000	223.314133	9.128438
633.000000	223.641083	9.129754
634.000000	223.980637	9.128825
635.000000	224.305634	9.129444
636.000000	224.622040	9.129561
637.000000	224.969086	9.129600
638.000000	225.303116	9.128942
639.000000	225.621155	9.128205
640.000000	225.961716	9.125147
641.000000	226.299210	9.127276
642.000000	226.619919	9.127625
643.000000	226.955383	9.126348
644.000000	227.279999	9.126812
645.000000	227.593277	9.126232
646.000000	227.930313	9.124489
647.000000	228.250168	9.124218
648.000000	228.590744	9.124294
649.000000	228.891296	9.125921
650.000000	229.220795	9.124218
651.000000	229.555908	9.124063
652.000000	229.880859	9.124489
653.000000	230.201599	9.121469
654.000000	230.515198	9.121895
655.000000	230.837616	9.121779
656.000000	231.153946	9.122243
657.000000	231.474045	9.122166
658.000000	231.811691	9.122050
659.000000	232.144943	9.119804
660.000000	232.451508	9.119030
661.000000	232.779419	9.119030
662.000000	233.108902	9.118294
663.000000	233.413757	9.117210
664.000000	233.741882	9.117597
665.000000	234.055542	9.117675
666.000000	234.371719	9.118023
667.000000	234.698624	9.117132
668.000000	235.016403	9.116087
669.000000	235.315033	9.113338
670.000000	235.663574	9.113029
671.000000	236.010498	9.114228
672.000000	236.331970	9.113493
673.000000	236.675232	9.111982
674.000000	236.998291	9.110783
675.000000	237.325851	9.113068
676.000000	237.663712	9.110318
677.000000	237.988495	9.110821
678.000000	238.333054	9.109505
679.000000	238.661346	9.109118
680.000000	238.996826	9.107221
681.000000	239.319962	9.106562
682.000000	239.653366	9.104471
683.000000	239.986908	9.107182
684.000000	240.319305	9.106950
685.000000	240.661346	9.106136
686.000000	240.998718	9.103425
687.000000	241.326050	9.102612
688.000000	241.680710	9.103039
689.000000	242.021240	9.102652
690.000000	242.354050	9.102419
691.000000	242.701508	9.101684
692.000000	243.050583	9.100367
693.000000	243.387024	9.100483
694.000000	243.730118	9.100290
695.000000	244.067886	9.098779
696.000000	244.418060	9.095837
697.000000	244.759445	9.098160
698.000000	245.104752	9.095837
699.000000	245.447632	9.094212
700.000000	245.798019	9.095449
701.000000	246.140152	9.092354
702.000000	246.483414	9.091695
703.000000	246.832001	9.088675
704.000000	247.172653	9.091309
705.000000	247.510513	9.088559
706.000000	247.863541	9.087746
707.000000	248.173355	9.086467
708.000000	248.536713	9.085073
709.000000	248.877258	9.082208
710.000000	249.213669	9.084299
711.000000	249.545044	9.080349
712.000000	249.887466	9.078877
713.000000	250.219910	9.078414
714.000000	250.571701	9.076129
715.000000	250.901459	9.077755
716.000000	251.235596	9.074696
717.000000	251.574463	9.074348
718.000000	251.900208	9.073573
719.000000	252.249115	9.072373
720.000000	252.574890	9.068502
721.000000	252.914841	9.067690
722.000000	253.213638	9.068503
723.000000	253.548752	9.065095
724.000000	253.897598	9.062386
725.000000	254.243942	9.062386
726.000000	254.575653	9.061108
727.000000	254.906631	9.058669
728.000000	255.232559	9.057003
729.000000	255.566422	9.055532
730.000000	255.906342	9.054214
731.000000	256.227905	9.052551
732.000000	256.563232	9.051853
733.000000	256.897003	9.049916
734.000000	257.229889	9.048330
735.000000	257.562531	9.048408
736.000000	257.906555	9.046936
737.000000	258.238892	9.044071
738.000000	258.578064	9.043143
739.000000	258.931091	9.040741
740.000000	259.283142	9.037257
741.000000	259.625061	9.037373
742.000000	259.984619	9.034081
743.000000	260.349091	9.030519
744.000000	260.698486	9.031178
745.000000	261.065491	9.028390
746.000000	261.427063	9.026067
747.000000	261.787231	9.024867
748.000000	262.161041	9.023201
749.000000	262.527832	9.020684
750.000000	262.892731	9.018168
751.000000	263.234924	9.015071
752.000000	263.624054	9.012128
753.000000	263.984833	9.011083
754.000000	264.354095	9.005585
755.000000	264.719635	9.005739
756.000000	265.080750	9.002564
757.000000	265.451965	9.002060
758.000000	265.822540	8.999662
759.000000	266.179688	8.996990
760.000000	266.544495	8.993970
761.000000	266.889954	8.990989
762.000000	267.266602	8.988743
763.000000	267.611755	8.986304
764.000000	267.972015	8.983012
765.000000	268.316223	8.981618
766.000000	268.657959	8.978483
767.000000	269.012024	8.975425
768.000000	269.348022	8.972444
769.000000	269.688293	8.969151
770.000000	270.030121	8.967138
771.000000	270.365173	8.964467
772.000000	270.706604	8.959936
773.000000	271.041443	8.957613
774.000000	271.377869	8.955367
775.000000	271.697388	8.953161
776.000000	272.034027	8.949870
777.000000	272.349365	8.948863
778.000000	272.682159	8.946074
779.000000	272.993408	8.943714
780.000000	273.330414	8.937325
781.000000	273.647400	8.937364
782.000000	273.969330	8.931828
783.000000	274.294678	8.927801
784.000000	274.601990	8.925865
785.000000	274.930634	8.921955
786.000000	275.239929	8.918121
787.000000	275.550598	8.914289
788.000000	275.878601	8.911113
789.000000	276.183502	8.906622
790.000000	276.500275	8.904222
791.000000	276.821350	8.900890
792.000000	277.129211	8.897987
793.000000	277.450195	8.893728
794.000000	277.760590	8.888733
795.000000	278.080170	8.884204
796.000000	278.399048	8.879635
797.000000	278.712463	8.878937
798.000000	279.037292	8.873440
799.000000	279.349243	8.869102
800.000000	279.669098	8.862407
801.000000	279.997192	8.859580
802.000000	280.313232	8.855049
803.000000	280.629730	8.852029
804.000000	280.964996	8.848505
805.000000	281.286285	8.843356
806.000000	281.613647	8.841033
807.000000	281.945587	8.833947
808.000000	282.269257	8.830657
809.000000	282.613739	8.825275
810.000000	282.941345	8.820319
811.000000	283.277588	8.813969
812.000000	283.615234	8.810678
813.000000	283.938049	8.805334
814.000000	284.280609	8.798366
815.000000	284.623413	8.794224
816.000000	284.952087	8.787795
817.000000	285.284607	8.782219
818.000000	285.611877	8.779160
819.000000	285.954895	8.774166
820.000000	286.312744	8.769056
821.000000	286.652100	8.760422
822.000000	286.994629	8.756202
823.000000	287.333740	8.750974
824.000000	287.665985	8.747838
825.000000	288.001617	8.741295
826.000000	288.336975	8.734558
827.000000	288.666504	8.729369
828.000000	289.031006	8.721819
829.000000	289.374634	8.714888
830.000000	289.710815	8.709429
831.000000	290.048340	8.704398
832.000000	290.398163	8.697969
833.000000	290.726471	8.691155
834.000000	291.057922	8.683682
835.000000	291.390625	8.677526
836.000000	291.737152	8.669318
837.000000	292.087158	8.662193
838.000000	292.416992	8.656695
839.000000	292.748383	8.651430
840.000000	293.091003	8.646008
841.000000	293.431000	8.637105
842.000000	293.777740	8.630716
843.000000	294.115601	8.623553
844.000000	294.437134	8.614262
845.000000	294.770538	8.607677
846.000000	295.112061	8.600594
847.000000	295.440979	8.591263
848.000000	295.768585	8.583943
849.000000	296.095093	8.576550
850.000000	296.419983	8.567102
851.000000	296.753418	8.560560
852.000000	297.078613	8.553898
853.000000	297.402802	8.547975
854.000000	297.730957	8.540968
855.000000	298.062012	8.532217
856.000000	298.362885	8.525287
857.000000	298.681732	8.515335
858.000000	299.037903	8.506701
859.000000	299.363525	8.500429
860.000000	299.687561	8.489006
861.000000	300.020752	8.480721
862.000000	300.349030	8.471972
863.000000	300.675507	8.462679
864.000000	300.999329	8.456677
865.000000	301.327515	8.450172
866.000000	301.643616	8.443088
867.000000	301.981567	8.431278
868.000000	302.307983	8.423883
869.000000	302.618652	8.413352
870.000000	302.959656	8.405764
871.000000	303.279083	8.395115
872.000000	303.622223	8.383500
873.000000	303.947083	8.377925
874.000000	304.277222	8.366309
875.000000	304.607422	8.359108
876.000000	304.920624	8.351016
877.000000	305.259094	8.342846
878.000000	305.590759	8.333090
879.000000	305.930786	8.324067
880.000000	306.270996	8.313033
881.000000	306.605957	8.303779
882.000000	306.946167	8.295300
883.000000	307.290527	8.285775
884.000000	307.619324	8.275747
885.000000	307.980042	8.266185
886.000000	308.324951	8.256001
887.000000	308.667175	8.247173
888.000000	309.002319	8.236720
889.000000	309.346558	8.228241
890.000000	309.684326	8.215580
891.000000	310.022461	8.206094
892.000000	310.394623	8.194361
893.000000	310.740845	8.185843
894.000000	311.079346	8.173725
895.000000	311.420410	8.163505
896.000000	311.774506	8.156458
897.000000	312.119690	8.145462
898.000000	312.461273	8.135316
899.000000	312.807526	8.124242
900.000000	313.134521	8.116345
901.000000	313.470520	8.103336
902.000000	313.809204	8.092068
903.000000	314.140900	8.082815
904.000000	314.464600	8.071548
905.000000	314.783783	8.062217
906.000000	315.102600	8.049981
907.000000	315.412231	8.039644
908.000000	315.734375	8.030004
909.000000	316.045258	8.016994
910.000000	316.354675	8.006309
911.000000	316.662476	7.993415
912.000000	316.959473	7.982032
913.000000	317.261963	7.972624
914.000000	317.558838	7.962015
915.000000	317.857513	7.952606
916.000000	318.163727	7.940797
917.000000	318.465668	7.929607
918.000000	318.760315	7.916676
919.000000	319.054443	7.906957
920.000000	319.352844	7.892283
921.000000	319.652802	7.880126
922.000000	319.951294	7.866884
923.000000	320.248962	7.861773
924.000000	320.558044	7.850313
925.000000	320.864441	7.837071
926.000000	321.175507	7.825805
927.000000	321.486267	7.814808
928.000000	321.793030	7.801992
929.000000	322.106567	7.790067
930.000000	322.422089	7.777639
931.000000	322.742554	7.766953
932.000000	323.060150	7.757776
933.000000	323.380859	7.746935
934.000000	323.710419	7.730791
935.000000	324.041626	7.720414
936.000000	324.365845	7.709920
937.000000	324.718750	7.695556
938.000000	325.036743	7.684599
939.000000	325.382690	7.671939
940.000000	325.719421	7.660944
941.000000	326.032593	7.648282
942.000000	326.394348	7.637285
943.000000	326.746918	7.623463
944.000000	327.097473	7.612505
945.000000	327.443878	7.598142
946.000000	327.783813	7.584281
947.000000	328.129272	7.571735
948.000000	328.473358	7.562172
949.000000	328.823547	7.550208
950.000000	329.183014	7.537935
951.000000	329.540588	7.523260
952.000000	329.870758	7.511606
953.000000	330.222412	7.498753
954.000000	330.580200	7.484426
955.000000	330.931702	7.469713
956.000000	331.276855	7.459763
957.000000	331.632690	7.445863
958.000000	331.975525	7.434286
959.000000	332.324951	7.419535
960.000000	332.666565	7.403233
961.000000	333.016235	7.391928
962.000000	333.362915	7.375163
963.000000	333.679077	7.364942
964.000000	334.039917	7.353172
965.000000	334.384155	7.338148
966.000000	334.723633	7.324674
967.000000	335.056458	7.313058
968.000000	335.375305	7.294707
969.000000	335.722839	7.280188
970.000000	336.059540	7.267488
971.000000	336.391602	7.255950
972.000000	336.724152	7.239805
973.000000	337.045380	7.225401
974.000000	337.371704	7.211889
975.000000	337.706757	7.195202
976.000000	338.023071	7.182540
977.000000	338.356201	7.166821
978.000000	338.683319	7.153580
979.000000	339.005890	7.140493
980.000000	339.325073	7.124773
981.000000	339.649017	7.109518
982.000000	339.975403	7.093294
983.000000	340.293335	7.077305
984.000000	340.606140	7.065884
985.000000	340.936432	7.052060
986.000000	341.256897	7.038122
987.000000	341.559875	7.021317
988.000000	341.886108	7.007960
989.000000	342.203125	6.991854
990.000000	342.541016	6.974198
991.000000	342.851044	6.964828
992.000000	343.183533	6.947714
993.000000	343.506500	6.932227
994.000000	343.817047	6.918328
995.000000	344.155487	6.901369
996.000000	344.502472	6.886269
997.000000	344.833221	6.869890
998.000000	345.151947	6.858586
999.000000	345.500916	6.841085
1000.000000	345.826904	6.826836
1001.000000	346.167664	6.810497
1002.000000	346.500610	6.792416
1003.000000	346.832642	6.778013
1004.000000	347.169159	6.764888
1005.000000	347.499878	6.749826
1006.000000	347.834717	6.732403
1007.000000	348.196747	6.714901
1008.000000	348.542725	6.700926
1009.000000	348.872070	6.683231
1010.000000	349.216095	6.668789
1011.000000	349.558594	6.653069
1012.000000	349.907593	6.637234
1013.000000	350.242584	6.620625
1014.000000	350.587250	6.604052
1015.000000	350.918945	6.587868
1016.000000	351.257660	6.571722
1017.000000	351.606567	6.555268
1018.000000	351.965515	6.538812
1019.000000	352.307190	6.521544
1020.000000	352.642731	6.505359
1021.000000	352.977844	6.486271
1022.000000	353.326813	6.471753
1023.000000	353.660980	6.454910
1024.000000	354.004852	6.436983
1025.000000	354.353821	6.420992
1026.000000	354.691162	6.401944
1027.000000	355.032837	6.383204
1028.000000	355.382324	6.369381
1029.000000	355.708557	6.353390
1030.000000	356.061615	6.331245
1031.000000	356.403076	6.312815
1032.000000	356.731781	6.294771
1033.000000	357.075562	6.276148
1034.000000	357.405518	6.260816
1035.000000	357.722198	6.242966
1036.000000	358.072815	6.224575
1037.000000	358.406006	6.204829
1038.000000	358.739594	6.185238
1039.000000	359.072357	6.170370
1040.000000	359.406281	6.149772
1041.000000	359.723785	6.131497
1042.000000	360.055511	6.109699
1043.000000	360.374878	6.092005
1044.000000	360.706726	6.074155
1045.000000	361.019745	6.055996
1046.000000	361.361572	6.035244
1047.000000	361.675537	6.014723
1048.000000	362.007996	5.993738
1049.000000	362.338226	5.976353
1050.000000	362.671051	5.955988
1051.000000	362.992737	5.935157
1052.000000	363.320251	5.917424
1053.000000	363.631958	5.896749
1054.000000	363.958221	5.876229
1055.000000	364.294189	5.856288
1056.000000	364.631470	5.833793
1057.000000	364.958435	5.812692
1058.000000	365.293701	5.791706
1059.000000	365.626617	5.770023
1060.000000	365.955688	5.750703
1061.000000	366.288605	5.728789
1062.000000	366.621094	5.708385
1063.000000	366.960083	5.685734
1064.000000	367.279663	5.664827
1065.000000	367.612122	5.643842
1066.000000	367.935211	5.619604
1067.000000	368.270721	5.595366
1068.000000	368.595581	5.576007
1069.000000	368.935150	5.552311
1070.000000	369.267487	5.529778
1071.000000	369.594940	5.506315
1072.000000	369.926331	5.483084
1073.000000	370.272552	5.461710
1074.000000	370.618988	5.436119
1075.000000	370.955719	5.411648
1076.000000	371.290924	5.387411
1077.000000	371.634308	5.365303
1078.000000	371.957794	5.340136
1079.000000	372.308716	5.314930
1080.000000	372.646942	5.288641
1081.000000	372.988037	5.265874
1082.000000	373.331390	5.238036
1083.000000	373.673370	5.213025
1084.000000	374.015259	5.188903
1085.000000	374.370941	5.165865
1086.000000	374.700073	5.137989
1087.000000	375.039978	5.110692
1088.000000	375.375275	5.084635
1089.000000	375.712128	5.058462
1090.000000	376.055786	5.031939
1091.000000	376.393982	5.003791
1092.000000	376.716187	4.980212
1093.000000	377.041718	4.951638
1094.000000	377.395508	4.922367
1095.000000	377.723846	4.895110
1096.000000	378.066895	4.866651
1097.000000	378.401276	4.839317
1098.000000	378.741821	4.808884
1099.000000	379.069214	4.784646
1100.000000	379.398560	4.754640
1101.000000	379.739044	4.725020
1102.000000	380.083832	4.695634
1103.000000	380.421570	4.668105
1104.000000	380.743286	4.637091
1105.000000	381.070374	4.606311
1106.000000	381.392090	4.581143
1107.000000	381.716919	4.549163
1108.000000	382.050903	4.518149
1109.000000	382.389069	4.489110
1110.000000	382.708710	4.460421
1111.000000	383.036835	4.429639
1112.000000	383.371613	4.399208
1113.000000	383.706421	4.370517
1114.000000	384.049347	4.342213
1115.000000	384.370270	4.311743
1116.000000	384.690552	4.281736
1117.000000	385.025635	4.250839
1118.000000	385.350677	4.218161
1119.000000	385.689362	4.189857
1120.000000	386.030762	4.159580
1121.000000	386.366058	4.129225
1122.000000	386.692749	4.097399
1123.000000	387.024200	4.068360
1124.000000	387.355713	4.037308
1125.000000	387.679993	4.008541
1126.000000	388.020050	3.979850
1127.000000	388.357666	3.948721
1128.000000	388.687897	3.916740
1129.000000	389.019989	3.890876
1130.000000	389.355957	3.862960
1131.000000	389.692627	3.830863
1132.000000	390.031464	3.803025
1133.000000	390.366852	3.774489
1134.000000	390.699310	3.744986
1135.000000	391.048492	3.713896
1136.000000	391.359863	3.689735
1137.000000	391.698517	3.660658
1138.000000	392.042145	3.631116
1139.000000	392.387512	3.604284
1140.000000	392.724487	3.579699
1141.000000	393.061920	3.552712
1142.000000	393.402405	3.523828
1143.000000	393.734802	3.500404
1144.000000	394.067505	3.474656
1145.000000	394.394897	3.450302
1146.000000	394.741425	3.423780
1147.000000	395.064453	3.400549
1148.000000	395.396606	3.377744
1149.000000	395.735931	3.353740
1150.000000	396.069397	3.332096
1151.000000	396.402649	3.308632
1152.000000	396.732605	3.287957
1153.000000	397.053955	3.267552
1154.000000	397.402344	3.243160
1155.000000	397.737915	3.225388
1156.000000	398.079346	3.205139
1157.000000	398.417480	3.187754
1158.000000	398.749664	3.169789
1159.000000	399.100647	3.151243
1160.000000	399.427246	3.130181
1161.000000	399.754639	3.115506
1162.000000	400.090240	3.101258
1163.000000	400.431763	3.089681
1164.000000	400.775848	3.069742
1165.000000	401.115265	3.056074
1166.000000	401.448242	3.041012
1167.000000	401.776886	3.029358
1168.000000	402.121704	3.015032
1169.000000	402.451019	3.004927
1170.000000	402.776825	2.995751
1171.000000	403.126953	2.984174
1172.000000	403.446014	2.976082
1173.000000	403.801422	2.962686
1174.000000	404.122833	2.955562
1175.000000	404.459473	2.946617
1176.000000	404.791992	2.935621
1177.000000	405.111328	2.930433
1178.000000	405.454224	2.920560
1179.000000	405.794495	2.912043
1180.000000	406.134521	2.908325
1181.000000	406.479858	2.901705
1182.000000	406.812805	2.895781
1183.000000	407.161102	2.890437
1184.000000	407.505646	2.887998
1185.000000	407.843018	2.880293
1186.000000	408.179047	2.875182
1187.000000	408.506012	2.870071
1188.000000	408.851715	2.865619
1189.000000	409.202942	2.860430
1190.000000	409.554138	2.857527
1191.000000	409.879333	2.853306
1192.000000	410.210449	2.849358
1193.000000	410.547058	2.845253
1194.000000	410.882324	2.838091
1195.000000	411.224731	2.836774
1196.000000	411.537964	2.832089
1197.000000	411.903412	2.830850
1198.000000	412.227051	2.828256
1199.000000	412.565277	2.825662
1200.000000	412.880951	2.820783
1201.000000	413.220795	2.817299
1202.000000	413.551117	2.814279
1203.000000	413.873169	2.812343
1204.000000	414.202484	2.810059
1205.000000	414.520599	2.806922
1206.000000	414.861023	2.804793
1207.000000	415.178314	2.804367
1208.000000	415.506195	2.800263
1209.000000	415.829132	2.798404
1210.000000	416.168243	2.796546
1211.000000	416.487335	2.794416
1212.000000	416.814392	2.791512
1213.000000	417.135040	2.788337
1214.000000	417.472595	2.785007
1215.000000	417.797455	2.784736
1216.000000	418.132202	2.782917
1217.000000	418.455322	2.779510
1218.000000	418.767609	2.775290
1219.000000	419.112732	2.773470
1220.000000	419.444092	2.769753
1221.000000	419.771729	2.768205
1222.000000	420.104370	2.765378
1223.000000	420.430542	2.762784
1224.000000	420.762817	2.760345
1225.000000	421.086060	2.757751
1226.000000	421.426636	2.756976
1227.000000	421.745209	2.756008
1228.000000	422.085815	2.753995
1229.000000	422.413177	2.750084
1230.000000	422.755981	2.748109
1231.000000	423.088715	2.744663
1232.000000	423.406433	2.744044
1233.000000	423.749359	2.741101
1234.000000	424.091248	2.736997
1235.000000	424.403748	2.735100
1236.000000	424.749023	2.732932
1237.000000	425.087524	2.730570
1238.000000	425.428101	2.730183
1239.000000	425.763611	2.726853
1240.000000	426.105164	2.726388
1241.000000	426.432007	2.723678
1242.000000	426.763367	2.720929
1243.000000	427.117706	2.718102
1244.000000	427.456787	2.715353
1245.000000	427.780304	2.713843
1246.000000	428.123962	2.711907
1247.000000	428.468109	2.709120
1248.000000	428.813660	2.708036
1249.000000	429.146118	2.706913
1250.000000	429.489746	2.704086
1251.000000	429.816040	2.702847
1252.000000	430.156006	2.702732
1253.000000	430.497498	2.697621
1254.000000	430.842651	2.696692
1255.000000	431.174988	2.695143
1256.000000	431.514008	2.691426
1257.000000	431.829712	2.690845
1258.000000	432.177124	2.687516
1259.000000	432.511719	2.684534
1260.000000	432.850708	2.685348
1261.000000	433.167755	2.682986
1262.000000	433.509552	2.681205
1263.000000	433.844421	2.679036
1264.000000	434.183197	2.676790
1265.000000	434.517273	2.670789
1266.000000	434.849060	2.670789
1267.000000	435.177094	2.669511
1268.000000	435.521118	2.667614
1269.000000	435.852295	2.664672
1270.000000	436.193787	2.662387
1271.000000	436.525085	2.661342
1272.000000	436.850769	2.659096
1273.000000	437.176514	2.658593
1274.000000	437.517914	2.654450
1275.000000	437.860596	2.654218
1276.000000	438.186646	2.652437
1277.000000	438.511841	2.649726
1278.000000	438.848511	2.645313
1279.000000	439.182129	2.642292
1280.000000	439.515381	2.641634
1281.000000	439.850616	2.640473
1282.000000	440.188171	2.638033
1283.000000	440.499695	2.636330
1284.000000	440.842133	2.635904
1285.000000	441.172302	2.634704
1286.000000	441.500183	2.630715
1287.000000	441.836700	2.630677
1288.000000	442.172607	2.628238
1289.000000	442.491241	2.627541
1290.000000	442.823975	2.624559
1291.000000	443.157227	2.622198
1292.000000	443.497498	2.621037
1293.000000	443.822113	2.617591
1294.000000	444.157959	2.616119
1295.000000	444.499512	2.613796
1296.000000	444.820740	2.612480
1297.000000	445.144806	2.612209
1298.000000	445.459961	2.609189
1299.000000	445.801117	2.607756
1300.000000	446.115082	2.608182
1301.000000	446.457550	2.606052
1302.000000	446.783691	2.603575
1303.000000	447.124268	2.602878
1304.000000	447.451843	2.601368
1305.000000	447.780273	2.600013
1306.000000	448.108734	2.597651
1307.000000	448.433838	2.596915
1308.000000	448.792725	2.594321
1309.000000	449.122345	2.591998
1310.000000	449.459412	2.587119
1311.000000	449.787781	2.588281
1312.000000	450.125122	2.586732
1313.000000	450.466583	2.586732
1314.000000	450.798187	2.584758
1315.000000	451.128845	2.582589
1316.000000	451.443848	2.580498
1317.000000	451.800415	2.578795
1318.000000	452.147736	2.577168
1319.000000	452.486115	2.575387
1320.000000	452.824493	2.573297
1321.000000	453.178009	2.570819
1322.000000	453.503296	2.567721
1323.000000	453.854492	2.567257
1324.000000	454.183868	2.563927
1325.000000	454.523560	2.563114
1326.000000	454.857361	2.563656
1327.000000	455.175568	2.561410
1328.000000	455.517029	2.560481
1329.000000	455.848175	2.559513
1330.000000	456.179565	2.557499
1331.000000	456.514038	2.555022
1332.000000	456.853149	2.554557
1333.000000	457.181671	2.553628
1334.000000	457.512146	2.551498
1335.000000	457.837433	2.550337
1336.000000	458.166046	2.547240
1337.000000	458.487915	2.547511
1338.000000	458.830353	2.544220
1339.000000	459.166107	2.541626
1340.000000	459.498627	2.538683
1341.000000	459.824982	2.540735
1342.000000	460.159424	2.536515
1343.000000	460.495850	2.535469
1344.000000	460.849731	2.533301
1345.000000	461.194214	2.533301
1346.000000	461.530609	2.531172
1347.000000	461.862671	2.528074
1348.000000	462.192261	2.528539
1349.000000	462.524170	2.526642
1350.000000	462.848572	2.526216
1351.000000	463.184021	2.522382
1352.000000	463.513672	2.520369
1353.000000	463.842560	2.519014
1354.000000	464.176056	2.516381
1355.000000	464.499695	2.515761
1356.000000	464.848633	2.513865
1357.000000	465.169373	2.512393
1358.000000	465.492676	2.511309
1359.000000	465.829681	2.510225
1360.000000	466.155151	2.509373
1361.000000	466.484497	2.508754
1362.000000	466.819031	2.506740
1363.000000	467.147705	2.505850
1364.000000	467.473236	2.507011
1365.000000	467.800720	2.505385
1366.000000	468.131958	2.503217
1367.000000	468.463470	2.502752
1368.000000	468.795288	2.498222
1369.000000	469.129913	2.499113
1370.000000	469.456421	2.499035
1371.000000	469.799683	2.497061
1372.000000	470.120789	2.496209
1373.000000	470.454620	2.495280
1374.000000	470.792816	2.492182
1375.000000	471.126831	2.490711
1376.000000	471.451691	2.487149
1377.000000	471.782074	2.486219
1378.000000	472.127289	2.486413
1379.000000	472.447693	2.484709
1380.000000	472.791534	2.483277
1381.000000	473.126495	2.483160
1382.000000	473.457642	2.481844
1383.000000	473.790558	2.480528
1384.000000	474.134460	2.477624
1385.000000	474.462189	2.476191
1386.000000	474.795288	2.475920
1387.000000	475.137573	2.475610
1388.000000	475.460541	2.472243
1389.000000	475.803162	2.472281
1390.000000	476.149689	2.470268
1391.000000	476.479034	2.468565
1392.000000	476.807800	2.466629
1393.000000	477.151733	2.465622
1394.000000	477.493988	2.465777
1395.000000	477.822937	2.463105
1396.000000	478.198242	2.464267
1397.000000	478.541595	2.462447
1398.000000	478.876953	2.460859
1399.000000	479.211853	2.460162
1400.000000	479.541534	2.459040
1401.000000	479.868500	2.455400
1402.000000	480.203369	2.455710
1403.000000	480.522217	2.453348
1404.000000	480.859741	2.455129
1405.000000	481.192505	2.452961
1406.000000	481.521515	2.450405
1407.000000	481.851990	2.450405
1408.000000	482.189209	2.444869
1409.000000	482.508636	2.443591
1410.000000	482.846802	2.443475
1411.000000	483.163757	2.442352
1412.000000	483.494720	2.442855
1413.000000	483.825378	2.439487
1414.000000	484.138123	2.438674
1415.000000	484.467072	2.437396
1416.000000	484.803070	2.435421
1417.000000	485.134796	2.436467
1418.000000	485.460541	2.435266
1419.000000	485.783813	2.434260
1420.000000	486.116058	2.433292
1421.000000	486.436310	2.431937
1422.000000	486.773621	2.430156
1423.000000	487.108246	2.429885
1424.000000	487.427673	2.429769
1425.000000	487.767029	2.427407
1426.000000	488.088959	2.425935
1427.000000	488.422974	2.425393
1428.000000	488.752197	2.423303
1429.000000	489.095337	2.421986
1430.000000	489.439636	2.421483
1431.000000	489.757416	2.420012
1432.000000	490.110931	2.418579
1433.000000	490.450684	2.415946
1434.000000	490.798584	2.417611
1435.000000	491.137787	2.413816
1436.000000	491.467163	2.412345
1437.000000	491.816284	2.411454
1438.000000	492.153168	2.413236
1439.000000	492.494904	2.411493
1440.000000	492.830261	2.411300
1441.000000	493.168396	2.410022
1442.000000	493.511414	2.409751
1443.000000	493.839355	2.408202
1444.000000	494.182983	2.407002
1445.000000	494.537048	2.408047
1446.000000	494.880737	2.405105
1447.000000	495.214355	2.405183
1448.000000	495.547852	2.403672
1449.000000	495.877563	2.402278
1450.000000	496.205750	2.401543
1451.000000	496.537872	2.398756
1452.000000	496.868774	2.398988
1453.000000	497.219238	2.397710
1454.000000	497.559418	2.396394
1455.000000	497.892029	2.397245
1456.000000	498.220001	2.394884
1457.000000	498.557953	2.394071
1458.000000	498.901123	2.390625
1459.000000	499.229614	2.391902
1460.000000	499.566833	2.389773
1461.000000	499.899414	2.389347
1462.000000	500.236176	2.389076
1463.000000	500.567566	2.386172
1464.000000	500.890717	2.385127
1465.000000	501.235046	2.384778
1466.000000	501.551849	2.383152
1467.000000	501.906006	2.383423
1468.000000	502.237671	2.383500
1469.000000	502.574066	2.380713
1470.000000	502.894073	2.380171
1471.000000	503.209808	2.376957
1472.000000	503.559021	2.376376
1473.000000	503.888519	2.376454
1474.000000	504.212158	2.372543
1475.000000	504.547852	2.372466
1476.000000	504.871765	2.371614
1477.000000	505.193207	2.369949
1478.000000	505.519409	2.369523
1479.000000	505.835876	2.367664
1480.000000	506.152588	2.365032
1481.000000	506.467072	2.366426
1482.000000	506.810913	2.365264
1483.000000	507.137238	2.363754
1484.000000	507.467804	2.362554
1485.000000	507.786804	2.362399
1486.000000	508.113861	2.362206
1487.000000	508.445099	2.359379
1488.000000	508.769470	2.360347
1489.000000	509.097534	2.359302
1490.000000	509.420258	2.356901
1491.000000	509.757660	2.356243
1492.000000	510.092407	2.355546
1493.000000	510.430908	2.355430
1494.000000	510.764587	2.353997
1495.000000	511.116333	2.351829
1496.000000	511.440063	2.351984
1497.000000	511.791290	2.349660
1498.000000	512.139771	2.345905
1499.000000	512.475403	2.347337
1500.000000	512.830566	2.346021
1501.000000	513.162537	2.343698
1502.000000	513.504395	2.343233
1503.000000	513.847168	2.344511
1504.000000	514.188477	2.341413
1505.000000	514.532288	2.339168
1506.000000	514.866699	2.339013
1507.000000	515.202026	2.338548
1508.000000	515.533447	2.337193
1509.000000	515.877380	2.335451
1510.000000	516.231201	2.334599
1511.000000	516.565674	2.334676
1512.000000	516.903564	2.332818
1513.000000	517.248169	2.331540
1514.000000	517.591187	2.330882
1515.000000	517.923096	2.330456
1516.000000	518.249268	2.327087
1517.000000	518.596802	2.328404
1518.000000	518.923950	2.327591
1519.000000	519.258423	2.326352
1520.000000	519.600830	2.324301
1521.000000	519.960693	2.322597
1522.000000	520.323792	2.322481
1523.000000	520.688904	2.321242
1524.000000	521.060303	2.321435
1525.000000	521.410950	2.318299
1526.000000	521.783081	2.317447
1527.000000	522.139526	2.316828
1528.000000	522.550293	2.315434
1529.000000	522.929382	2.315821
1530.000000	523.294189	2.313421
1531.000000	523.657166	2.311949
1532.000000	524.026611	2.311911
1533.000000	524.391602	2.312027
1534.000000	524.753601	2.310749
1535.000000	525.120422	2.311872
1536.000000	525.477783	2.309549
1537.000000	525.839600	2.308000
1538.000000	526.178833	2.307380
1539.000000	526.549316	2.307574
1540.000000	526.896240	2.306296
1541.000000	527.245728	2.305058
1542.000000	527.585938	2.304128
1543.000000	527.931824	2.302889
1544.000000	528.271484	2.301379
1545.000000	528.601868	2.301456
1546.000000	528.934448	2.300256
1547.000000	529.256897	2.298746
1548.000000	529.593079	2.297197
1549.000000	529.920715	2.295068
1550.000000	530.244873	2.293171
1551.000000	530.560303	2.294681
1552.000000	530.895569	2.293868
1553.000000	531.213623	2.292629
1554.000000	531.522217	2.290073
1555.000000	531.844177	2.287944
1556.000000	532.157471	2.289067
1557.000000	532.471924	2.288370
1558.000000	532.807861	2.287053
1559.000000	533.118225	2.285118
1560.000000	533.442078	2.285466
1561.000000	533.766052	2.283607
1562.000000	534.083008	2.282717
1563.000000	534.398804	2.283453
1564.000000	534.727234	2.282291
1565.000000	535.044250	2.278342
1566.000000	535.358887	2.278458
1567.000000	535.674133	2.277374
1568.000000	535.994446	2.276444
1569.000000	536.331177	2.274973
1570.000000	536.645874	2.273502
1571.000000	536.966919	2.271643
1572.000000	537.285461	2.272224
1573.000000	537.615601	2.269824
1574.000000	537.957031	2.269552
1575.000000	538.283813	2.268817
1576.000000	538.606506	2.265990
1577.000000	538.942627	2.265719
1578.000000	539.283325	2.263629
1579.000000	539.623230	2.265371
1580.000000	539.955139	2.263551
1581.000000	540.296448	2.262506
1582.000000	540.620850	2.261809
1583.000000	540.971863	2.260183
1584.000000	541.299988	2.259989
1585.000000	541.653748	2.257240
1586.000000	541.985718	2.258169
1587.000000	542.329712	2.256156
1588.000000	542.660217	2.254220
1589.000000	543.006531	2.252865
1590.000000	543.336914	2.252826
1591.000000	543.680603	2.253136
1592.000000	544.013123	2.249652
1593.000000	544.349121	2.246671
1594.000000	544.686523	2.246438
1595.000000	545.012573	2.245161
1596.000000	545.345093	2.244580
1597.000000	545.679749	2.243302
1598.000000	546.014038	2.241831
1599.000000	546.343506	2.240282
1600.000000	546.674072	2.240166
1601.000000	547.006348	2.239895
1602.000000	547.339600	2.237185
1603.000000	547.672607	2.237378
1604.000000	548.010742	2.238772
1605.000000	548.329651	2.236526
1606.000000	548.667297	2.237494
1607.000000	548.987976	2.234474
1608.000000	549.310669	2.234126
1609.000000	549.645264	2.233196
1610.000000	549.975891	2.232500
1611.000000	550.301575	2.231841
1612.000000	550.618896	2.229828
1613.000000	550.942871	2.227698
1614.000000	551.274353	2.226498
1615.000000	551.595947	2.226808
1616.000000	551.929871	2.223943
1617.000000	552.261902	2.224485
1618.000000	552.592285	2.223246
1619.000000	552.929016	2.222278
1620.000000	553.267151	2.221116
1621.000000	553.594971	2.220690
1622.000000	553.935059	2.218445
1623.000000	554.268066	2.218987
1624.000000	554.613403	2.217245
1625.000000	554.956482	2.217206
1626.000000	555.270508	2.216238
1627.000000	555.607483	2.214341
1628.000000	555.934570	2.213760
1629.000000	556.256348	2.213218
1630.000000	556.593262	2.213411
1631.000000	556.930237	2.212366
1632.000000	557.255981	2.209772
1633.000000	557.588684	2.208765
1634.000000	557.920166	2.208843
1635.000000	558.247742	2.207604
1636.000000	558.575928	2.206907
1637.000000	558.899658	2.205900
1638.000000	559.245361	2.205745
1639.000000	559.553711	2.205745
1640.000000	559.902588	2.202725
1641.000000	560.229370	2.202919
1642.000000	560.565125	2.199512
1643.000000	560.890869	2.202144
1644.000000	561.207886	2.200944
1645.000000	561.556641	2.197846
1646.000000	561.882324	2.197963
1647.000000	562.215576	2.196530
1648.000000	562.547180	2.196762
1649.000000	562.880066	2.196491
1650.000000	563.204712	2.193239
1651.000000	563.525452	2.195369
1652.000000	563.868286	2.192194
1653.000000	564.199585	2.191652
1654.000000	564.521973	2.189057
1655.000000	564.851318	2.187431
1656.000000	565.178955	2.185805
1657.000000	565.457031	2.183753
1658.000000	565.776367	2.184915
1659.000000	566.061523	2.183211
1660.000000	566.355713	2.182281
1661.000000	566.645325	2.182824
1662.000000	566.928467	2.178255
1663.000000	567.222900	2.179571
1664.000000	567.504883	2.180036
1665.000000	567.797668	2.176745
1666.000000	568.096924	2.177249
1667.000000	568.395569	2.175158
1668.000000	568.685181	2.174035
1669.000000	568.982422	2.170667
1670.000000	569.270264	2.172099
1671.000000	569.559937	2.170938
1672.000000	569.873535	2.169854
1673.000000	570.190979	2.170047
1674.000000	570.493896	2.168537
1675.000000	570.808655	2.167840
1676.000000	571.134216	2.166718
1677.000000	571.443848	2.165091
1678.000000	571.767334	2.164084
1679.000000	572.093506	2.164782
1680.000000	572.419983	2.161026
1681.000000	572.753540	2.160600
1682.000000	573.086121	2.161258
1683.000000	573.410522	2.159593
1684.000000	573.726746	2.160600
1685.000000	574.070190	2.157038
1686.000000	574.430908	2.158238
1687.000000	574.780762	2.156380
1688.000000	575.121033	2.155721
1689.000000	575.469727	2.152237
1690.000000	575.809326	2.154753
1691.000000	576.154297	2.153824
1692.000000	576.501221	2.150998
1693.000000	576.828613	2.149062
1694.000000	577.181824	2.147513
1695.000000	577.536865	2.145809
1696.000000	577.874146	2.144338
1697.000000	578.225159	2.144764
1698.000000	578.567871	2.143951
1699.000000	578.917236	2.142441
1700.000000	579.256592	2.139925
1701.000000	579.589600	2.139343
1702.000000	579.942078	2.138801
1703.000000	580.268555	2.138375
1704.000000	580.608765	2.136943
1705.000000	580.952881	2.137408
1706.000000	581.277161	2.137601
1707.000000	581.618164	2.135549
1708.000000	581.942627	2.135240
1709.000000	582.294434	2.134272
1710.000000	582.633362	2.132645
1711.000000	582.972778	2.132413
1712.000000	583.310181	2.129586
1713.000000	583.655151	2.128347
1714.000000	583.994446	2.127225
1715.000000	584.316406	2.127263
1716.000000	584.643799	2.123469
1717.000000	584.988708	2.124437
1718.000000	585.328308	2.122269
1719.000000	585.652222	2.120449
1720.000000	585.983276	2.119094
1721.000000	586.299622	2.119597
1722.000000	586.639099	2.120178
1723.000000	586.958252	2.117971
1724.000000	587.295227	2.115261
1725.000000	587.637939	2.115880
1726.000000	587.952637	2.115919
1727.000000	588.280457	2.116693
1728.000000	588.629639	2.114757
1729.000000	588.968018	2.114254
1730.000000	589.309570	2.111931
1731.000000	589.633057	2.111969
1732.000000	589.954651	2.110885
1733.000000	590.297302	2.111118
1734.000000	590.645264	2.110576
1735.000000	590.968567	2.108059
1736.000000	591.308411	2.108214
1737.000000	591.638489	2.106975
1738.000000	591.959961	2.107981
1739.000000	592.282410	2.107091
1740.000000	592.620728	2.104033
1741.000000	592.957886	2.104032
1742.000000	593.298523	2.101632
1743.000000	593.613525	2.100626
1744.000000	593.946045	2.101748
1745.000000	594.279114	2.098264
1746.000000	594.621765	2.098612
1747.000000	594.957275	2.098109
1748.000000	595.322510	2.097373
1749.000000	595.708801	2.096212
1750.000000	596.090454	2.096212
1751.000000	596.464966	2.094353
1752.000000	596.856018	2.091681
1753.000000	597.242676	2.091411
1754.000000	597.629700	2.091294
1755.000000	598.010437	2.090636
1756.000000	598.405518	2.089010
1757.000000	598.785217	2.089475
1758.000000	599.143616	2.085486
1759.000000	599.464111	2.086377
1760.000000	599.794189	2.087384
1761.000000	600.144104	2.086067
1762.000000	600.458801	2.082118
1763.000000	600.781311	2.081111
1764.000000	601.116577	2.079214
1765.000000	601.415527	2.079872
1766.000000	601.743958	2.079485
1767.000000	602.057434	2.078130
1768.000000	602.359802	2.075342
1769.000000	602.674866	2.073793
1770.000000	602.983154	2.074413
1771.000000	603.274780	2.071083
1772.000000	603.592285	2.072206
1773.000000	603.910034	2.071896
1774.000000	604.215271	2.068838
1775.000000	604.506836	2.069147
1776.000000	604.815918	2.067637
1777.000000	605.130310	2.067870
1778.000000	605.435791	2.068141
1779.000000	605.755981	2.066011
1780.000000	606.070129	2.065237
1781.000000	606.383667	2.063417
1782.000000	606.719727	2.064385
1783.000000	607.040161	2.062798
1784.000000	607.368408	2.059816
1785.000000	607.713135	2.058771
1786.000000	608.054138	2.057455
1787.000000	608.389038	2.057958
1788.000000	608.730713	2.055867
1789.000000	609.074707	2.053621
1790.000000	609.407715	2.054551
1791.000000	609.729248	2.051685
1792.000000	610.062500	2.052537
1793.000000	610.426331	2.050408
1794.000000	610.762451	2.050369
1795.000000	611.097595	2.049285
1796.000000	611.426453	2.046381
1797.000000	611.743225	2.049440
1798.000000	612.080688	2.045452
1799.000000	612.421448	2.044097
1800.000000	612.734436	2.043477
1801.000000	613.063293	2.041774
1802.000000	613.386169	2.041464
1803.000000	613.728760	2.040496
1804.000000	614.079163	2.040573
1805.000000	614.406555	2.040225
1806.000000	614.747253	2.038676
1807.000000	615.087585	2.037824
1808.000000	615.432495	2.037786
1809.000000	615.755981	2.037127
1810.000000	616.083130	2.035424
1811.000000	616.425232	2.034611
1812.000000	616.775574	2.034533
1813.000000	617.124207	2.032984
1814.000000	617.463196	2.030817
1815.000000	617.805176	2.030700
1816.000000	618.145020	2.027565
1817.000000	618.491333	2.027216
1818.000000	618.826660	2.028145
1819.000000	619.160278	2.025667
1820.000000	619.498779	2.027487
1821.000000	619.834473	2.022531
1822.000000	620.172424	2.023499
1823.000000	620.507813	2.021369
1824.000000	620.832764	2.021137
1825.000000	621.164612	2.021447
1826.000000	621.493652	2.019317
1827.000000	621.832825	2.018582
1828.000000	622.155029	2.018078
1829.000000	622.492371	2.016685
1830.000000	622.818481	2.016181
1831.000000	623.144531	2.016258
1832.000000	623.473877	2.016181
1833.000000	623.807617	2.015407
1834.000000	624.120361	2.013742
1835.000000	624.473633	2.013277
1836.000000	624.812378	2.012929
1837.000000	625.149292	2.012154
1838.000000	625.480164	2.011612
1839.000000	625.828674	2.010335
1840.000000	626.159424	2.009793
1841.000000	626.512817	2.008786
1842.000000	626.849854	2.007431
1843.000000	627.173706	2.006618
1844.000000	627.502930	2.005572
1845.000000	627.848145	2.005224
1846.000000	628.183411	2.002746
1847.000000	628.513916	2.004449
1848.000000	628.852600	2.002862
1849.000000	629.207581	2.001468
1850.000000	629.545410	2.002397
1851.000000	629.892273	1.999958
1852.000000	630.223572	1.997132
1853.000000	630.532043	1.996745
1854.000000	630.875854	1.997829
1855.000000	631.223083	1.995428
1856.000000	631.551575	1.994267
1857.000000	631.876160	1.993376
1858.000000	632.209839	1.993841
1859.000000	632.557312	1.990550
1860.000000	632.887451	1.991092
1861.000000	633.226563	1.990666
1862.000000	633.562500	1.990047
1863.000000	633.888184	1.989040
1864.000000	634.201782	1.985555
1865.000000	634.545410	1.986910
1866.000000	634.876160	1.986562
1867.000000	635.204834	1.987375
1868.000000	635.544556	1.983271
1869.000000	635.867798	1.983271
1870.000000	636.197754	1.981761
1871.000000	636.527466	1.982032
1872.000000	636.852905	1.980134
1873.000000	637.190491	1.978470
1874.000000	637.520935	1.978354
1875.000000	637.851624	1.976805
1876.000000	638.190979	1.976650
1877.000000	638.518433	1.972971
1878.000000	638.864929	1.973010
1879.000000	639.201721	1.973475
1880.000000	639.547363	1.971423
1881.000000	639.884033	1.971423
1882.000000	640.216675	1.971461
1883.000000	640.551270	1.971152
1884.000000	640.893188	1.969564
1885.000000	641.217712	1.967551
1886.000000	641.565186	1.966235
1887.000000	641.904480	1.965886
1888.000000	642.245850	1.965693
1889.000000	642.586182	1.964763
1890.000000	642.919373	1.964570
1891.000000	643.254822	1.963757
1892.000000	643.597107	1.962789
1893.000000	643.934082	1.961124
1894.000000	644.272644	1.959730
1895.000000	644.586914	1.960698
1896.000000	644.926758	1.958684
1897.000000	645.268188	1.957136
1898.000000	645.607056	1.957291
1899.000000	645.934570	1.957020
1900.000000	646.261658	1.955045
1901.000000	646.604553	1.955626
1902.000000	646.935486	1.952413
1903.000000	647.268555	1.951793
1904.000000	647.587891	1.950322
1905.000000	647.923645	1.949741
1906.000000	648.262268	1.947960
1907.000000	648.589600	1.947728
1908.000000	648.928345	1.947844
1909.000000	649.247986	1.946063
1910.000000	649.579468	1.944359
1911.000000	649.922546	1.944320
1912.000000	650.258301	1.943468
1913.000000	650.552917	1.942229
1914.000000	650.921448	1.941803
1915.000000	651.264587	1.940448
1916.000000	651.599060	1.939829
1917.000000	651.933044	1.940061
1918.000000	652.261902	1.938435
1919.000000	652.597412	1.937738
1920.000000	652.939880	1.936499
1921.000000	653.271301	1.935376
1922.000000	653.611877	1.937544
1923.000000	653.938171	1.934408
1924.000000	654.267517	1.934602
1925.000000	654.599365	1.932356
1926.000000	654.931580	1.931930
1927.000000	655.253723	1.931427
1928.000000	655.581421	1.931078
1929.000000	655.903076	1.929297
1930.000000	656.217468	1.927555
1931.000000	656.546387	1.924845
1932.000000	656.873291	1.925464
1933.000000	657.205078	1.925154
1934.000000	657.528259	1.924032
1935.000000	657.863831	1.923528
1936.000000	658.195801	1.923064
1937.000000	658.526184	1.919889
1938.000000	658.841553	1.920276
1939.000000	659.195801	1.921322
1940.000000	659.532104	1.919618
1941.000000	659.862000	1.918108
1942.000000	660.196960	1.918379
1943.000000	660.530334	1.917372
1944.000000	660.874695	1.917101
1945.000000	661.183289	1.916327
1946.000000	661.518860	1.914159
1947.000000	661.841309	1.916095
1948.000000	662.173950	1.913423
1949.000000	662.524353	1.914043
1950.000000	662.869080	1.914081
1951.000000	663.204407	1.913462
1952.000000	663.523438	1.912184
1953.000000	663.854248	1.912571
1954.000000	664.199280	1.911294
1955.000000	664.528564	1.909164
1956.000000	664.851196	1.909203
1957.000000	665.180054	1.908273
1958.000000	665.515564	1.908119
1959.000000	665.867920	1.907267
1960.000000	666.227539	1.904673
1961.000000	666.596313	1.904828
1962.000000	666.930664	1.903860
1963.000000	667.257935	1.904247
1964.000000	667.609619	1.902350
1965.000000	667.944702	1.902814
1966.000000	668.262329	1.900298
1967.000000	668.592896	1.902698
1968.000000	668.925720	1.899291
1969.000000	669.272400	1.897974
1970.000000	669.591553	1.895961
1971.000000	669.912659	1.898671
1972.000000	670.267822	1.895690
1973.000000	670.624268	1.895303
1974.000000	670.936707	1.895225
1975.000000	671.274902	1.893677
1976.000000	671.609253	1.893096
1977.000000	671.936096	1.891508
1978.000000	672.260986	1.892322
1979.000000	672.592041	1.890773
1980.000000	672.900085	1.888721
1981.000000	673.240051	1.889766
1982.000000	673.570251	1.889108
1983.000000	673.908569	1.886514
1984.000000	674.235107	1.887791
1985.000000	674.575623	1.887288
1986.000000	674.889587	1.887559
1987.000000	675.219421	1.885701
1988.000000	675.550537	1.883688
1989.000000	675.873779	1.884888
1990.000000	676.182373	1.882952
1991.000000	676.521729	1.881055
1992.000000	676.857605	1.881248
1993.000000	677.181824	1.878616
1994.000000	677.515564	1.878345
1995.000000	677.843445	1.877299
1996.000000	678.182556	1.877493
1997.000000	678.514771	1.875944
1998.000000	678.833008	1.874511
1999.000000	679.153931	1.873040
2000.000000	679.486328	1.873118
2001.000000	679.810791	1.873621
2002.000000	680.149414	1.873311
2003.000000	680.492188	1.872730
2004.000000	680.828491	1.870330
2005.000000	681.171326	1.869362
2006.000000	681.492004	1.867581
2007.000000	681.854614	1.867542
2008.000000	682.202087	1.868316
2009.000000	682.538696	1.867620
2010.000000	682.877441	1.866574
2011.000000	683.201355	1.866032
2012.000000	683.542542	1.864561
2013.000000	683.878052	1.864832
2014.000000	684.221802	1.863206
2015.000000	684.562500	1.861386
2016.000000	684.910583	1.859798
2017.000000	685.236328	1.862664
2018.000000	685.574036	1.861541
2019.000000	685.913269	1.860302
2020.000000	686.228455	1.857475
2021.000000	686.558594	1.859179
2022.000000	686.906982	1.857553
2023.000000	687.253052	1.856972
2024.000000	687.580994	1.854262
2025.000000	687.912048	1.852287
2026.000000	688.234192	1.853023
2027.000000	688.556030	1.853139
2028.000000	688.883545	1.850157
2029.000000	689.222107	1.848957
2030.000000	689.559631	1.848763
2031.000000	689.865051	1.849809
2032.000000	690.201538	1.849422
2033.000000	690.550659	1.846054
2034.000000	690.864258	1.846092
2035.000000	691.212341	1.844466
2036.000000	691.533142	1.845628
2037.000000	691.871704	1.844853
2038.000000	692.197510	1.844737
2039.000000	692.518860	1.843498
2040.000000	692.840881	1.841911
2041.000000	693.165283	1.841949
2042.000000	693.498047	1.840439
2043.000000	693.872681	1.841252
2044.000000	694.271667	1.840865
2045.000000	694.658447	1.839665
2046.000000	695.032471	1.838194
2047.000000	695.401489	1.839897
2048.000000	695.770691	1.836490
2049.000000	696.133850	1.837226
2050.000000	696.490356	1.835212
2051.000000	696.837402	1.836567
2052.000000	697.166382	1.834980
2053.000000	697.519592	1.834051
2054.000000	697.858765	1.833121
2055.000000	698.208923	1.833586
2056.000000	698.537109	1.832463
2057.000000	698.880371	1.831689
2058.000000	699.214600	1.830527
2059.000000	699.554016	1.831844
2060.000000	699.867920	1.829714
2061.000000	700.217041	1.828901
2062.000000	700.552185	1.828708
2063.000000	700.890625	1.825262
2064.000000	701.234863	1.825610
2065.000000	701.573059	1.826152
2066.000000	701.900635	1.823519
2067.000000	702.237915	1.825494
2068.000000	702.562988	1.822706
2069.000000	702.903809	1.820964
2070.000000	703.232910	1.822203
2071.000000	703.529541	1.818834
2072.000000	703.871826	1.820073
2073.000000	704.205078	1.819531
2074.000000	704.537537	1.817905
2075.000000	704.895203	1.816163
2076.000000	705.231689	1.817324
2077.000000	705.560608	1.817170
2078.000000	705.899231	1.816821
2079.000000	706.228333	1.816821
2080.000000	706.570190	1.816085
2081.000000	706.889465	1.816589
2082.000000	707.224243	1.814498
2083.000000	707.553467	1.814188
2084.000000	707.873535	1.814692
2085.000000	708.216064	1.812949
2086.000000	708.549805	1.813995
2087.000000	708.873535	1.812252
2088.000000	709.200867	1.812252
2089.000000	709.526672	1.810123
2090.000000	709.872070	1.809465
2091.000000	710.206787	1.810355
2092.000000	710.537109	1.809891
2093.000000	710.862305	1.808032
2094.000000	711.202148	1.807994
2095.000000	711.533569	1.806600
2096.000000	711.853394	1.806290
2097.000000	712.187500	1.804393
2098.000000	712.524841	1.804509
2099.000000	712.847900	1.804393
2100.000000	713.166260	1.804741
2101.000000	713.514648	1.801954
2102.000000	713.870117	1.802496
2103.000000	714.197327	1.802689
2104.000000	714.524536	1.801528
2105.000000	714.843018	1.799631
2106.000000	715.186523	1.800444
2107.000000	715.523438	1.799166
2108.000000	715.851868	1.797772
2109.000000	716.187622	1.796765
2110.000000	716.543274	1.796920
2111.000000	716.878662	1.796262
2112.000000	717.191101	1.794636
2113.000000	717.549988	1.794481
2114.000000	717.890625	1.794752
2115.000000	718.229675	1.792855
2116.000000	718.539185	1.793590
2117.000000	718.864990	1.791925
2118.000000	719.193909	1.792855
2119.000000	719.528992	1.791228
2120.000000	719.855469	1.791383
2121.000000	720.206909	1.789873
2122.000000	720.530151	1.788867
2123.000000	720.857422	1.788906
2124.000000	721.206360	1.788325
2125.000000	721.545715	1.787395
2126.000000	721.871460	1.787899
2127.000000	722.211670	1.786427
2128.000000	722.535339	1.785150
2129.000000	722.854309	1.785305
2130.000000	723.192139	1.783446
2131.000000	723.527100	1.783214
2132.000000	723.858948	1.782091
2133.000000	724.199219	1.780813
2134.000000	724.544922	1.781045
2135.000000	724.885193	1.780155
2136.000000	725.199829	1.780426
2137.000000	725.526367	1.778877
2138.000000	725.856750	1.776748
2139.000000	726.188416	1.778877
2140.000000	726.515930	1.778413
2141.000000	726.853394	1.775238
2142.000000	727.169434	1.774502
2143.000000	727.507874	1.773728
2144.000000	727.834717	1.776283
2145.000000	728.182800	1.774579
2146.000000	728.523193	1.772760
2147.000000	728.850830	1.771095
2148.000000	729.184998	1.770863
2149.000000	729.509888	1.770243
2150.000000	729.843506	1.770282
2151.000000	730.169983	1.770747
2152.000000	730.510376	1.770708
2153.000000	730.835938	1.768695
2154.000000	731.148987	1.768230
2155.000000	731.499695	1.769353
2156.000000	731.818909	1.767146
2157.000000	732.164490	1.766565
2158.000000	732.489929	1.765249
2159.000000	732.803223	1.765907
2160.000000	733.139099	1.764126
2161.000000	733.478516	1.764668
2162.000000	733.799316	1.762810
2163.000000	734.117310	1.764049
2164.000000	734.472534	1.762306
2165.000000	734.808472	1.761958
2166.000000	735.149414	1.761377
2167.000000	735.478760	1.761183
2168.000000	735.791077	1.759906
2169.000000	736.134094	1.761532
2170.000000	736.456360	1.761106
2171.000000	736.789551	1.757776
2172.000000	737.122620	1.759596
2173.000000	737.461182	1.758550
2174.000000	737.803284	1.758589
2175.000000	738.149048	1.756343
2176.000000	738.466858	1.755375
2177.000000	738.809570	1.756034
2178.000000	739.135254	1.752201
2179.000000	739.466248	1.752859
2180.000000	739.790222	1.752239
2181.000000	740.106140	1.751310
2182.000000	740.439087	1.749839
2183.000000	740.765869	1.749723
2184.000000	741.078857	1.751349
2185.000000	741.417175	1.747709
2186.000000	741.740723	1.746548
2187.000000	742.057129	1.745928
2188.000000	742.392822	1.745076
2189.000000	742.724609	1.746122
2190.000000	743.039124	1.744341
2191.000000	743.396057	1.744108
2192.000000	743.730774	1.744883
2193.000000	744.054260	1.743450
2194.000000	744.386475	1.742637
2195.000000	744.719238	1.741785
2196.000000	745.051270	1.741359
2197.000000	745.411438	1.742676
2198.000000	745.745361	1.740585
2199.000000	746.082336	1.739075
2200.000000	746.401978	1.741127
2201.000000	746.727112	1.739307
2202.000000	747.072266	1.739036
2203.000000	747.386902	1.738455
2204.000000	747.743225	1.738107
2205.000000	748.071289	1.737062
2206.000000	748.383423	1.735358
2207.000000	748.718567	1.735668
2208.000000	749.032654	1.733152
2209.000000	749.371155	1.734352
2210.000000	749.718201	1.731216
2211.000000	750.039429	1.732919
2212.000000	750.390381	1.730983
2213.000000	750.723633	1.728970
2214.000000	751.053833	1.728505
2215.000000	751.391113	1.726995
2216.000000	751.709473	1.727305
2217.000000	752.054932	1.726879
2218.000000	752.382507	1.725756
2219.000000	752.722229	1.725524
2220.000000	753.053345	1.724362
2221.000000	753.391602	1.724053
2222.000000	753.709839	1.724324
2223.000000	754.045776	1.723239
2224.000000	754.381958	1.722659
2225.000000	754.725342	1.721884
2226.000000	755.047424	1.721265
2227.000000	755.391907	1.720181
2228.000000	755.722839	1.718671
2229.000000	756.048157	1.719213
2230.000000	756.407227	1.719213
2231.000000	756.734131	1.717780
2232.000000	757.061401	1.717315
2233.000000	757.399170	1.717625
2234.000000	757.729370	1.716851
2235.000000	758.057495	1.715109
2236.000000	758.402100	1.715844
2237.000000	758.734131	1.716425
2238.000000	759.055725	1.714528
2239.000000	759.388733	1.715031
2240.000000	759.706482	1.714838
2241.000000	760.040588	1.713560
2242.000000	760.358154	1.713831
2243.000000	760.656067	1.712747
2244.000000	760.985107	1.712166
2245.000000	761.287292	1.711818
2246.000000	761.618530	1.710501
2247.000000	761.955933	1.711895
2248.000000	762.289063	1.710307
2249.000000	762.621826	1.709765
2250.000000	762.949890	1.708178
2251.000000	763.298218	1.707946
2252.000000	763.614502	1.707984
2253.000000	763.943665	1.707868
2254.000000	764.273560	1.706939
2255.000000	764.603149	1.705700
2256.000000	764.933350	1.705816
2257.000000	765.275696	1.704383
2258.000000	765.618347	1.704693
2259.000000	765.957031	1.703028
2260.000000	766.287598	1.702835
2261.000000	766.636536	1.701673
2262.000000	766.993103	1.700899
2263.000000	767.316406	1.700395
2264.000000	767.666565	1.698228
2265.000000	768.008545	1.697531
2266.000000	768.334045	1.697027
2267.000000	768.671814	1.696834
2268.000000	769.015625	1.696601
2269.000000	769.323059	1.694937
2270.000000	769.673950	1.694549
2271.000000	770.008179	1.696369
2272.000000	770.310608	1.694085
2273.000000	770.650818	1.692923
2274.000000	770.988831	1.692265
2275.000000	771.312256	1.693349
2276.000000	771.642761	1.692071
2277.000000	771.975647	1.691297
2278.000000	772.305664	1.690949
2279.000000	772.637207	1.689129
2280.000000	772.968079	1.687929
2281.000000	773.298645	1.688742
2282.000000	773.606140	1.689206
2283.000000	773.880127	1.688742
2284.000000	774.156433	1.688509
2285.000000	774.434631	1.686806
2286.000000	774.743835	1.688471
2287.000000	775.032043	1.687115
2288.000000	775.314087	1.684211
2289.000000	775.624390	1.684792
2290.000000	775.934631	1.683050
2291.000000	776.245117	1.685257
2292.000000	776.569397	1.683631
2293.000000	776.909302	1.681191
2294.000000	777.254883	1.679798
2295.000000	777.575073	1.679410
2296.000000	777.892822	1.678559
2297.000000	778.211304	1.678558
2298.000000	778.546570	1.676894
2299.000000	778.867188	1.677707
2300.000000	779.194702	1.675732
2301.000000	779.530029	1.675810
2302.000000	779.868164	1.674532
2303.000000	780.187622	1.675306
2304.000000	780.535461	1.674803
2305.000000	780.869873	1.674183
2306.000000	781.199707	1.674145
2307.000000	781.516907	1.671357
2308.000000	781.845703	1.671163
2309.000000	782.182495	1.670699
2310.000000	782.516907	1.672325
2311.000000	782.839539	1.671008
2312.000000	783.185181	1.669576
2313.000000	783.522278	1.669266
2314.000000	783.855286	1.668801
2315.000000	784.197021	1.669382
2316.000000	784.520386	1.666711
2317.000000	784.851074	1.665859
2318.000000	785.164124	1.666943
2319.000000	785.507446	1.665975
2320.000000	785.824707	1.665781
2321.000000	786.153931	1.665123
2322.000000	786.508911	1.664000
2323.000000	786.819031	1.664349
2324.000000	787.166138	1.663033
2325.000000	787.524353	1.662761
2326.000000	787.850464	1.662529
2327.000000	788.178650	1.658890
2328.000000	788.520386	1.660594
2329.000000	788.845276	1.659316
2330.000000	789.199402	1.657651
2331.000000	789.541138	1.658116
2332.000000	789.876221	1.656218
2333.000000	790.224854	1.657845
2334.000000	790.560181	1.654166
2335.000000	790.912842	1.651998
2336.000000	791.236816	1.654476
2337.000000	791.570679	1.651185
2338.000000	791.907959	1.650875
2339.000000	792.244263	1.650178
2340.000000	792.573730	1.651921
2341.000000	792.932739	1.649210
2342.000000	793.270508	1.649985
2343.000000	793.594971	1.647120
2344.000000	793.932068	1.646771
2345.000000	794.269775	1.645377
2346.000000	794.590332	1.647545
2347.000000	794.913879	1.646152
2348.000000	795.244751	1.645609
2349.000000	795.602051	1.645455
2350.000000	795.923950	1.644177
2351.000000	796.274170	1.644719
2352.000000	796.617798	1.644099
2353.000000	796.948303	1.642860
2354.000000	797.284180	1.643015
2355.000000	797.623108	1.642280
2356.000000	797.947571	1.642318
2357.000000	798.282959	1.641583
2358.000000	798.622681	1.640925
2359.000000	798.946716	1.639840
2360.000000	799.292480	1.640499
2361.000000	799.623413	1.640770
2362.000000	799.957520	1.638989
2363.000000	800.270020	1.639724
2364.000000	800.619568	1.638640
2365.000000	800.953064	1.638718
2366.000000	801.286072	1.636859
2367.000000	801.621948	1.636975
2368.000000	801.951782	1.636511
2369.000000	802.279114	1.634923
2370.000000	802.588928	1.634923
2371.000000	802.920654	1.634149
2372.000000	803.238342	1.633103
2373.000000	803.569641	1.632213
2374.000000	803.875122	1.632987
2375.000000	804.206604	1.632058
2376.000000	804.534363	1.632716
2377.000000	804.894775	1.629619
2378.000000	805.221375	1.628844
2379.000000	805.553406	1.628999
2380.000000	805.893860	1.628031
2381.000000	806.214966	1.624779
2382.000000	806.566833	1.625398
2383.000000	806.904663	1.624237
2384.000000	807.245361	1.624005
2385.000000	807.574036	1.624818
2386.000000	807.913574	1.622572
2387.000000	808.266235	1.621992
2388.000000	808.588318	1.624547
2389.000000	808.946106	1.621411
2390.000000	809.284180	1.620520
2391.000000	809.626221	1.622146
