0.000000	25.289886	10.142544
1.000000	25.293045	10.145641
2.000000	25.293650	10.144673
3.000000	25.301907	10.143319
4.000000	25.321692	10.141151
5.000000	25.342934	10.141305
6.000000	25.343903	10.140725
7.000000	25.358833	10.139834
8.000000	25.380926	10.138517
9.000000	25.398767	10.137589
10.000000	25.423775	10.137589
11.000000	25.448051	10.137472
12.000000	25.468805	10.135536
13.000000	25.499882	10.137123
14.000000	25.530712	10.135342
15.000000	25.574291	10.133755
16.000000	25.612280	10.133872
17.000000	25.652580	10.133987
18.000000	25.703924	10.133794
19.000000	25.746407	10.134413
20.000000	25.794720	10.134413
21.000000	25.837082	10.133987
22.000000	25.894741	10.131780
23.000000	25.949118	10.132710
24.000000	26.008598	10.131858
25.000000	26.054115	10.130658
26.000000	26.114809	10.131587
27.000000	26.175377	10.131625
28.000000	26.231945	10.127522
29.000000	26.293968	10.129883
30.000000	26.359880	10.128179
31.000000	26.431133	10.129650
32.000000	26.498623	10.127522
33.000000	26.585533	10.128257
34.000000	26.645861	10.126631
35.000000	26.716143	10.125701
36.000000	26.790670	10.126166
37.000000	26.873215	10.125044
38.000000	26.950415	10.124966
39.000000	27.029070	10.125005
40.000000	27.113670	10.122294
41.000000	27.196819	10.122913
42.000000	27.275230	10.122875
43.000000	27.351585	10.121675
44.000000	27.440924	10.119585
45.000000	27.530502	10.118656
46.000000	27.613045	10.121249
47.000000	27.697527	10.119778
48.000000	27.783587	10.116681
49.000000	27.878389	10.119391
50.000000	27.953524	10.115907
51.000000	28.042620	10.116295
52.000000	28.130623	10.116101
53.000000	28.221056	10.114320
54.000000	28.313549	10.113314
55.000000	28.407135	10.113894
56.000000	28.499386	10.114629
57.000000	28.595037	10.111145
58.000000	28.694937	10.111918
59.000000	28.793743	10.111687
60.000000	28.879318	10.110409
61.000000	28.992687	10.108628
62.000000	29.113226	10.108860
63.000000	29.217247	10.108513
64.000000	29.344093	10.109441
65.000000	29.467785	10.106266
66.000000	29.595238	10.107118
67.000000	29.730700	10.105995
68.000000	29.854027	10.105646
69.000000	29.993618	10.103787
70.000000	30.139385	10.103905
71.000000	30.300066	10.102975
72.000000	30.450333	10.100884
73.000000	30.596624	10.099916
74.000000	30.773499	10.101813
75.000000	30.961208	10.099761
76.000000	31.144827	10.099761
77.000000	31.341808	10.097592
78.000000	31.542641	10.098019
79.000000	31.749254	10.094805
80.000000	31.979956	10.096470
81.000000	32.204384	10.094612
82.000000	32.432907	10.094418
83.000000	32.689251	10.093295
84.000000	32.944752	10.092793
85.000000	33.204582	10.093643
86.000000	33.478386	10.091244
87.000000	33.768078	10.091243
88.000000	34.065598	10.090468
89.000000	34.372749	10.090546
90.000000	34.665333	10.088842
91.000000	34.998489	10.088069
92.000000	35.340202	10.086442
93.000000	35.681068	10.085049
94.000000	36.035175	10.084970
95.000000	36.393982	10.084003
96.000000	36.759289	10.083964
97.000000	37.135311	10.082298
98.000000	37.522171	10.081409
99.000000	37.915894	10.080556
100.000000	38.315754	10.078195
101.000000	38.718391	10.077149
102.000000	39.146183	10.074903
103.000000	39.569767	10.073549
104.000000	39.995281	10.071264
105.000000	40.419186	10.068786
106.000000	40.845745	10.070413
107.000000	41.290855	10.065379
108.000000	41.731060	10.063869
109.000000	42.173302	10.063559
110.000000	42.618294	10.059998
111.000000	43.074638	10.060307
112.000000	43.520462	10.057867
113.000000	43.981472	10.054924
114.000000	44.427780	10.054034
115.000000	44.885670	10.050628
116.000000	45.336277	10.046098
117.000000	45.792145	10.044125
118.000000	46.248005	10.041026
119.000000	46.690369	10.038316
120.000000	47.142174	10.036922
121.000000	47.587997	10.036303
122.000000	48.038250	10.032469
123.000000	48.476070	10.031772
124.000000	48.911369	10.028287
125.000000	49.349674	10.025539
126.000000	49.781990	10.021435
127.000000	50.204273	10.019189
128.000000	50.627857	10.016208
129.000000	51.034725	10.014311
130.000000	51.447769	10.009895
131.000000	51.848564	10.006178
132.000000	52.246269	10.004087
133.000000	52.647186	10.000294
134.000000	53.035614	9.997505
135.000000	53.424755	9.992899
136.000000	53.813541	9.990808
137.000000	54.191868	9.987090
138.000000	54.556866	9.983839
139.000000	54.930309	9.981670
140.000000	55.292698	9.976986
141.000000	55.648178	9.971448
142.000000	55.988438	9.967461
143.000000	56.335838	9.963743
144.000000	56.676811	9.962273
145.000000	57.008862	9.959988
146.000000	57.346508	9.955652
147.000000	57.674644	9.951819
148.000000	57.993973	9.948643
149.000000	58.309025	9.945663
150.000000	58.616581	9.942604
151.000000	58.931389	9.937803
152.000000	59.225986	9.935558
153.000000	59.525452	9.932538
154.000000	59.801487	9.931376
155.000000	60.103935	9.926885
156.000000	60.416241	9.921230
157.000000	60.703575	9.916856
158.000000	60.988998	9.915850
159.000000	61.267826	9.910351
160.000000	61.523594	9.908686
161.000000	61.785412	9.904348
162.000000	62.082523	9.899666
163.000000	62.359142	9.895715
164.000000	62.623203	9.893973
165.000000	62.891289	9.889638
166.000000	63.164948	9.886270
167.000000	63.432800	9.883675
168.000000	63.700054	9.881469
169.000000	63.969090	9.876009
170.000000	64.233032	9.872331
171.000000	64.499336	9.867723
172.000000	64.762939	9.866020
173.000000	65.019882	9.861760
174.000000	65.278496	9.858159
175.000000	65.555466	9.853009
176.000000	65.819054	9.851151
177.000000	66.093185	9.845924
178.000000	66.360207	9.842942
179.000000	66.629486	9.840814
180.000000	66.907394	9.837639
181.000000	67.188171	9.836941
182.000000	67.453766	9.833961
183.000000	67.724823	9.830902
184.000000	68.010437	9.828268
185.000000	68.292633	9.824746
186.000000	68.585716	9.821183
187.000000	68.878326	9.818824
188.000000	69.163948	9.812782
189.000000	69.457275	9.811272
190.000000	69.748230	9.808175
191.000000	70.048302	9.805038
192.000000	70.356422	9.801670
193.000000	70.653427	9.798496
194.000000	70.958122	9.794120
195.000000	71.279045	9.792764
196.000000	71.588318	9.789474
197.000000	71.902473	9.785059
198.000000	72.231308	9.784672
199.000000	72.556000	9.780994
200.000000	72.873230	9.775070
201.000000	73.224327	9.771664
202.000000	73.565704	9.767984
203.000000	73.915970	9.765507
204.000000	74.254738	9.762913
205.000000	74.600861	9.759079
206.000000	74.939278	9.757916
207.000000	75.285156	9.753273
208.000000	75.639320	9.752421
209.000000	75.993614	9.746535
210.000000	76.352158	9.745529
211.000000	76.693657	9.741541
212.000000	77.054688	9.739489
213.000000	77.404358	9.737358
214.000000	77.745972	9.736275
215.000000	78.138611	9.733138
216.000000	78.510887	9.730080
217.000000	78.873215	9.726983
218.000000	79.247040	9.724736
219.000000	79.607361	9.721523
220.000000	79.984009	9.716025
221.000000	80.352142	9.713625
222.000000	80.720398	9.713161
223.000000	81.094566	9.710333
224.000000	81.449448	9.706152
225.000000	81.834740	9.701351
226.000000	82.222878	9.700848
227.000000	82.603203	9.696976
228.000000	82.977020	9.692484
229.000000	83.342186	9.691360
230.000000	83.708549	9.688766
231.000000	84.085915	9.687336
232.000000	84.458191	9.684354
233.000000	84.817451	9.679979
234.000000	85.184753	9.678431
235.000000	85.548271	9.675681
236.000000	85.917236	9.670375
237.000000	86.274353	9.668594
238.000000	86.642128	9.664993
239.000000	86.994286	9.662710
240.000000	87.347511	9.661045
241.000000	87.706528	9.660039
242.000000	88.081520	9.657250
243.000000	88.432732	9.652294
244.000000	88.783813	9.649739
245.000000	89.127922	9.646913
246.000000	89.477348	9.643932
247.000000	89.820862	9.642654
248.000000	90.158455	9.640758
249.000000	90.492981	9.638860
250.000000	90.841583	9.637659
251.000000	91.183075	9.635801
252.000000	91.507767	9.633710
253.000000	91.847260	9.632626
254.000000	92.168205	9.628097
255.000000	92.506020	9.626934
256.000000	92.835533	9.623411
257.000000	93.166588	9.619500
258.000000	93.489456	9.618454
259.000000	93.798439	9.616557
260.000000	94.128662	9.615784
261.000000	94.455566	9.613073
262.000000	94.778900	9.612415
263.000000	95.098686	9.609821
264.000000	95.420006	9.607691
265.000000	95.736115	9.604400
266.000000	96.046875	9.602309
267.000000	96.374367	9.601186
268.000000	96.687386	9.599870
269.000000	97.000641	9.596346
270.000000	97.299187	9.595070
271.000000	97.624664	9.592824
272.000000	97.940155	9.593715
273.000000	98.249268	9.589649
274.000000	98.562515	9.588100
275.000000	98.868896	9.587791
276.000000	99.187256	9.586436
277.000000	99.494217	9.583145
278.000000	99.812225	9.582022
279.000000	100.116219	9.580048
280.000000	100.419861	9.579001
281.000000	100.722076	9.574898
282.000000	101.042816	9.573891
283.000000	101.364967	9.572575
284.000000	101.682846	9.572186
285.000000	101.996223	9.570096
286.000000	102.310089	9.568741
287.000000	102.621704	9.568084
288.000000	102.940216	9.567425
289.000000	103.256836	9.566109
290.000000	103.584747	9.565489
291.000000	103.891602	9.563244
292.000000	104.212265	9.563205
293.000000	104.529953	9.562353
294.000000	104.839302	9.561153
295.000000	105.159607	9.559719
296.000000	105.489670	9.558132
297.000000	105.819122	9.556661
298.000000	106.135628	9.554067
299.000000	106.477600	9.554454
300.000000	106.795746	9.550968
301.000000	107.119270	9.551240
302.000000	107.459686	9.550854
303.000000	107.794868	9.548956
304.000000	108.118744	9.546594
305.000000	108.447266	9.548298
306.000000	108.781479	9.548066
307.000000	109.125473	9.544889
308.000000	109.462677	9.543186
309.000000	109.786804	9.543534
310.000000	110.137802	9.542257
311.000000	110.473938	9.542374
312.000000	110.826500	9.540359
313.000000	111.167633	9.539470
314.000000	111.506615	9.540167
315.000000	111.842529	9.537921
316.000000	112.196030	9.537495
317.000000	112.539146	9.537650
318.000000	112.886597	9.536876
319.000000	113.234581	9.537069
320.000000	113.584839	9.536527
321.000000	113.923470	9.535094
322.000000	114.267868	9.535172
323.000000	114.611176	9.534359
324.000000	114.967415	9.533353
325.000000	115.309532	9.532268
326.000000	115.657990	9.530952
327.000000	116.009064	9.529905
328.000000	116.360046	9.528088
329.000000	116.679932	9.528203
330.000000	117.040344	9.530293
331.000000	117.399078	9.527854
332.000000	117.756638	9.525958
333.000000	118.105797	9.524216
334.000000	118.451019	9.525842
335.000000	118.790634	9.522512
336.000000	119.134911	9.523403
337.000000	119.486237	9.520925
338.000000	119.818428	9.521351
339.000000	120.164375	9.521505
340.000000	120.509605	9.521002
341.000000	120.861290	9.519183
342.000000	121.192879	9.519957
343.000000	121.542877	9.519066
344.000000	121.882370	9.515892
345.000000	122.211700	9.517788
346.000000	122.564339	9.517673
347.000000	122.891121	9.517323
348.000000	123.231171	9.515311
349.000000	123.565735	9.517363
350.000000	123.910301	9.514187
351.000000	124.246910	9.514923
352.000000	124.568855	9.513645
353.000000	124.909798	9.514265
354.000000	125.242195	9.513529
355.000000	125.581360	9.512019
356.000000	125.914230	9.510935
357.000000	126.252899	9.511748
358.000000	126.587341	9.509309
359.000000	126.920479	9.510509
360.000000	127.242416	9.510586
361.000000	127.577354	9.510626
362.000000	127.904572	9.507722
363.000000	128.229874	9.509387
364.000000	128.565903	9.508574
365.000000	128.885910	9.506792
366.000000	129.218567	9.507297
367.000000	129.545303	9.507102
368.000000	129.843307	9.504740
369.000000	130.194717	9.505901
370.000000	130.523148	9.504469
371.000000	130.856522	9.505360
372.000000	131.181351	9.505051
373.000000	131.508560	9.504004
374.000000	131.825958	9.502920
375.000000	132.154022	9.502572
376.000000	132.473907	9.501140
377.000000	132.795486	9.502185
378.000000	133.114105	9.502960
379.000000	133.435104	9.500249
380.000000	133.754623	9.500713
381.000000	134.093628	9.500791
382.000000	134.398376	9.500093
383.000000	134.710526	9.499706
384.000000	135.050491	9.500830
385.000000	135.387451	9.498546
386.000000	135.710236	9.499125
387.000000	136.022476	9.498662
388.000000	136.346237	9.498546
389.000000	136.674103	9.496262
390.000000	137.002945	9.498119
391.000000	137.322571	9.498390
392.000000	137.657471	9.496802
393.000000	137.974930	9.499126
394.000000	138.286697	9.497499
395.000000	138.617966	9.497540
396.000000	138.946793	9.495873
397.000000	139.264618	9.494556
398.000000	139.585938	9.493358
399.000000	139.900513	9.495914
400.000000	140.223541	9.494634
401.000000	140.551163	9.493860
402.000000	140.868866	9.496339
403.000000	141.208359	9.494828
404.000000	141.524963	9.495602
405.000000	141.846069	9.494054
406.000000	142.183609	9.494713
407.000000	142.522247	9.495913
408.000000	142.845886	9.494441
409.000000	143.174835	9.493706
410.000000	143.501892	9.493046
411.000000	143.835464	9.494286
412.000000	144.167938	9.492079
413.000000	144.495132	9.494015
414.000000	144.830032	9.492040
415.000000	145.165894	9.493357
416.000000	145.506714	9.493087
417.000000	145.847321	9.493008
418.000000	146.193390	9.492582
419.000000	146.528030	9.492311
420.000000	146.863754	9.492698
421.000000	147.196564	9.492195
422.000000	147.532166	9.493317
423.000000	147.879959	9.493085
424.000000	148.215820	9.492235
425.000000	148.555069	9.493163
426.000000	148.881805	9.492195
427.000000	149.236862	9.493395
428.000000	149.579559	9.492428
429.000000	149.927444	9.492505
430.000000	150.262573	9.491770
431.000000	150.609970	9.491615
432.000000	150.951904	9.490917
433.000000	151.295532	9.490994
434.000000	151.637466	9.490646
435.000000	151.989258	9.490143
436.000000	152.334961	9.490376
437.000000	152.679199	9.490143
438.000000	153.020050	9.490994
439.000000	153.379486	9.490105
440.000000	153.725845	9.490917
441.000000	154.052002	9.492272
442.000000	154.420044	9.491035
443.000000	154.765701	9.490298
444.000000	155.110901	9.490105
445.000000	155.461319	9.490452
446.000000	155.800659	9.491421
447.000000	156.152435	9.490027
448.000000	156.492615	9.490376
449.000000	156.841721	9.490841
450.000000	157.184937	9.490182
451.000000	157.531113	9.490337
452.000000	157.860397	9.489213
453.000000	158.189575	9.489910
454.000000	158.556763	9.489368
455.000000	158.895111	9.490066
456.000000	159.224045	9.491265
457.000000	159.568130	9.489523
458.000000	159.907944	9.489058
459.000000	160.243347	9.489174
460.000000	160.578873	9.488361
461.000000	160.906845	9.489757
462.000000	161.253601	9.489678
463.000000	161.591095	9.489910
464.000000	161.925049	9.489756
465.000000	162.260834	9.488904
466.000000	162.590622	9.488130
467.000000	162.918823	9.488284
468.000000	163.241760	9.488827
469.000000	163.572281	9.487704
470.000000	163.895477	9.489214
471.000000	164.228821	9.487782
472.000000	164.557434	9.490376
473.000000	164.876389	9.487433
474.000000	165.209167	9.488285
475.000000	165.531799	9.488556
476.000000	165.856873	9.489330
477.000000	166.177246	9.488865
478.000000	166.483185	9.490569
479.000000	166.824219	9.488942
480.000000	167.162048	9.489175
481.000000	167.478271	9.488827
482.000000	167.804199	9.487627
483.000000	168.126816	9.489756
484.000000	168.456924	9.487587
485.000000	168.787140	9.487936
486.000000	169.111465	9.487471
487.000000	169.446228	9.487473
488.000000	169.770813	9.488789
489.000000	170.105225	9.488671
490.000000	170.406723	9.487588
491.000000	170.749939	9.486891
492.000000	171.075989	9.488789
493.000000	171.405579	9.486620
494.000000	171.730774	9.486697
495.000000	172.065063	9.486697
496.000000	172.394058	9.487083
497.000000	172.726013	9.488013
498.000000	173.057312	9.486697
499.000000	173.380310	9.488014
500.000000	173.715439	9.487704
501.000000	174.036957	9.486814
502.000000	174.366745	9.488361
503.000000	174.703979	9.487472
504.000000	175.033646	9.488480
505.000000	175.379761	9.488633
506.000000	175.708679	9.487549
507.000000	176.048080	9.486775
508.000000	176.384476	9.487472
509.000000	176.726196	9.487473
510.000000	177.065460	9.487627
511.000000	177.416519	9.486735
512.000000	177.756271	9.487201
513.000000	178.099457	9.488789
514.000000	178.445206	9.488246
515.000000	178.776001	9.487974
516.000000	179.115967	9.486348
517.000000	179.461761	9.488789
518.000000	179.799164	9.487782
519.000000	180.150589	9.486309
520.000000	180.468811	9.485962
521.000000	180.824799	9.488400
522.000000	181.166504	9.486814
523.000000	181.514252	9.487240
524.000000	181.856079	9.487704
525.000000	182.203323	9.487742
526.000000	182.549088	9.486813
527.000000	182.895370	9.486813
528.000000	183.231659	9.487626
529.000000	183.570190	9.487432
530.000000	183.920883	9.487083
531.000000	184.261597	9.487083
532.000000	184.586578	9.486504
533.000000	184.922516	9.487473
534.000000	185.269028	9.487511
535.000000	185.611465	9.485264
536.000000	185.950623	9.486620
537.000000	186.277664	9.486813
538.000000	186.613235	9.485729
539.000000	186.962830	9.486543
540.000000	187.311050	9.485303
541.000000	187.648575	9.485497
542.000000	187.976166	9.484141
543.000000	188.322784	9.484722
544.000000	188.646179	9.487084
545.000000	188.993042	9.486077
546.000000	189.317184	9.485574
547.000000	189.658752	9.486000
548.000000	189.986084	9.486000
549.000000	190.319565	9.486813
550.000000	190.657333	9.484993
551.000000	190.989700	9.486349
552.000000	191.321198	9.484026
553.000000	191.652710	9.485109
554.000000	191.983231	9.486310
555.000000	192.328125	9.483444
556.000000	192.659409	9.483484
557.000000	192.988800	9.483290
558.000000	193.319321	9.484103
559.000000	193.661652	9.484413
560.000000	193.995850	9.483910
561.000000	194.326141	9.483290
562.000000	194.657501	9.483948
563.000000	194.982727	9.485226
564.000000	195.311096	9.484180
565.000000	195.644440	9.484180
566.000000	195.967712	9.482594
567.000000	196.298492	9.483677
568.000000	196.623001	9.484336
569.000000	196.958328	9.483639
570.000000	197.298325	9.484026
571.000000	197.620605	9.482128
572.000000	197.942398	9.482980
573.000000	198.267288	9.482786
574.000000	198.577515	9.483754
575.000000	198.939514	9.482903
576.000000	199.262894	9.482244
577.000000	199.604248	9.481121
578.000000	199.941696	9.482438
579.000000	200.270599	9.479572
580.000000	200.600525	9.482205
581.000000	200.938293	9.482361
582.000000	201.263062	9.481276
583.000000	201.613739	9.481586
584.000000	201.939346	9.480696
585.000000	202.278488	9.481469
586.000000	202.604965	9.481160
587.000000	202.942505	9.479651
588.000000	203.276474	9.482245
589.000000	203.618912	9.480695
590.000000	203.959152	9.477985
591.000000	204.294235	9.479341
592.000000	204.631271	9.480773
593.000000	204.964859	9.479611
594.000000	205.310349	9.480658
595.000000	205.637756	9.478953
596.000000	205.987473	9.478837
597.000000	206.326233	9.479031
598.000000	206.662659	9.478103
599.000000	206.992493	9.480115
600.000000	207.347336	9.478644
601.000000	207.669922	9.476437
602.000000	208.023071	9.478217
603.000000	208.354187	9.477947
604.000000	208.688446	9.478566
605.000000	209.028198	9.476707
606.000000	209.363663	9.476244
607.000000	209.706589	9.477405
608.000000	210.032364	9.477211
609.000000	210.373840	9.476513
610.000000	210.706955	9.474075
611.000000	211.042419	9.475701
612.000000	211.373093	9.476089
613.000000	211.726730	9.473339
614.000000	212.063644	9.475818
615.000000	212.404510	9.476166
616.000000	212.731491	9.475971
617.000000	213.070496	9.474966
618.000000	213.396912	9.473958
619.000000	213.724503	9.474230
620.000000	214.063644	9.469815
621.000000	214.409027	9.472527
622.000000	214.740204	9.472991
623.000000	215.069275	9.473106
624.000000	215.408325	9.473881
625.000000	215.746887	9.471287
626.000000	216.076172	9.470821
627.000000	216.408875	9.470048
628.000000	216.746353	9.471635
629.000000	217.080292	9.469235
630.000000	217.408218	9.471287
631.000000	217.761612	9.469544
632.000000	218.103394	9.469234
633.000000	218.430557	9.469855
634.000000	218.759094	9.468460
635.000000	219.099777	9.469274
636.000000	219.428406	9.468307
637.000000	219.768478	9.467918
638.000000	220.105225	9.467415
639.000000	220.444641	9.467726
640.000000	220.775772	9.468306
641.000000	221.102707	9.466292
642.000000	221.437637	9.466060
643.000000	221.777161	9.465324
644.000000	222.107803	9.464937
645.000000	222.450287	9.465866
646.000000	222.784729	9.465790
647.000000	223.120743	9.465401
648.000000	223.451721	9.464124
649.000000	223.795212	9.463157
650.000000	224.130707	9.465014
651.000000	224.459030	9.462885
652.000000	224.780212	9.462846
653.000000	225.114258	9.463891
654.000000	225.454407	9.464124
655.000000	225.778320	9.462072
656.000000	226.118912	9.461414
657.000000	226.424500	9.460407
658.000000	226.765686	9.461492
659.000000	227.084442	9.458898
660.000000	227.422607	9.458046
661.000000	227.750244	9.458782
662.000000	228.084488	9.457350
663.000000	228.409836	9.458511
664.000000	228.733704	9.458084
665.000000	229.050995	9.455144
666.000000	229.381226	9.455491
667.000000	229.714737	9.454600
668.000000	230.039719	9.455260
669.000000	230.367355	9.453865
670.000000	230.681366	9.452472
671.000000	231.029999	9.451619
672.000000	231.356781	9.450497
673.000000	231.688965	9.450264
674.000000	232.025879	9.448562
675.000000	232.343689	9.449568
676.000000	232.679749	9.448367
677.000000	233.001923	9.448483
678.000000	233.329590	9.446082
679.000000	233.669449	9.446741
680.000000	233.995621	9.445502
681.000000	234.339279	9.446316
682.000000	234.659958	9.444573
683.000000	234.988953	9.445619
684.000000	235.319305	9.445230
685.000000	235.665375	9.443488
686.000000	235.999756	9.443334
687.000000	236.326721	9.442249
688.000000	236.661987	9.442017
689.000000	236.996338	9.440234
690.000000	237.342133	9.440660
691.000000	237.671600	9.439654
692.000000	238.004898	9.440119
693.000000	238.335007	9.439653
694.000000	238.668259	9.438569
695.000000	239.002289	9.437796
696.000000	239.344040	9.435434
697.000000	239.680237	9.436169
698.000000	240.022629	9.436169
699.000000	240.360611	9.435666
700.000000	240.698898	9.433846
701.000000	241.028503	9.430904
702.000000	241.368210	9.431911
703.000000	241.706100	9.431524
704.000000	242.040695	9.428931
705.000000	242.361694	9.428814
706.000000	242.721085	9.426414
707.000000	243.043793	9.426181
708.000000	243.387024	9.424283
709.000000	243.729019	9.423664
710.000000	244.064743	9.426529
711.000000	244.414490	9.422309
712.000000	244.748169	9.422115
713.000000	245.065399	9.419172
714.000000	245.410202	9.419289
715.000000	245.768845	9.417314
716.000000	246.111374	9.417778
717.000000	246.442032	9.415069
718.000000	246.789963	9.413675
719.000000	247.132751	9.413791
720.000000	247.472427	9.413753
721.000000	247.802490	9.410694
722.000000	248.139740	9.408642
723.000000	248.476898	9.407673
724.000000	248.798920	9.407169
725.000000	249.144180	9.405466
726.000000	249.470551	9.402447
727.000000	249.811813	9.401827
728.000000	250.134460	9.398884
729.000000	250.473312	9.397917
730.000000	250.804138	9.398923
731.000000	251.140594	9.397684
732.000000	251.471939	9.394587
733.000000	251.806900	9.393851
734.000000	252.140427	9.394316
735.000000	252.470215	9.393426
736.000000	252.798401	9.391102
737.000000	253.136154	9.388239
738.000000	253.473434	9.386765
739.000000	253.801758	9.385528
740.000000	254.131165	9.381074
741.000000	254.459488	9.380415
742.000000	254.795776	9.376542
743.000000	255.115036	9.376854
744.000000	255.469131	9.376040
745.000000	255.798431	9.373484
746.000000	256.137573	9.372555
747.000000	256.477783	9.370232
748.000000	256.813690	9.367755
749.000000	257.149689	9.367716
750.000000	257.486023	9.367096
751.000000	257.815674	9.362567
752.000000	258.150391	9.361716
753.000000	258.487274	9.360826
754.000000	258.833160	9.357766
755.000000	259.165985	9.356720
756.000000	259.496613	9.355637
757.000000	259.835815	9.351532
758.000000	260.162964	9.350952
759.000000	260.505249	9.348783
760.000000	260.830597	9.345995
761.000000	261.167114	9.344369
762.000000	261.504395	9.343750
763.000000	261.835602	9.341736
764.000000	262.170685	9.339066
765.000000	262.501312	9.336897
766.000000	262.843140	9.335155
767.000000	263.183502	9.334573
768.000000	263.505737	9.333218
769.000000	263.846466	9.328533
770.000000	264.180603	9.327140
771.000000	264.512909	9.324235
772.000000	264.853638	9.320557
773.000000	265.188232	9.318466
774.000000	265.516113	9.316530
775.000000	265.857208	9.315331
776.000000	266.199280	9.312542
777.000000	266.523193	9.309174
778.000000	266.853821	9.307935
779.000000	267.198730	9.303753
780.000000	267.516602	9.300114
781.000000	267.867889	9.299610
782.000000	268.210632	9.296320
783.000000	268.521881	9.292642
784.000000	268.865601	9.290783
785.000000	269.200806	9.289002
786.000000	269.538788	9.286564
787.000000	269.862244	9.284355
788.000000	270.195313	9.279091
789.000000	270.515320	9.278278
790.000000	270.865356	9.273864
791.000000	271.194580	9.270651
792.000000	271.531006	9.266933
793.000000	271.869141	9.263255
794.000000	272.206421	9.261009
795.000000	272.537537	9.257833
796.000000	272.858521	9.252337
797.000000	273.198059	9.250361
798.000000	273.510498	9.245947
799.000000	273.842529	9.242268
800.000000	274.159302	9.240643
801.000000	274.498352	9.239326
802.000000	274.838745	9.235996
803.000000	275.157410	9.232357
804.000000	275.494171	9.228371
805.000000	275.825806	9.224189
806.000000	276.151978	9.222369
807.000000	276.486237	9.215748
808.000000	276.817017	9.212574
809.000000	277.133179	9.209088
810.000000	277.464905	9.204132
811.000000	277.787567	9.201228
812.000000	278.112549	9.199138
813.000000	278.436340	9.194375
814.000000	278.765991	9.190775
815.000000	279.101624	9.186437
816.000000	279.433533	9.182140
817.000000	279.761017	9.177184
818.000000	280.081604	9.173544
819.000000	280.413513	9.167892
820.000000	280.747925	9.166225
821.000000	281.081909	9.161427
822.000000	281.407471	9.156548
823.000000	281.751587	9.151669
824.000000	282.081573	9.146364
825.000000	282.419861	9.143614
826.000000	282.759033	9.138737
827.000000	283.093475	9.136492
828.000000	283.423492	9.132078
829.000000	283.764008	9.127625
830.000000	284.105255	9.121856
831.000000	284.439941	9.116629
832.000000	284.777466	9.110937
833.000000	285.109131	9.106484
834.000000	285.444427	9.099824
835.000000	285.786011	9.097192
836.000000	286.132172	9.093475
837.000000	286.476410	9.086506
838.000000	286.811646	9.085771
839.000000	287.145752	9.076632
840.000000	287.475739	9.069431
841.000000	287.817322	9.064592
842.000000	288.153442	9.060295
843.000000	288.483276	9.053751
844.000000	288.826202	9.047594
845.000000	289.151459	9.043877
846.000000	289.484528	9.039503
847.000000	289.825562	9.033230
848.000000	290.170532	9.024943
849.000000	290.490326	9.020065
850.000000	290.821747	9.015458
851.000000	291.157166	9.006785
852.000000	291.507263	9.001404
853.000000	291.846191	8.996758
854.000000	292.174896	8.987350
855.000000	292.516388	8.979645
856.000000	292.846130	8.974185
857.000000	293.177643	8.967525
858.000000	293.517822	8.961330
859.000000	293.860840	8.955639
860.000000	294.191528	8.948359
861.000000	294.532471	8.942628
862.000000	294.867096	8.936821
863.000000	295.199677	8.930395
864.000000	295.540619	8.923348
865.000000	295.879059	8.916263
866.000000	296.217499	8.907745
867.000000	296.550201	8.900194
868.000000	296.876648	8.895161
869.000000	297.212921	8.889159
870.000000	297.554535	8.879673
871.000000	297.891785	8.871001
872.000000	298.227356	8.863993
873.000000	298.549500	8.856869
874.000000	298.888062	8.849163
875.000000	299.218719	8.842117
876.000000	299.561890	8.835999
877.000000	299.888214	8.827289
878.000000	300.222595	8.820667
879.000000	300.549622	8.811413
880.000000	300.885437	8.802818
881.000000	301.234619	8.798559
882.000000	301.567780	8.787756
883.000000	301.903229	8.777729
884.000000	302.231445	8.771187
885.000000	302.563110	8.765455
886.000000	302.891174	8.755815
887.000000	303.233765	8.747025
888.000000	303.572876	8.741256
889.000000	303.914429	8.735139
890.000000	304.251617	8.723948
891.000000	304.572693	8.715508
892.000000	304.915039	8.706875
893.000000	305.247559	8.699867
894.000000	305.589691	8.691582
895.000000	305.908630	8.682831
896.000000	306.252136	8.673926
897.000000	306.561584	8.668001
898.000000	306.901764	8.655689
899.000000	307.237000	8.651081
900.000000	307.556427	8.641169
901.000000	307.922485	8.633621
902.000000	308.250305	8.625141
903.000000	308.598816	8.613564
904.000000	308.931366	8.605627
905.000000	309.267944	8.596103
906.000000	309.589020	8.585648
907.000000	309.916443	8.576820
908.000000	310.256226	8.569851
909.000000	310.592957	8.561334
910.000000	310.923340	8.550956
911.000000	311.245728	8.544452
912.000000	311.593689	8.535547
913.000000	311.928467	8.525790
914.000000	312.255249	8.515530
915.000000	312.585175	8.507515
916.000000	312.927307	8.498300
917.000000	313.257263	8.490323
918.000000	313.584106	8.479211
919.000000	313.915405	8.469532
920.000000	314.246643	8.459930
921.000000	314.582520	8.452573
922.000000	314.914917	8.445411
923.000000	315.249390	8.435770
924.000000	315.584656	8.425432
925.000000	315.918610	8.417339
926.000000	316.243347	8.406460
927.000000	316.587433	8.400343
928.000000	316.910278	8.388302
929.000000	317.245850	8.376724
930.000000	317.583527	8.369523
931.000000	317.913452	8.360114
932.000000	318.237549	8.351711
933.000000	318.578094	8.345052
934.000000	318.906250	8.335336
935.000000	319.235718	8.325500
936.000000	319.580688	8.314737
937.000000	319.910980	8.307613
938.000000	320.245605	8.297004
939.000000	320.569580	8.286356
940.000000	320.882080	8.279232
941.000000	321.222900	8.268934
942.000000	321.554352	8.256659
943.000000	321.882965	8.250657
944.000000	322.212708	8.241676
945.000000	322.551361	8.231415
946.000000	322.879181	8.224174
947.000000	323.205048	8.212869
948.000000	323.534912	8.204120
949.000000	323.866638	8.193238
950.000000	324.195801	8.182011
951.000000	324.524780	8.172835
952.000000	324.866089	8.164084
953.000000	325.201324	8.155179
954.000000	325.519653	8.146428
955.000000	325.872498	8.139188
956.000000	326.203186	8.128307
957.000000	326.518372	8.119558
958.000000	326.867706	8.110073
959.000000	327.194794	8.099542
960.000000	327.536621	8.088699
961.000000	327.859894	8.078944
962.000000	328.175903	8.069224
963.000000	328.507690	8.058460
964.000000	328.851807	8.051182
965.000000	329.184021	8.042160
966.000000	329.513123	8.030120
967.000000	329.849457	8.021293
968.000000	330.179413	8.010567
969.000000	330.517975	8.002127
970.000000	330.853149	7.989775
971.000000	331.172607	7.980095
972.000000	331.510834	7.971075
973.000000	331.860565	7.959769
974.000000	332.182281	7.952219
975.000000	332.524506	7.943895
976.000000	332.870850	7.932356
977.000000	333.212738	7.923219
978.000000	333.544556	7.911797
979.000000	333.883514	7.903627
980.000000	334.227325	7.892128
981.000000	334.577820	7.880861
982.000000	334.909882	7.870794
983.000000	335.259277	7.860380
984.000000	335.590515	7.851784
985.000000	335.919556	7.844427
986.000000	336.248505	7.832619
987.000000	336.591064	7.820383
988.000000	336.939606	7.811207
989.000000	337.305634	7.801451
990.000000	337.643951	7.788596
991.000000	337.974365	7.777948
992.000000	338.321320	7.767301
993.000000	338.656494	7.755530
994.000000	338.995728	7.749335
995.000000	339.316620	7.737643
996.000000	339.659454	7.725602
997.000000	339.999878	7.713444
998.000000	340.324738	7.706397
999.000000	340.663208	7.695672
1000.000000	340.995697	7.683786
1001.000000	341.334290	7.671009
1002.000000	341.675995	7.658968
1003.000000	342.005981	7.651262
1004.000000	342.340271	7.640693
1005.000000	342.669556	7.630742
1006.000000	342.989014	7.618081
1007.000000	343.331543	7.606737
1008.000000	343.667999	7.595083
1009.000000	343.998474	7.582964
1010.000000	344.333252	7.572355
1011.000000	344.665131	7.560430
1012.000000	345.003845	7.552260
1013.000000	345.339203	7.539909
1014.000000	345.669678	7.528797
1015.000000	346.018951	7.516020
1016.000000	346.340881	7.504637
1017.000000	346.664215	7.493254
1018.000000	347.005646	7.480553
1019.000000	347.333191	7.469055
1020.000000	347.669678	7.458872
1021.000000	348.000305	7.451283
1022.000000	348.334564	7.435641
1023.000000	348.666840	7.425961
1024.000000	349.003540	7.411249
1025.000000	349.332153	7.398510
1026.000000	349.652405	7.386972
1027.000000	350.003235	7.372957
1028.000000	350.331757	7.362659
1029.000000	350.664307	7.353559
1030.000000	350.991669	7.339503
1031.000000	351.322418	7.326881
1032.000000	351.657379	7.313446
1033.000000	351.980255	7.301986
1034.000000	352.314240	7.287196
1035.000000	352.642151	7.275077
1036.000000	352.971191	7.262842
1037.000000	353.302124	7.252581
1038.000000	353.635498	7.236862
1039.000000	353.971558	7.224511
1040.000000	354.306396	7.211270
1041.000000	354.632263	7.194852
1042.000000	354.962646	7.182502
1043.000000	355.292358	7.171079
1044.000000	355.617493	7.158303
1045.000000	355.948975	7.146804
1046.000000	356.284973	7.131549
1047.000000	356.613525	7.116642
1048.000000	356.944641	7.103014
1049.000000	357.271301	7.087914
1050.000000	357.599487	7.074672
1051.000000	357.934448	7.062592
1052.000000	358.253479	7.047491
1053.000000	358.594940	7.032469
1054.000000	358.926880	7.017601
1055.000000	359.263641	7.002308
1056.000000	359.597412	6.987788
1057.000000	359.931671	6.973153
1058.000000	360.255127	6.957626
1059.000000	360.595337	6.942991
1060.000000	360.922729	6.927195
1061.000000	361.250885	6.914030
1062.000000	361.587677	6.896839
1063.000000	361.921753	6.881235
1064.000000	362.264313	6.865129
1065.000000	362.587036	6.850029
1066.000000	362.926514	6.833342
1067.000000	363.263184	6.817699
1068.000000	363.604126	6.796907
1069.000000	363.946167	6.783898
1070.000000	364.255554	6.768528
1071.000000	364.600098	6.753001
1072.000000	364.950470	6.734688
1073.000000	365.280670	6.717612
1074.000000	365.618896	6.699686
1075.000000	365.941650	6.681024
1076.000000	366.296326	6.664182
1077.000000	366.649200	6.647339
1078.000000	366.990326	6.627865
1079.000000	367.316528	6.608815
1080.000000	367.660828	6.591197
1081.000000	367.987915	6.572729
1082.000000	368.331787	6.555501
1083.000000	368.671387	6.537884
1084.000000	369.011902	6.516123
1085.000000	369.345459	6.495795
1086.000000	369.691986	6.476011
1087.000000	370.021973	6.455723
1088.000000	370.365417	6.436170
1089.000000	370.712067	6.415688
1090.000000	371.037354	6.393271
1091.000000	371.371704	6.374454
1092.000000	371.702759	6.353081
1093.000000	372.046356	6.329579
1094.000000	372.375488	6.307510
1095.000000	372.706635	6.285440
1096.000000	373.035126	6.262713
1097.000000	373.358887	6.242657
1098.000000	373.691284	6.217567
1099.000000	374.023224	6.194607
1100.000000	374.354370	6.170951
1101.000000	374.676025	6.152908
1102.000000	375.011322	6.125418
1103.000000	375.334106	6.099864
1104.000000	375.674561	6.076091
1105.000000	375.987427	6.052899
1106.000000	376.319702	6.026687
1107.000000	376.651154	5.998423
1108.000000	376.972260	5.975540
1109.000000	377.296570	5.950296
1110.000000	377.629791	5.924704
1111.000000	377.961365	5.899730
1112.000000	378.286285	5.870615
1113.000000	378.633301	5.843433
1114.000000	378.953674	5.816563
1115.000000	379.299622	5.787951
1116.000000	379.625031	5.761931
1117.000000	379.969238	5.731771
1118.000000	380.299988	5.705790
1119.000000	380.629425	5.676791
1120.000000	380.984039	5.646319
1121.000000	381.312805	5.616467
1122.000000	381.653748	5.586966
1123.000000	381.977905	5.559862
1124.000000	382.330109	5.528616
1125.000000	382.666107	5.497409
1126.000000	383.011810	5.467363
1127.000000	383.357025	5.436390
1128.000000	383.698853	5.402395
1129.000000	384.024841	5.373899
1130.000000	384.372559	5.341065
1131.000000	384.704132	5.308891
1132.000000	385.044769	5.277220
1133.000000	385.389160	5.244618
1134.000000	385.723907	5.209849
1135.000000	386.066284	5.176823
1136.000000	386.397583	5.145500
1137.000000	386.731812	5.111621
1138.000000	387.060516	5.078091
1139.000000	387.409302	5.044949
1140.000000	387.737915	5.009212
1141.000000	388.071289	4.977386
1142.000000	388.400269	4.944592
1143.000000	388.740051	4.907422
1144.000000	389.074188	4.874666
1145.000000	389.400757	4.839046
1146.000000	389.718048	4.804083
1147.000000	390.063354	4.770553
1148.000000	390.388550	4.736326
1149.000000	390.718689	4.700667
1150.000000	391.057434	4.667330
1151.000000	391.385956	4.629231
1152.000000	391.714233	4.594037
1153.000000	392.040619	4.562250
1154.000000	392.391357	4.525893
1155.000000	392.714996	4.490620
1156.000000	393.040588	4.458833
1157.000000	393.379639	4.420850
1158.000000	393.696899	4.388559
1159.000000	394.027954	4.355958
1160.000000	394.373779	4.320609
1161.000000	394.705597	4.285182
1162.000000	395.045288	4.254440
1163.000000	395.369873	4.219399
1164.000000	395.697632	4.188038
1165.000000	396.031464	4.156560
1166.000000	396.382935	4.120784
1167.000000	396.706238	4.089230
1168.000000	397.030579	4.058874
1169.000000	397.377045	4.025732
1170.000000	397.694092	3.993944
1171.000000	398.028931	3.964325
1172.000000	398.358795	3.932034
1173.000000	398.705566	3.903498
1174.000000	399.052368	3.873453
1175.000000	399.396820	3.842556
1176.000000	399.732391	3.813866
1177.000000	400.058594	3.786415
1178.000000	400.408173	3.758537
1179.000000	400.740265	3.730700
1180.000000	401.090332	3.702125
1181.000000	401.421875	3.677809
1182.000000	401.758728	3.651714
1183.000000	402.103149	3.626392
1184.000000	402.441010	3.600064
1185.000000	402.776947	3.578150
1186.000000	403.121033	3.553099
1187.000000	403.459656	3.528397
1188.000000	403.788605	3.506366
1189.000000	404.128784	3.486697
1190.000000	404.467407	3.464666
1191.000000	404.802124	3.443101
1192.000000	405.140747	3.420993
1193.000000	405.474854	3.402950
1194.000000	405.818573	3.386572
1195.000000	406.154907	3.369691
1196.000000	406.488953	3.348086
1197.000000	406.823975	3.331360
1198.000000	407.171204	3.316298
1199.000000	407.502136	3.298836
1200.000000	407.825958	3.286408
1201.000000	408.155518	3.270573
1202.000000	408.481812	3.255395
1203.000000	408.813324	3.243043
1204.000000	409.140656	3.228524
1205.000000	409.465515	3.218497
1206.000000	409.786560	3.204481
1207.000000	410.119568	3.195072
1208.000000	410.439972	3.184928
1209.000000	410.773682	3.175403
1210.000000	411.106476	3.166537
1211.000000	411.440033	3.156005
1212.000000	411.776306	3.146984
1213.000000	412.098724	3.136608
1214.000000	412.429871	3.126541
1215.000000	412.756134	3.120423
1216.000000	413.063568	3.112602
1217.000000	413.412445	3.105788
1218.000000	413.742554	3.101258
1219.000000	414.071045	3.095179
1220.000000	414.389160	3.090029
1221.000000	414.725616	3.084609
1222.000000	415.047119	3.079033
1223.000000	415.378937	3.073536
1224.000000	415.717804	3.067806
1225.000000	416.045929	3.061727
1226.000000	416.373535	3.057274
1227.000000	416.702393	3.053441
1228.000000	417.040955	3.051041
1229.000000	417.383148	3.047827
1230.000000	417.727417	3.043529
1231.000000	418.050781	3.039347
1232.000000	418.391937	3.032882
1233.000000	418.720306	3.029513
1234.000000	419.057861	3.026377
1235.000000	419.397339	3.024209
1236.000000	419.733734	3.021111
1237.000000	420.061768	3.016620
1238.000000	420.397797	3.014219
1239.000000	420.735870	3.011703
1240.000000	421.073029	3.006979
1241.000000	421.416840	3.006746
1242.000000	421.747070	3.003417
1243.000000	422.079346	2.999391
1244.000000	422.415955	2.997881
1245.000000	422.750427	2.995480
1246.000000	423.099487	2.993776
1247.000000	423.436401	2.991492
1248.000000	423.755737	2.988046
1249.000000	424.084747	2.985994
1250.000000	424.418732	2.982780
1251.000000	424.757111	2.980031
1252.000000	425.075775	2.977360
1253.000000	425.404907	2.973914
1254.000000	425.760498	2.972326
1255.000000	426.095978	2.972017
1256.000000	426.424988	2.966248
1257.000000	426.762482	2.964389
1258.000000	427.082611	2.961485
1259.000000	427.434326	2.957381
1260.000000	427.756866	2.956645
1261.000000	428.086060	2.954245
1262.000000	428.423676	2.951573
1263.000000	428.756470	2.949134
1264.000000	429.086548	2.946888
1265.000000	429.407898	2.944836
1266.000000	429.730347	2.942087
1267.000000	430.063995	2.940887
1268.000000	430.410278	2.937634
1269.000000	430.739197	2.934886
1270.000000	431.059937	2.932640
1271.000000	431.398560	2.928381
1272.000000	431.707703	2.928535
1273.000000	432.050079	2.924200
1274.000000	432.375427	2.920366
1275.000000	432.721619	2.920134
1276.000000	433.067078	2.918469
1277.000000	433.427429	2.913011
1278.000000	433.781860	2.909952
1279.000000	434.143188	2.908403
1280.000000	434.507568	2.907319
1281.000000	434.868042	2.905034
1282.000000	435.230804	2.902518
1283.000000	435.595001	2.900582
1284.000000	435.941742	2.898723
1285.000000	436.323853	2.897445
1286.000000	436.704041	2.894696
1287.000000	437.070801	2.892567
1288.000000	437.430756	2.891521
1289.000000	437.809509	2.888772
1290.000000	438.164551	2.885830
1291.000000	438.546082	2.885443
1292.000000	438.905945	2.880216
1293.000000	439.268188	2.878202
1294.000000	439.624207	2.877351
1295.000000	439.987640	2.875570
1296.000000	440.333435	2.872007
1297.000000	440.686890	2.870110
1298.000000	441.036713	2.867051
1299.000000	441.381348	2.862599
1300.000000	441.737335	2.861553
1301.000000	442.083771	2.859695
1302.000000	442.428467	2.854274
1303.000000	442.769897	2.855358
1304.000000	443.102142	2.851603
1305.000000	443.440216	2.850558
1306.000000	443.756714	2.847809
1307.000000	444.093536	2.845718
1308.000000	444.422943	2.842040
1309.000000	444.742218	2.841382
1310.000000	445.063080	2.837317
1311.000000	445.390656	2.834413
1312.000000	445.708771	2.831973
1313.000000	446.037781	2.830734
1314.000000	446.357788	2.827443
1315.000000	446.677673	2.828218
1316.000000	447.004639	2.825004
1317.000000	447.320892	2.822797
1318.000000	447.640564	2.822100
1319.000000	447.968048	2.818189
1320.000000	448.280396	2.815440
1321.000000	448.596558	2.812420
1322.000000	448.916779	2.811181
1323.000000	449.246857	2.808278
1324.000000	449.571045	2.805258
1325.000000	449.896576	2.804328
1326.000000	450.225952	2.802354
1327.000000	450.556274	2.800998
1328.000000	450.885773	2.799914
1329.000000	451.211304	2.798404
1330.000000	451.547394	2.796159
1331.000000	451.881195	2.794881
1332.000000	452.206726	2.791435
1333.000000	452.524841	2.790505
1334.000000	452.859711	2.786827
1335.000000	453.190948	2.785085
1336.000000	453.506104	2.784814
1337.000000	453.841309	2.781987
1338.000000	454.191101	2.779742
1339.000000	454.506866	2.776103
1340.000000	454.842651	2.773818
1341.000000	455.167725	2.772773
1342.000000	455.515320	2.769095
1343.000000	455.840698	2.767817
1344.000000	456.163849	2.766578
1345.000000	456.500244	2.764410
1346.000000	456.821808	2.760964
1347.000000	457.164307	2.760732
1348.000000	457.493195	2.757286
1349.000000	457.832123	2.755853
1350.000000	458.170013	2.752562
1351.000000	458.496826	2.751323
1352.000000	458.822266	2.749852
1353.000000	459.167175	2.748574
1354.000000	459.495392	2.746716
1355.000000	459.836029	2.743347
1356.000000	460.191101	2.742263
1357.000000	460.516296	2.740133
1358.000000	460.854858	2.737617
1359.000000	461.180115	2.735449
1360.000000	461.504669	2.732545
1361.000000	461.844666	2.731344
1362.000000	462.187439	2.729873
1363.000000	462.518005	2.728015
1364.000000	462.846710	2.725692
1365.000000	463.180664	2.723833
1366.000000	463.520050	2.721665
1367.000000	463.834320	2.720348
1368.000000	464.155365	2.719225
1369.000000	464.506775	2.715470
1370.000000	464.842621	2.714347
1371.000000	465.173920	2.711559
1372.000000	465.508057	2.708926
1373.000000	465.842377	2.707377
1374.000000	466.173218	2.705713
1375.000000	466.503693	2.703467
1376.000000	466.839783	2.703080
1377.000000	467.165283	2.701222
1378.000000	467.502716	2.699905
1379.000000	467.839539	2.698898
1380.000000	468.162964	2.695724
1381.000000	468.497559	2.696846
1382.000000	468.834412	2.693208
1383.000000	469.178162	2.691581
1384.000000	469.499146	2.691968
1385.000000	469.830597	2.689645
1386.000000	470.170258	2.685541
1387.000000	470.489838	2.685193
1388.000000	470.814880	2.682637
1389.000000	471.163574	2.681630
1390.000000	471.494812	2.680159
1391.000000	471.822632	2.677797
1392.000000	472.161255	2.675668
1393.000000	472.483185	2.676094
1394.000000	472.818146	2.672919
1395.000000	473.139099	2.671680
1396.000000	473.485291	2.669821
1397.000000	473.820190	2.668544
1398.000000	474.158051	2.666298
1399.000000	474.483887	2.666414
1400.000000	474.812012	2.661807
1401.000000	475.141388	2.659406
1402.000000	475.469513	2.656734
1403.000000	475.799744	2.655263
1404.000000	476.152588	2.656696
1405.000000	476.477417	2.652979
1406.000000	476.807373	2.652553
1407.000000	477.138947	2.650888
1408.000000	477.477722	2.650114
1409.000000	477.804688	2.648875
1410.000000	478.167603	2.646358
1411.000000	478.496124	2.644616
1412.000000	478.830597	2.641518
1413.000000	479.143921	2.639892
1414.000000	479.475525	2.638730
1415.000000	479.800171	2.635865
1416.000000	480.126312	2.633929
1417.000000	480.445587	2.634278
1418.000000	480.769714	2.632303
1419.000000	481.104767	2.628315
1420.000000	481.424011	2.629399
1421.000000	481.763031	2.628664
1422.000000	482.087097	2.625721
1423.000000	482.411255	2.625953
1424.000000	482.728607	2.624559
1425.000000	483.077728	2.622353
1426.000000	483.403687	2.622043
1427.000000	483.739532	2.621540
1428.000000	484.076447	2.618985
1429.000000	484.406525	2.616507
1430.000000	484.731689	2.613758
1431.000000	485.053101	2.612519
1432.000000	485.390167	2.611086
1433.000000	485.726990	2.610079
1434.000000	486.045776	2.609808
1435.000000	486.379150	2.607524
1436.000000	486.712494	2.605510
1437.000000	487.039581	2.603691
1438.000000	487.372162	2.602568
1439.000000	487.715271	2.602336
1440.000000	488.053345	2.601213
1441.000000	488.379486	2.599974
1442.000000	488.725372	2.598541
1443.000000	489.043488	2.597147
1444.000000	489.388275	2.596799
1445.000000	489.720886	2.594514
1446.000000	490.054626	2.592385
1447.000000	490.387695	2.591727
1448.000000	490.708679	2.590255
1449.000000	491.045990	2.589481
1450.000000	491.387634	2.586887
1451.000000	491.725342	2.585532
1452.000000	492.060303	2.584796
1453.000000	492.390076	2.582860
1454.000000	492.724121	2.583054
1455.000000	493.073029	2.579763
1456.000000	493.408813	2.580382
1457.000000	493.744812	2.578795
1458.000000	494.071777	2.576665
1459.000000	494.410828	2.576743
1460.000000	494.746429	2.575271
1461.000000	495.079712	2.572561
1462.000000	495.416779	2.571709
1463.000000	495.756866	2.569696
1464.000000	496.090424	2.566676
1465.000000	496.414429	2.564469
1466.000000	496.756714	2.564391
1467.000000	497.090454	2.562688
1468.000000	497.422119	2.561759
1469.000000	497.763794	2.560752
1470.000000	498.103394	2.558622
1471.000000	498.442017	2.556686
1472.000000	498.768921	2.556106
1473.000000	499.109955	2.556880
1474.000000	499.430420	2.553783
1475.000000	499.766937	2.553473
1476.000000	500.110779	2.552002
1477.000000	500.443970	2.551847
1478.000000	500.781860	2.549059
1479.000000	501.105255	2.547859
1480.000000	501.443481	2.547898
1481.000000	501.784943	2.545459
1482.000000	502.120239	2.543252
1483.000000	502.438812	2.541897
1484.000000	502.780273	2.540038
1485.000000	503.110443	2.537870
1486.000000	503.437836	2.536553
1487.000000	503.765747	2.534772
1488.000000	504.101105	2.534695
1489.000000	504.430450	2.531830
1490.000000	504.747650	2.530978
1491.000000	505.078705	2.530707
1492.000000	505.415894	2.529236
1493.000000	505.738525	2.528461
1494.000000	506.074554	2.525674
1495.000000	506.417603	2.528035
1496.000000	506.737335	2.524706
1497.000000	507.086273	2.524396
1498.000000	507.426758	2.522189
1499.000000	507.755890	2.520175
1500.000000	508.101837	2.518201
1501.000000	508.427765	2.517620
1502.000000	508.770294	2.514523
1503.000000	509.072937	2.513865
1504.000000	509.455933	2.512316
1505.000000	509.800323	2.509876
1506.000000	510.122833	2.509412
1507.000000	510.458862	2.508909
1508.000000	510.789246	2.508212
1509.000000	511.127533	2.505966
1510.000000	511.450226	2.504107
1511.000000	511.780853	2.503565
1512.000000	512.126282	2.502868
1513.000000	512.444153	2.502210
1514.000000	512.773926	2.500236
1515.000000	513.100708	2.500623
1516.000000	513.423035	2.499926
1517.000000	513.744629	2.498338
1518.000000	514.076233	2.495047
1519.000000	514.405518	2.497796
1520.000000	514.727600	2.494350
1521.000000	515.054382	2.492453
1522.000000	515.386902	2.492298
1523.000000	515.718384	2.489975
1524.000000	516.059692	2.490556
1525.000000	516.393555	2.486607
1526.000000	516.701538	2.485755
1527.000000	517.023621	2.485368
1528.000000	517.378113	2.482154
1529.000000	517.699219	2.482193
1530.000000	518.039978	2.480915
1531.000000	518.376160	2.479560
1532.000000	518.703369	2.477779
1533.000000	519.029053	2.476811
1534.000000	519.361389	2.476733
1535.000000	519.705627	2.476152
1536.000000	520.030701	2.474410
1537.000000	520.362549	2.472939
1538.000000	520.679199	2.473017
1539.000000	521.007202	2.469687
1540.000000	521.340576	2.467752
1541.000000	521.695679	2.464112
1542.000000	522.011902	2.463802
1543.000000	522.348938	2.462989
1544.000000	522.677368	2.462408
1545.000000	523.000610	2.461827
1546.000000	523.329102	2.460550
1547.000000	523.645386	2.458304
1548.000000	523.983826	2.457839
1549.000000	524.328308	2.455555
1550.000000	524.660889	2.454355
1551.000000	524.980896	2.454974
1552.000000	525.316345	2.454393
1553.000000	525.655273	2.451916
1554.000000	525.984680	2.449902
1555.000000	526.325073	2.449244
1556.000000	526.661804	2.447501
1557.000000	526.997070	2.447773
1558.000000	527.322388	2.444404
1559.000000	527.659790	2.443591
1560.000000	528.011292	2.442274
1561.000000	528.347839	2.438442
1562.000000	528.682434	2.436699
1563.000000	529.008179	2.436622
1564.000000	529.341797	2.433834
1565.000000	529.677246	2.434763
1566.000000	529.996765	2.432169
1567.000000	530.333008	2.432092
1568.000000	530.649658	2.430349
1569.000000	531.008179	2.430194
1570.000000	531.344971	2.428607
1571.000000	531.678711	2.430039
1572.000000	532.012085	2.427329
1573.000000	532.358032	2.426013
1574.000000	532.685547	2.424851
1575.000000	533.019775	2.423419
1576.000000	533.343567	2.420050
1577.000000	533.683533	2.421057
1578.000000	534.023926	2.420321
1579.000000	534.352539	2.417185
1580.000000	534.673828	2.415481
1581.000000	535.008606	2.413894
1582.000000	535.333191	2.414978
1583.000000	535.673523	2.410448
1584.000000	536.000305	2.411300
1585.000000	536.332764	2.410486
1586.000000	536.655945	2.407506
1587.000000	536.982361	2.407699
1588.000000	537.311340	2.408241
1589.000000	537.641357	2.405260
1590.000000	537.971802	2.405454
1591.000000	538.310059	2.402743
1592.000000	538.649170	2.402201
1593.000000	538.982239	2.402859
1594.000000	539.309326	2.401272
1595.000000	539.633728	2.399685
1596.000000	539.974609	2.398407
1597.000000	540.316162	2.398639
1598.000000	540.648438	2.397246
1599.000000	540.980469	2.394574
1600.000000	541.303406	2.393374
1601.000000	541.648315	2.392677
1602.000000	541.976318	2.391206
1603.000000	542.320251	2.391631
1604.000000	542.633301	2.390586
1605.000000	542.974792	2.387953
1606.000000	543.310120	2.386095
1607.000000	543.635986	2.382378
1608.000000	543.969116	2.382648
1609.000000	544.305115	2.381913
1610.000000	544.639160	2.381758
1611.000000	544.969971	2.380752
1612.000000	545.298096	2.378545
1613.000000	545.631836	2.376647
1614.000000	545.972290	2.376028
1615.000000	546.300964	2.375602
1616.000000	546.635925	2.374789
1617.000000	546.959229	2.371614
1618.000000	547.294922	2.370646
1619.000000	547.620361	2.368284
1620.000000	547.940552	2.368207
1621.000000	548.261047	2.367510
1622.000000	548.579163	2.365380
1623.000000	548.920105	2.365032
1624.000000	549.241577	2.362670
1625.000000	549.565674	2.360540
1626.000000	549.892456	2.359263
1627.000000	550.229370	2.357288
1628.000000	550.550781	2.357830
1629.000000	550.876953	2.357249
1630.000000	551.198486	2.354926
1631.000000	551.521301	2.355468
1632.000000	551.860840	2.353068
1633.000000	552.196045	2.352835
1634.000000	552.520508	2.351558
1635.000000	552.846924	2.350086
1636.000000	553.181396	2.350512
1637.000000	553.506592	2.348538
1638.000000	553.857666	2.348267
1639.000000	554.185913	2.345556
1640.000000	554.513428	2.345285
1641.000000	554.836243	2.342459
1642.000000	555.174316	2.340484
1643.000000	555.514221	2.338393
1644.000000	555.851746	2.335141
1645.000000	556.179443	2.335141
1646.000000	556.510925	2.334444
1647.000000	556.845459	2.333128
1648.000000	557.182251	2.331773
1649.000000	557.523376	2.329836
1650.000000	557.859009	2.330456
1651.000000	558.200623	2.328868
1652.000000	558.529785	2.326507
1653.000000	558.870544	2.326585
1654.000000	559.204224	2.324997
1655.000000	559.533264	2.325655
1656.000000	559.866150	2.323681
1657.000000	560.209900	2.321087
1658.000000	560.556885	2.320274
1659.000000	560.880371	2.318454
1660.000000	561.200195	2.315666
1661.000000	561.547729	2.315395
1662.000000	561.886719	2.315318
1663.000000	562.223694	2.313343
1664.000000	562.552002	2.310400
1665.000000	562.894409	2.309936
1666.000000	563.225159	2.309897
1667.000000	563.559509	2.308077
1668.000000	563.887634	2.307497
1669.000000	564.226563	2.305406
1670.000000	564.560791	2.305987
1671.000000	564.887939	2.305174
1672.000000	565.224792	2.303044
1673.000000	565.553345	2.301805
1674.000000	565.885498	2.303005
1675.000000	566.227844	2.300915
1676.000000	566.547119	2.299792
1677.000000	566.883606	2.298088
1678.000000	567.207825	2.295997
1679.000000	567.537170	2.295455
1680.000000	567.855591	2.295029
1681.000000	568.207336	2.294797
1682.000000	568.531616	2.292745
1683.000000	568.873718	2.290654
1684.000000	569.202820	2.288835
1685.000000	569.534851	2.287557
1686.000000	569.872681	2.287363
1687.000000	570.209595	2.284227
1688.000000	570.539856	2.282833
1689.000000	570.860840	2.284034
1690.000000	571.219238	2.282136
1691.000000	571.538879	2.280665
1692.000000	571.876282	2.279426
1693.000000	572.210510	2.276522
1694.000000	572.566895	2.277180
1695.000000	572.896484	2.276444
1696.000000	573.229858	2.274238
1697.000000	573.560425	2.273386
1698.000000	573.908203	2.270637
1699.000000	574.236938	2.268856
1700.000000	574.555054	2.268120
1701.000000	574.899841	2.265410
1702.000000	575.243164	2.265719
1703.000000	575.582947	2.264364
1704.000000	575.921570	2.261615
1705.000000	576.246826	2.263551
1706.000000	576.574280	2.259989
1707.000000	576.919678	2.258595
1708.000000	577.240967	2.257589
1709.000000	577.581665	2.256775
1710.000000	577.914185	2.255498
1711.000000	578.252441	2.254452
1712.000000	578.565125	2.253213
1713.000000	578.907715	2.253329
1714.000000	579.237061	2.251975
1715.000000	579.568481	2.249419
1716.000000	579.913208	2.247019
1717.000000	580.227173	2.247367
1718.000000	580.566528	2.242837
1719.000000	580.889404	2.242373
1720.000000	581.219543	2.239779
1721.000000	581.561890	2.239469
1722.000000	581.890198	2.239043
1723.000000	582.232788	2.236526
1724.000000	582.561462	2.237185
1725.000000	582.890015	2.234164
1726.000000	583.226074	2.233893
1727.000000	583.555054	2.232267
1728.000000	583.896240	2.231764
1729.000000	584.229858	2.230641
1730.000000	584.545532	2.229441
1731.000000	584.867249	2.228783
1732.000000	585.182861	2.226537
1733.000000	585.530029	2.227776
1734.000000	585.875977	2.224678
1735.000000	586.205505	2.224562
1736.000000	586.542175	2.225104
1737.000000	586.867554	2.220342
1738.000000	587.194458	2.221658
1739.000000	587.533447	2.218522
1740.000000	587.877380	2.216741
1741.000000	588.196777	2.214689
1742.000000	588.546387	2.213837
1743.000000	588.875061	2.214070
1744.000000	589.208984	2.211553
1745.000000	589.522339	2.211475
1746.000000	589.850891	2.210469
1747.000000	590.197571	2.207759
1748.000000	590.536011	2.206171
1749.000000	590.864807	2.203925
1750.000000	591.207275	2.203538
1751.000000	591.544312	2.205590
1752.000000	591.869141	2.203267
1753.000000	592.216797	2.202260
1754.000000	592.554993	2.200789
1755.000000	592.844543	2.200441
1756.000000	593.162659	2.199628
1757.000000	593.468872	2.198311
1758.000000	593.780029	2.197382
1759.000000	594.085632	2.194749
1760.000000	594.404907	2.195756
1761.000000	594.708008	2.193433
1762.000000	595.010864	2.192387
1763.000000	595.330200	2.192852
1764.000000	595.634949	2.188206
1765.000000	595.949463	2.187470
1766.000000	596.256836	2.184837
1767.000000	596.560486	2.184217
1768.000000	596.869568	2.184256
1769.000000	597.205505	2.184179
1770.000000	597.518311	2.182901
1771.000000	597.818909	2.180113
1772.000000	598.162415	2.180346
1773.000000	598.484253	2.179029
1774.000000	598.786072	2.176978
1775.000000	599.107178	2.178100
1776.000000	599.427002	2.173493
1777.000000	599.753357	2.173145
1778.000000	600.076416	2.170899
1779.000000	600.413696	2.169234
1780.000000	600.735901	2.171635
1781.000000	601.067200	2.166601
1782.000000	601.400085	2.165943
1783.000000	601.727783	2.167453
1784.000000	602.053101	2.164046
1785.000000	602.388977	2.163388
1786.000000	602.708984	2.160755
1787.000000	603.040955	2.160755
1788.000000	603.402100	2.158664
1789.000000	603.736328	2.158703
1790.000000	604.071777	2.157425
1791.000000	604.398193	2.155799
1792.000000	604.774719	2.155799
1793.000000	605.151367	2.153940
1794.000000	605.520569	2.152314
1795.000000	605.886108	2.151733
1796.000000	606.255127	2.151733
1797.000000	606.617798	2.150494
1798.000000	606.984314	2.149759
1799.000000	607.337830	2.147048
1800.000000	607.702271	2.145190
1801.000000	608.047363	2.143873
1802.000000	608.418213	2.141860
1803.000000	608.756653	2.140699
1804.000000	609.114502	2.138647
1805.000000	609.473755	2.138414
1806.000000	609.838013	2.135975
1807.000000	610.182922	2.135356
1808.000000	610.534668	2.133149
1809.000000	610.872803	2.133846
1810.000000	611.223633	2.132529
1811.000000	611.557129	2.133110
1812.000000	611.905334	2.130283
1813.000000	612.247742	2.128425
1814.000000	612.568970	2.126837
1815.000000	612.911072	2.125482
1816.000000	613.240479	2.126450
1817.000000	613.573669	2.122307
1818.000000	613.910706	2.122733
1819.000000	614.238098	2.119132
1820.000000	614.567810	2.119868
1821.000000	614.898499	2.119907
1822.000000	615.210999	2.117042
1823.000000	615.517334	2.116693
1824.000000	615.846375	2.114718
1825.000000	616.175781	2.112086
1826.000000	616.515869	2.112550
1827.000000	616.844971	2.111040
1828.000000	617.168457	2.110150
1829.000000	617.501587	2.109762
1830.000000	617.831055	2.107943
1831.000000	618.165771	2.107323
1832.000000	618.503418	2.106278
1833.000000	618.820923	2.105039
1834.000000	619.150391	2.105078
1835.000000	619.472839	2.104187
1836.000000	619.808350	2.103413
1837.000000	620.157532	2.101168
1838.000000	620.489990	2.100277
1839.000000	620.831055	2.099000
1840.000000	621.179199	2.096870
1841.000000	621.509277	2.096057
1842.000000	621.854492	2.095941
1843.000000	622.199097	2.095941
1844.000000	622.524902	2.092340
1845.000000	622.855957	2.091294
1846.000000	623.195740	2.090481
1847.000000	623.509644	2.088816
1848.000000	623.845093	2.086725
1849.000000	624.176758	2.085990
1850.000000	624.521118	2.085641
1851.000000	624.862061	2.083551
1852.000000	625.204163	2.084248
1853.000000	625.531738	2.082622
1854.000000	625.871704	2.081073
1855.000000	626.200500	2.079447
1856.000000	626.532288	2.079292
1857.000000	626.856445	2.077046
1858.000000	627.191772	2.077046
1859.000000	627.521973	2.074142
1860.000000	627.866394	2.073600
1861.000000	628.195679	2.071896
1862.000000	628.515015	2.072206
1863.000000	628.859619	2.068412
1864.000000	629.190674	2.067947
1865.000000	629.527161	2.067134
1866.000000	629.875244	2.066166
1867.000000	630.200562	2.065392
1868.000000	630.511841	2.061636
1869.000000	630.856262	2.062720
1870.000000	631.199219	2.061868
1871.000000	631.512207	2.060630
1872.000000	631.846680	2.060397
1873.000000	632.176025	2.058539
1874.000000	632.502808	2.058113
1875.000000	632.822693	2.055828
1876.000000	633.169434	2.056254
1877.000000	633.505188	2.053544
1878.000000	633.848755	2.053312
1879.000000	634.168396	2.051647
1880.000000	634.498596	2.050756
1881.000000	634.838440	2.048549
1882.000000	635.162109	2.045607
1883.000000	635.494568	2.044213
1884.000000	635.822327	2.043671
1885.000000	636.145020	2.041657
1886.000000	636.466980	2.040186
1887.000000	636.806641	2.038366
1888.000000	637.147339	2.040070
1889.000000	637.470703	2.037050
1890.000000	637.786865	2.034920
1891.000000	638.124268	2.035811
1892.000000	638.459229	2.035114
1893.000000	638.796387	2.033100
1894.000000	639.129272	2.032558
1895.000000	639.453613	2.031823
1896.000000	639.786499	2.031668
1897.000000	640.131409	2.030777
1898.000000	640.456177	2.027874
1899.000000	640.787598	2.026480
1900.000000	641.114319	2.025900
1901.000000	641.406250	2.026209
1902.000000	641.752808	2.026132
1903.000000	642.097961	2.020711
1904.000000	642.442139	2.024661
1905.000000	642.778381	2.020944
1906.000000	643.109985	2.018969
1907.000000	643.431335	2.017614
1908.000000	643.755493	2.015639
1909.000000	644.083069	2.015097
1910.000000	644.413757	2.014942
1911.000000	644.737427	2.014555
1912.000000	645.062744	2.011883
1913.000000	645.383789	2.010722
1914.000000	645.718628	2.009251
1915.000000	646.056030	2.009870
1916.000000	646.377502	2.008128
1917.000000	646.710327	2.009057
1918.000000	647.036377	2.007508
1919.000000	647.354614	2.006385
1920.000000	647.695618	2.005650
1921.000000	648.020813	2.006076
1922.000000	648.354065	2.004062
1923.000000	648.681152	2.004411
1924.000000	649.017517	2.002707
1925.000000	649.351563	2.000887
1926.000000	649.667419	2.001313
1927.000000	649.993958	1.998913
1928.000000	650.316406	1.997790
1929.000000	650.644714	1.996551
1930.000000	650.987610	1.995815
1931.000000	651.304871	1.993880
1932.000000	651.637024	1.993763
1933.000000	651.966736	1.992679
1934.000000	652.295532	1.992834
1935.000000	652.621338	1.991092
1936.000000	652.955139	1.989040
1937.000000	653.294128	1.988149
1938.000000	653.631165	1.987646
1939.000000	653.945313	1.987104
1940.000000	654.299988	1.984742
1941.000000	654.631958	1.982845
1942.000000	654.970215	1.982922
1943.000000	655.294250	1.981915
1944.000000	655.630493	1.980676
1945.000000	655.979004	1.980676
1946.000000	656.316650	1.980909
1947.000000	656.659668	1.978741
1948.000000	657.019043	1.976650
1949.000000	657.364319	1.975604
1950.000000	657.703491	1.975875
1951.000000	658.068909	1.972894
1952.000000	658.418213	1.971810
1953.000000	658.771362	1.970997
1954.000000	659.117188	1.968829
1955.000000	659.453552	1.968751
1956.000000	659.787781	1.969952
1957.000000	660.109375	1.968209
1958.000000	660.462158	1.964841
1959.000000	660.823730	1.962324
1960.000000	661.149902	1.961666
1961.000000	661.482910	1.962053
1962.000000	661.830017	1.961511
1963.000000	662.168457	1.961007
1964.000000	662.505981	1.959033
1965.000000	662.867371	1.956671
1966.000000	663.213074	1.957601
1967.000000	663.539673	1.957330
1968.000000	663.874084	1.955897
1969.000000	664.200989	1.955394
1970.000000	664.548340	1.953071
1971.000000	664.889221	1.953535
1972.000000	665.225464	1.952800
1973.000000	665.543701	1.952529
1974.000000	665.875366	1.949780
1975.000000	666.195435	1.945482
1976.000000	666.528748	1.946605
1977.000000	666.856445	1.946063
1978.000000	667.174866	1.946101
1979.000000	667.497925	1.944978
1980.000000	667.820618	1.942152
1981.000000	668.142273	1.942191
1982.000000	668.459473	1.941378
1983.000000	668.785400	1.940681
1984.000000	669.099243	1.939558
1985.000000	669.429749	1.935531
1986.000000	669.760925	1.936189
1987.000000	670.087585	1.934486
1988.000000	670.413818	1.934021
1989.000000	670.742371	1.933247
1990.000000	671.068481	1.932163
1991.000000	671.383240	1.931969
1992.000000	671.723145	1.931621
1993.000000	672.042480	1.930653
1994.000000	672.372131	1.930575
1995.000000	672.697632	1.928020
1996.000000	673.041260	1.927981
1997.000000	673.355469	1.926277
1998.000000	673.684265	1.925271
1999.000000	674.019348	1.924458
2000.000000	674.356445	1.921748
2001.000000	674.686340	1.921089
2002.000000	675.018738	1.920470
2003.000000	675.339844	1.918379
2004.000000	675.665039	1.918689
2005.000000	676.021606	1.916908
2006.000000	676.357178	1.916443
2007.000000	676.676575	1.915204
2008.000000	677.018066	1.914469
2009.000000	677.368896	1.913965
2010.000000	677.698120	1.914004
2011.000000	678.038940	1.912610
2012.000000	678.372803	1.909125
2013.000000	678.724976	1.909241
2014.000000	679.057922	1.908738
2015.000000	679.392761	1.909048
2016.000000	679.714478	1.907848
2017.000000	680.044861	1.908583
2018.000000	680.368835	1.905447
2019.000000	680.714355	1.904983
2020.000000	681.044434	1.904866
2021.000000	681.378174	1.903008
2022.000000	681.718018	1.902892
2023.000000	682.051697	1.902853
2024.000000	682.378418	1.901962
2025.000000	682.718872	1.899291
2026.000000	683.056335	1.900298
2027.000000	683.386963	1.899717
2028.000000	683.703979	1.899368
2029.000000	684.056396	1.896271
2030.000000	684.389587	1.893793
2031.000000	684.725952	1.891392
2032.000000	685.070251	1.894412
2033.000000	685.410645	1.891857
2034.000000	685.744568	1.891354
2035.000000	686.087402	1.890115
2036.000000	686.424316	1.889882
2037.000000	686.742676	1.888643
2038.000000	687.085327	1.885778
2039.000000	687.413513	1.887211
2040.000000	687.747314	1.886243
2041.000000	688.082947	1.883649
2042.000000	688.414368	1.884191
2043.000000	688.746094	1.883223
2044.000000	689.079773	1.883145
2045.000000	689.400757	1.880629
2046.000000	689.748047	1.878461
2047.000000	690.067444	1.879351
2048.000000	690.413391	1.879080
2049.000000	690.734863	1.876525
2050.000000	691.057678	1.875828
2051.000000	691.384338	1.875441
2052.000000	691.712891	1.872730
2053.000000	692.049866	1.872111
2054.000000	692.361572	1.871104
2055.000000	692.700623	1.870601
2056.000000	693.018005	1.869091
2057.000000	693.342285	1.869130
2058.000000	693.653809	1.867310
2059.000000	694.006470	1.865103
2060.000000	694.332397	1.865993
2061.000000	694.656250	1.864057
2062.000000	694.988464	1.864599
2063.000000	695.322998	1.863593
2064.000000	695.648132	1.863632
2065.000000	695.993408	1.861463
2066.000000	696.336426	1.861347
2067.000000	696.669434	1.861812
2068.000000	697.007935	1.859218
2069.000000	697.340820	1.858792
2070.000000	697.670837	1.858172
2071.000000	698.005676	1.857591
2072.000000	698.341248	1.857011
2073.000000	698.677734	1.853642
2074.000000	699.012207	1.852132
2075.000000	699.357300	1.850932
2076.000000	699.694824	1.852209
2077.000000	700.024353	1.851009
2078.000000	700.354004	1.849654
2079.000000	700.689026	1.849731
2080.000000	701.018066	1.847486
2081.000000	701.339600	1.846286
2082.000000	701.675476	1.844350
2083.000000	702.002441	1.841988
2084.000000	702.325684	1.842685
2085.000000	702.658020	1.843227
2086.000000	702.993164	1.842298
2087.000000	703.322815	1.838736
2088.000000	703.665894	1.838155
2089.000000	704.010742	1.839084
2090.000000	704.338806	1.836296
2091.000000	704.657959	1.835638
2092.000000	704.988281	1.835909
2093.000000	705.332825	1.834593
2094.000000	705.675354	1.835832
2095.000000	705.996033	1.834903
2096.000000	706.346436	1.833238
2097.000000	706.668884	1.833005
2098.000000	706.985535	1.832270
2099.000000	707.325195	1.832928
2100.000000	707.648926	1.833663
2101.000000	707.975586	1.830915
2102.000000	708.292114	1.830256
2103.000000	708.623047	1.830411
2104.000000	708.956116	1.828746
2105.000000	709.295837	1.827198
2106.000000	709.628174	1.825300
2107.000000	709.965088	1.824526
2108.000000	710.313049	1.824449
2109.000000	710.645630	1.823906
2110.000000	710.985413	1.821351
2111.000000	711.322266	1.822396
2112.000000	711.638367	1.821428
2113.000000	711.978088	1.821002
2114.000000	712.300842	1.820770
2115.000000	712.639648	1.819918
2116.000000	712.948975	1.817673
2117.000000	713.265625	1.816628
2118.000000	713.589844	1.816628
2119.000000	713.939209	1.817518
2120.000000	714.272949	1.814149
2121.000000	714.610596	1.815466
2122.000000	714.940857	1.813181
2123.000000	715.265137	1.812368
2124.000000	715.603943	1.810587
2125.000000	715.939758	1.811052
2126.000000	716.264832	1.811671
2127.000000	716.590515	1.810007
2128.000000	716.915466	1.810394
2129.000000	717.266113	1.810317
2130.000000	717.585999	1.809891
2131.000000	717.929321	1.808033
2132.000000	718.274353	1.807258
2133.000000	718.618042	1.806600
2134.000000	718.957825	1.806600
2135.000000	719.285156	1.807336
2136.000000	719.619568	1.805438
2137.000000	719.962280	1.805709
2138.000000	720.309326	1.804470
2139.000000	720.645386	1.804199
2140.000000	720.972595	1.801528
2141.000000	721.301208	1.802457
2142.000000	721.643311	1.801257
2143.000000	721.969299	1.799088
2144.000000	722.290771	1.799979
2145.000000	722.610657	1.797153
2146.000000	722.952881	1.797423
2147.000000	723.272034	1.795797
2148.000000	723.603210	1.796068
2149.000000	723.947205	1.795217
2150.000000	724.285095	1.794055
2151.000000	724.603027	1.795642
2152.000000	724.941406	1.793861
2153.000000	725.313232	1.792351
2154.000000	725.661743	1.791809
2155.000000	725.977478	1.790416
2156.000000	726.315186	1.792158
2157.000000	726.640015	1.791267
2158.000000	726.970825	1.788712
2159.000000	727.290588	1.786853
2160.000000	727.609863	1.787589
2161.000000	727.935303	1.785924
2162.000000	728.261292	1.785498
2163.000000	728.595276	1.784298
2164.000000	728.934509	1.785460
2165.000000	729.253113	1.782362
2166.000000	729.587585	1.785150
2167.000000	729.950073	1.781317
2168.000000	730.288086	1.781123
2169.000000	730.610229	1.782672
2170.000000	730.971741	1.778684
2171.000000	731.345398	1.778258
2172.000000	731.693237	1.777677
2173.000000	732.018860	1.777096
2174.000000	732.371521	1.776709
2175.000000	732.701782	1.774734
2176.000000	733.037354	1.771327
2177.000000	733.363525	1.772528
2178.000000	733.679565	1.773225
2179.000000	734.005066	1.771444
2180.000000	734.350342	1.770476
2181.000000	734.670288	1.770437
2182.000000	735.021729	1.767495
2183.000000	735.335754	1.768927
2184.000000	735.656921	1.768579
2185.000000	735.988892	1.767649
2186.000000	736.318726	1.765365
2187.000000	736.628601	1.766139
2188.000000	736.965515	1.765442
2189.000000	737.295044	1.763855
2190.000000	737.637573	1.763081
2191.000000	737.975464	1.764474
2192.000000	738.303833	1.762964
2193.000000	738.636719	1.762384
2194.000000	738.973877	1.761493
2195.000000	739.299927	1.760254
2196.000000	739.627197	1.759092
2197.000000	739.970093	1.759364
2198.000000	740.302490	1.758163
2199.000000	740.657654	1.758976
2200.000000	740.982239	1.757931
2201.000000	741.324463	1.759286
2202.000000	741.666077	1.756731
2203.000000	741.993774	1.755066
2204.000000	742.329102	1.754833
2205.000000	742.669678	1.754795
2206.000000	743.031433	1.755104
2207.000000	743.355469	1.753672
2208.000000	743.724487	1.752355
2209.000000	744.092773	1.752472
2210.000000	744.428711	1.751813
2211.000000	744.752747	1.749297
2212.000000	745.088135	1.748096
2213.000000	745.404785	1.748677
2214.000000	745.735596	1.745076
2215.000000	746.052246	1.744728
2216.000000	746.389160	1.746393
2217.000000	746.721252	1.746315
2218.000000	747.043823	1.744147
2219.000000	747.377136	1.745231
2220.000000	747.697998	1.742714
2221.000000	747.998230	1.740740
2222.000000	748.329590	1.740624
2223.000000	748.639709	1.739772
2224.000000	748.978760	1.740353
2225.000000	749.303345	1.737023
2226.000000	749.634644	1.737410
2227.000000	749.970154	1.739036
2228.000000	750.292603	1.736055
2229.000000	750.607544	1.735823
2230.000000	750.935120	1.733423
2231.000000	751.260986	1.733306
2232.000000	751.593689	1.733423
2233.000000	751.919800	1.734042
2234.000000	752.278748	1.733423
2235.000000	752.590576	1.732184
2236.000000	752.935364	1.731022
2237.000000	753.265991	1.730983
2238.000000	753.601013	1.730906
2239.000000	753.927490	1.728079
2240.000000	754.267700	1.729744
2241.000000	754.594055	1.727576
2242.000000	754.918396	1.726724
2243.000000	755.232239	1.728467
2244.000000	755.588135	1.724246
2245.000000	755.915833	1.725485
2246.000000	756.265137	1.723820
2247.000000	756.580383	1.721071
2248.000000	756.903137	1.723239
2249.000000	757.232178	1.722117
2250.000000	757.556519	1.719561
2251.000000	757.898193	1.719251
2252.000000	758.231934	1.720374
2253.000000	758.554932	1.718090
2254.000000	758.881592	1.718090
2255.000000	759.210632	1.717509
2256.000000	759.549561	1.715844
2257.000000	759.871338	1.715883
2258.000000	760.209167	1.714141
2259.000000	760.531311	1.714063
2260.000000	760.873047	1.713173
2261.000000	761.218994	1.711934
2262.000000	761.555725	1.712979
2263.000000	761.880737	1.711818
2264.000000	762.203125	1.712360
2265.000000	762.515015	1.711585
2266.000000	762.880737	1.712050
2267.000000	763.221008	1.711159
2268.000000	763.562317	1.711198
2269.000000	763.892456	1.710269
2270.000000	764.222656	1.709765
2271.000000	764.542114	1.709610
2272.000000	764.861938	1.707210
2273.000000	765.208801	1.706203
2274.000000	765.537537	1.706900
2275.000000	765.869385	1.708062
2276.000000	766.196045	1.706358
2277.000000	766.538574	1.705080
2278.000000	766.868164	1.705429
2279.000000	767.208191	1.702951
2280.000000	767.538513	1.703725
2281.000000	767.851990	1.702293
2282.000000	768.175842	1.701131
2283.000000	768.540283	1.703028
2284.000000	768.866638	1.701363
2285.000000	769.204285	1.698227
2286.000000	769.546509	1.700821
2287.000000	769.877991	1.698266
2288.000000	770.207642	1.698305
2289.000000	770.541443	1.696330
2290.000000	770.852051	1.697531
2291.000000	771.174316	1.697221
2292.000000	771.526550	1.697608
2293.000000	771.875000	1.694433
2294.000000	772.226379	1.694665
2295.000000	772.572266	1.693620
2296.000000	772.889343	1.694511
2297.000000	773.212219	1.693891
2298.000000	773.536865	1.690523
2299.000000	773.876892	1.689826
2300.000000	774.215271	1.691800
2301.000000	774.536865	1.688587
2302.000000	774.880493	1.688006
2303.000000	775.208252	1.688780
2304.000000	775.517639	1.687890
2305.000000	775.853699	1.687115
2306.000000	776.194946	1.687851
2307.000000	776.510132	1.686573
2308.000000	776.838623	1.684637
2309.000000	777.148804	1.686457
2310.000000	777.487305	1.684211
2311.000000	777.816895	1.683398
2312.000000	778.148071	1.683979
2313.000000	778.474915	1.682624
2314.000000	778.807739	1.682121
2315.000000	779.128174	1.680959
2316.000000	779.455078	1.679178
2317.000000	779.781921	1.678288
2318.000000	780.123718	1.678326
2319.000000	780.455627	1.677204
2320.000000	780.800537	1.676119
2321.000000	781.110413	1.678210
2322.000000	781.438965	1.677087
2323.000000	781.783875	1.674958
2324.000000	782.116089	1.674996
2325.000000	782.460938	1.673022
2326.000000	782.819885	1.673835
2327.000000	783.136902	1.670970
2328.000000	783.480408	1.670040
2329.000000	783.812622	1.670892
2330.000000	784.153564	1.670931
2331.000000	784.496704	1.669189
2332.000000	784.829834	1.667446
2333.000000	785.143677	1.667369
2334.000000	785.477295	1.667020
2335.000000	785.822815	1.666362
2336.000000	786.156006	1.664968
2337.000000	786.481384	1.665355
2338.000000	786.799683	1.664194
2339.000000	787.125671	1.664078
2340.000000	787.456604	1.664697
2341.000000	787.802063	1.663962
2342.000000	788.136597	1.663845
2343.000000	788.465210	1.662917
2344.000000	788.803467	1.662103
2345.000000	789.130615	1.661058
2346.000000	789.454773	1.661058
2347.000000	789.787598	1.661329
2348.000000	790.126343	1.660439
2349.000000	790.451660	1.659122
2350.000000	790.794739	1.658696
2351.000000	791.128662	1.657070
2352.000000	791.466919	1.659238
2353.000000	791.803040	1.658232
2354.000000	792.118408	1.657380
2355.000000	792.439148	1.656760
2356.000000	792.776184	1.654321
2357.000000	793.122498	1.654283
2358.000000	793.449219	1.653353
2359.000000	793.779907	1.652463
2360.000000	794.102783	1.651224
2361.000000	794.439453	1.653044
2362.000000	794.762146	1.652230
2363.000000	795.088135	1.647623
2364.000000	795.423340	1.648165
2365.000000	795.738037	1.648358
2366.000000	796.090027	1.647003
2367.000000	796.419678	1.644332
2368.000000	796.751465	1.644100
2369.000000	797.056152	1.645300
2370.000000	797.377319	1.644603
2371.000000	797.701050	1.643131
2372.000000	798.042969	1.641660
2373.000000	798.359009	1.641079
2374.000000	798.692017	1.641737
2375.000000	799.045959	1.639879
2376.000000	799.388977	1.638911
2377.000000	799.711670	1.639647
2378.000000	800.046631	1.639647
2379.000000	800.381104	1.638873
2380.000000	800.691162	1.637517
2381.000000	801.027527	1.637711
2382.000000	801.403748	1.638021
2383.000000	801.736145	1.635969
2384.000000	802.084473	1.635504
2385.000000	802.422546	1.635349
2386.000000	802.757751	1.635001
2387.000000	803.100098	1.634342
2388.000000	803.453796	1.634459
2389.000000	803.791992	1.634226
2390.000000	804.124207	1.633219
2391.000000	804.453369	1.632716
2392.000000	804.789185	1.631942
2393.000000	805.131897	1.630393
2394.000000	805.473816	1.633413
2395.000000	805.792297	1.630896
2396.000000	806.091064	1.631748
2397.000000	806.449463	1.629541
2398.000000	806.773499	1.628612
2399.000000	807.108032	1.628999
2400.000000	807.442871	1.628418
2401.000000	807.774597	1.627063
2402.000000	808.090393	1.625166
2403.000000	808.434570	1.625360
2404.000000	808.753601	1.624972
2405.000000	809.104492	1.625166
2406.000000	809.453674	1.624740
2407.000000	809.790771	1.622688
