0.000000	25.651125	10.215993
1.000000	25.666298	10.212780
2.000000	25.683413	10.213360
3.000000	25.715578	10.212702
4.000000	25.730873	10.213360
5.000000	25.762070	10.212470
6.000000	25.785738	10.211308
7.000000	25.823126	10.212701
8.000000	25.850800	10.212159
9.000000	25.886608	10.208947
10.000000	25.920717	10.210457
11.000000	25.967693	10.207706
12.000000	26.007626	10.207088
13.000000	26.052904	10.206661
14.000000	26.093325	10.205810
15.000000	26.150620	10.206080
16.000000	26.202084	10.203990
17.000000	26.254763	10.202518
18.000000	26.311449	10.200892
19.000000	26.358059	10.202868
20.000000	26.415234	10.200504
21.000000	26.481146	10.201008
22.000000	26.536373	10.198453
23.000000	26.603256	10.198607
24.000000	26.670626	10.197678
25.000000	26.729858	10.196981
26.000000	26.800262	10.198491
27.000000	26.858767	10.195781
28.000000	26.938881	10.195588
29.000000	27.012802	10.191909
30.000000	27.098623	10.192645
31.000000	27.175579	10.191444
32.000000	27.253143	10.192024
33.000000	27.328766	10.190670
34.000000	27.399651	10.189663
35.000000	27.476971	10.190245
36.000000	27.571774	10.188580
37.000000	27.656258	10.188890
38.000000	27.744987	10.187225
39.000000	27.832384	10.188192
40.000000	27.920631	10.187303
41.000000	28.012152	10.185793
42.000000	28.092873	10.185328
43.000000	28.183426	10.185406
44.000000	28.259655	10.185560
45.000000	28.351177	10.182774
46.000000	28.449377	10.183625
47.000000	28.531796	10.182927
48.000000	28.622467	10.182464
49.000000	28.717754	10.181069
50.000000	28.815224	10.179560
51.000000	28.907478	10.179985
52.000000	29.000824	10.178514
53.000000	29.099871	10.176772
54.000000	29.194307	10.177507
55.000000	29.292263	10.176966
56.000000	29.403084	10.174449
57.000000	29.510876	10.173985
58.000000	29.606768	10.172628
59.000000	29.720627	10.172707
60.000000	29.824770	10.171932
61.000000	29.933651	10.171661
62.000000	30.048239	10.171391
63.000000	30.162670	10.169685
64.000000	30.290192	10.169494
65.000000	30.407349	10.166782
66.000000	30.534979	10.166937
67.000000	30.680544	10.166782
68.000000	30.813591	10.166937
69.000000	30.953625	10.165699
70.000000	31.114000	10.162950
71.000000	31.276550	10.164305
72.000000	31.443428	10.163414
73.000000	31.610312	10.162949
74.000000	31.787786	10.162213
75.000000	31.980675	10.160664
76.000000	32.188492	10.160975
77.000000	32.389923	10.160780
78.000000	32.582695	10.160316
79.000000	32.816521	10.159116
80.000000	33.050949	10.158264
81.000000	33.293808	10.157568
82.000000	33.544003	10.157993
83.000000	33.802876	10.157916
84.000000	34.077881	10.155632
85.000000	34.357941	10.154624
86.000000	34.655941	10.154547
87.000000	34.945274	10.153812
88.000000	35.253994	10.152340
89.000000	35.569931	10.151643
90.000000	35.901886	10.150908
91.000000	36.235046	10.146494
92.000000	36.592529	10.146300
93.000000	36.935684	10.146919
94.000000	37.303635	10.146068
95.000000	37.680504	10.145603
96.000000	38.055805	10.144867
97.000000	38.450851	10.140957
98.000000	38.851318	10.139756
99.000000	39.258884	10.137704
100.000000	39.672352	10.133639
101.000000	40.087875	10.133638
102.000000	40.502350	10.134103
103.000000	40.910999	10.131510
104.000000	41.343327	10.126941
105.000000	41.786285	10.125778
106.000000	42.241070	10.123301
107.000000	42.688568	10.121249
108.000000	43.129498	10.116876
109.000000	43.571014	10.116410
110.000000	44.027126	10.115830
111.000000	44.480484	10.114163
112.000000	44.943756	10.111918
113.000000	45.388153	10.108047
114.000000	45.836731	10.107659
115.000000	46.290329	10.102936
116.000000	46.742485	10.101271
117.000000	47.190933	10.100109
118.000000	47.635574	10.094109
119.000000	48.083664	10.090740
120.000000	48.519215	10.088145
121.000000	48.959778	10.086945
122.000000	49.404297	10.084389
123.000000	49.846657	10.078969
124.000000	50.263676	10.077576
125.000000	50.693657	10.072697
126.000000	51.105484	10.068670
127.000000	51.520195	10.065998
128.000000	51.923851	10.064644
129.000000	52.322624	10.061855
130.000000	52.750774	10.058372
131.000000	53.145866	10.057016
132.000000	53.541313	10.053957
133.000000	53.926056	10.049351
134.000000	54.314362	10.048615
135.000000	54.688755	10.042265
136.000000	55.055420	10.040058
137.000000	55.421734	10.036922
138.000000	55.788517	10.031307
139.000000	56.143406	10.026699
140.000000	56.485455	10.023408
141.000000	56.840580	10.020699
142.000000	57.168468	10.014659
143.000000	57.517181	10.013922
144.000000	57.852207	10.009392
145.000000	58.174992	10.007961
146.000000	58.498123	10.001572
147.000000	58.825420	9.997622
148.000000	59.139397	9.994061
149.000000	59.447662	9.988833
150.000000	59.751537	9.986355
151.000000	60.052078	9.984690
152.000000	60.353214	9.976754
153.000000	60.641266	9.974740
154.000000	60.926464	9.971177
155.000000	61.220440	9.967072
156.000000	61.503815	9.963587
157.000000	61.786949	9.961807
158.000000	62.059185	9.959641
159.000000	62.331299	9.954646
160.000000	62.621189	9.951509
161.000000	62.882172	9.949961
162.000000	63.154999	9.943842
163.000000	63.426517	9.943069
164.000000	63.697800	9.936370
165.000000	63.961876	9.936526
166.000000	64.225220	9.930214
167.000000	64.487854	9.924484
168.000000	64.751083	9.919528
169.000000	65.010162	9.916779
170.000000	65.273163	9.915889
171.000000	65.527267	9.912327
172.000000	65.790741	9.909422
173.000000	66.065468	9.905899
174.000000	66.335808	9.901175
175.000000	66.600807	9.898620
176.000000	66.868782	9.895018
177.000000	67.134621	9.892502
178.000000	67.402946	9.886115
179.000000	67.686432	9.886501
180.000000	67.955711	9.880422
181.000000	68.234818	9.876396
182.000000	68.517715	9.874073
183.000000	68.795753	9.870588
184.000000	69.078300	9.867878
185.000000	69.368652	9.864123
186.000000	69.652504	9.860830
187.000000	69.941078	9.860638
188.000000	70.232628	9.855643
189.000000	70.528084	9.854752
190.000000	70.838943	9.848480
191.000000	71.132622	9.846350
192.000000	71.439865	9.841278
193.000000	71.754745	9.838529
194.000000	72.075180	9.835663
195.000000	72.392059	9.833419
196.000000	72.711067	9.826294
197.000000	73.044762	9.824939
198.000000	73.360451	9.821571
199.000000	73.690117	9.818048
200.000000	74.021431	9.815300
201.000000	74.348724	9.813674
202.000000	74.695198	9.809994
203.000000	75.023682	9.806897
204.000000	75.376076	9.800354
205.000000	75.727867	9.798689
206.000000	76.077179	9.794352
207.000000	76.426849	9.789629
208.000000	76.788940	9.789860
209.000000	77.155655	9.786066
210.000000	77.488747	9.784634
211.000000	77.875465	9.777393
212.000000	78.242897	9.777626
213.000000	78.610085	9.773637
214.000000	78.982819	9.769958
215.000000	79.344337	9.765468
216.000000	79.721100	9.764422
217.000000	80.084740	9.761325
218.000000	80.447670	9.758459
219.000000	80.824089	9.756601
220.000000	81.198135	9.752499
221.000000	81.579895	9.750834
222.000000	81.949081	9.746730
223.000000	82.316383	9.743283
224.000000	82.700150	9.740457
225.000000	83.077271	9.737359
226.000000	83.451569	9.732635
227.000000	83.824554	9.731937
228.000000	84.192101	9.727215
229.000000	84.574318	9.722878
230.000000	84.954994	9.718929
231.000000	85.319695	9.717613
232.000000	85.696350	9.713547
233.000000	86.068504	9.711960
234.000000	86.430962	9.709481
235.000000	86.773529	9.704100
236.000000	87.135033	9.703558
237.000000	87.527428	9.697865
238.000000	87.889763	9.693607
239.000000	88.246292	9.691012
240.000000	88.617508	9.689889
241.000000	88.972610	9.687296
242.000000	89.316605	9.683154
243.000000	89.666046	9.682961
244.000000	90.018066	9.676688
245.000000	90.363235	9.675099
246.000000	90.709015	9.673551
247.000000	91.054291	9.669021
248.000000	91.407158	9.666890
249.000000	91.751961	9.665535
250.000000	92.063934	9.662827
251.000000	92.418098	9.662129
252.000000	92.751289	9.659768
253.000000	93.080551	9.655509
254.000000	93.413986	9.653882
255.000000	93.740768	9.651095
256.000000	94.075981	9.649663
257.000000	94.394699	9.644280
258.000000	94.722656	9.642229
259.000000	95.038055	9.642460
260.000000	95.341576	9.638279
261.000000	95.670967	9.635840
262.000000	96.007599	9.636033
263.000000	96.311592	9.632858
264.000000	96.626274	9.628367
265.000000	96.938820	9.626431
266.000000	97.249939	9.625347
267.000000	97.571144	9.622017
268.000000	97.886292	9.621319
269.000000	98.191833	9.619577
270.000000	98.507469	9.616403
271.000000	98.813843	9.615047
272.000000	99.120567	9.613382
273.000000	99.429672	9.611330
274.000000	99.739006	9.608193
275.000000	100.026031	9.607536
276.000000	100.347473	9.605251
277.000000	100.670349	9.600411
278.000000	100.972572	9.598630
279.000000	101.275383	9.596657
280.000000	101.587448	9.595379
281.000000	101.898926	9.595146
282.000000	102.200684	9.593947
283.000000	102.514221	9.590424
284.000000	102.828217	9.590540
285.000000	103.141380	9.590036
286.000000	103.460144	9.588837
287.000000	103.771263	9.585042
288.000000	104.082405	9.584655
289.000000	104.394737	9.582447
290.000000	104.713257	9.579970
291.000000	105.032478	9.579002
292.000000	105.341011	9.577685
293.000000	105.664169	9.576563
294.000000	105.974350	9.572845
295.000000	106.302498	9.572922
296.000000	106.622688	9.571373
297.000000	106.946686	9.569129
298.000000	107.268524	9.569283
299.000000	107.600616	9.568316
300.000000	107.938660	9.566959
301.000000	108.241341	9.566960
302.000000	108.584618	9.565372
303.000000	108.928246	9.563591
304.000000	109.250801	9.562584
305.000000	109.589081	9.561578
306.000000	109.922363	9.561695
307.000000	110.253258	9.560378
308.000000	110.597374	9.558480
309.000000	110.934578	9.557125
310.000000	111.274986	9.556931
311.000000	111.611359	9.556816
312.000000	111.961777	9.553331
313.000000	112.292206	9.554415
314.000000	112.643524	9.552518
315.000000	113.004539	9.551937
316.000000	113.345711	9.550814
317.000000	113.686020	9.549459
318.000000	114.030891	9.546943
319.000000	114.382813	9.544813
320.000000	114.728882	9.544000
321.000000	115.086914	9.542064
322.000000	115.439804	9.542295
323.000000	115.785385	9.540863
324.000000	116.134796	9.542954
325.000000	116.478600	9.540011
326.000000	116.831589	9.538269
327.000000	117.187119	9.538075
328.000000	117.535934	9.535481
329.000000	117.886658	9.535172
330.000000	118.239891	9.535637
331.000000	118.579865	9.534475
332.000000	118.925339	9.534244
333.000000	119.270676	9.531881
334.000000	119.621765	9.530448
335.000000	119.948578	9.529867
336.000000	120.321320	9.529867
337.000000	120.659126	9.527351
338.000000	121.002930	9.525493
339.000000	121.339890	9.528319
340.000000	121.683075	9.524757
341.000000	122.026878	9.525222
342.000000	122.369247	9.524719
343.000000	122.700241	9.522281
344.000000	123.044464	9.522396
345.000000	123.381798	9.522512
346.000000	123.707214	9.522474
347.000000	124.053467	9.519414
348.000000	124.383347	9.520808
349.000000	124.709740	9.519802
350.000000	125.051758	9.518291
351.000000	125.388008	9.517479
352.000000	125.730293	9.518292
353.000000	126.064362	9.517479
354.000000	126.399544	9.518098
355.000000	126.725586	9.516627
356.000000	127.063644	9.515776
357.000000	127.392441	9.515815
358.000000	127.723999	9.513761
359.000000	128.055908	9.514033
360.000000	128.381104	9.514111
361.000000	128.703751	9.512871
362.000000	129.041931	9.511941
363.000000	129.354980	9.513025
364.000000	129.690994	9.511438
365.000000	130.014023	9.511322
366.000000	130.342346	9.510859
367.000000	130.666687	9.512019
368.000000	130.990784	9.508767
369.000000	131.304657	9.509116
370.000000	131.641281	9.508495
371.000000	131.964050	9.508844
372.000000	132.291885	9.508690
373.000000	132.613953	9.510393
374.000000	132.931686	9.506521
375.000000	133.261230	9.504547
376.000000	133.587204	9.504741
377.000000	133.908783	9.505089
378.000000	134.234940	9.504972
379.000000	134.559891	9.506134
380.000000	134.876404	9.501488
381.000000	135.199310	9.502572
382.000000	135.520752	9.500946
383.000000	135.853348	9.500520
384.000000	136.170670	9.502030
385.000000	136.492142	9.500054
386.000000	136.825439	9.499553
387.000000	137.152832	9.502147
388.000000	137.481796	9.500907
389.000000	137.783875	9.500287
390.000000	138.123489	9.497384
391.000000	138.451843	9.496803
392.000000	138.772949	9.497150
393.000000	139.104919	9.495756
394.000000	139.436188	9.498699
395.000000	139.763321	9.498429
396.000000	140.091797	9.496300
397.000000	140.420273	9.496338
398.000000	140.755508	9.496725
399.000000	141.082047	9.494828
400.000000	141.412949	9.494287
401.000000	141.745758	9.494441
402.000000	142.073151	9.496300
403.000000	142.396545	9.495990
404.000000	142.716675	9.496571
405.000000	143.070313	9.494944
406.000000	143.409348	9.494402
407.000000	143.750732	9.494441
408.000000	144.073074	9.493240
409.000000	144.411377	9.494518
410.000000	144.744308	9.492931
411.000000	145.080170	9.492195
412.000000	145.412842	9.493009
413.000000	145.756973	9.494596
414.000000	146.086395	9.493512
415.000000	146.438293	9.490878
416.000000	146.775848	9.490994
417.000000	147.123749	9.491073
418.000000	147.455215	9.491305
419.000000	147.783173	9.492815
420.000000	148.112457	9.491692
421.000000	148.458771	9.492118
422.000000	148.796570	9.492040
423.000000	149.140442	9.491074
424.000000	149.483246	9.492001
425.000000	149.804138	9.491111
426.000000	150.156143	9.490220
427.000000	150.490555	9.491614
428.000000	150.828354	9.490685
429.000000	151.166260	9.490840
430.000000	151.503708	9.490492
431.000000	151.826324	9.489252
432.000000	152.189789	9.490608
433.000000	152.518936	9.490995
434.000000	152.854660	9.489174
435.000000	153.193787	9.491305
436.000000	153.530762	9.490646
437.000000	153.872696	9.488400
438.000000	154.199722	9.487511
439.000000	154.545532	9.488789
440.000000	154.892166	9.489872
441.000000	155.240051	9.488671
442.000000	155.576065	9.488479
443.000000	155.909164	9.487975
444.000000	156.249084	9.488130
445.000000	156.592819	9.488632
446.000000	156.930908	9.489679
447.000000	157.260696	9.488671
448.000000	157.608459	9.488671
449.000000	157.948013	9.487897
450.000000	158.272430	9.488130
451.000000	158.616150	9.488904
452.000000	158.957306	9.488362
453.000000	159.289063	9.488556
454.000000	159.618591	9.487354
455.000000	159.956085	9.489059
456.000000	160.292969	9.487975
457.000000	160.618225	9.485226
458.000000	160.963654	9.486542
459.000000	161.295288	9.487316
460.000000	161.610779	9.485729
461.000000	161.959381	9.484839
462.000000	162.292603	9.487007
463.000000	162.627014	9.485226
464.000000	162.957184	9.485845
465.000000	163.286118	9.485729
466.000000	163.610046	9.485845
467.000000	163.938126	9.487163
468.000000	164.280121	9.486891
469.000000	164.619797	9.485923
470.000000	164.951477	9.484296
471.000000	165.276917	9.484839
472.000000	165.612640	9.485148
473.000000	165.949890	9.484064
474.000000	166.265747	9.485381
475.000000	166.594360	9.485188
476.000000	166.940414	9.483832
477.000000	167.270630	9.484219
478.000000	167.590317	9.484219
479.000000	167.935028	9.485148
480.000000	168.253586	9.483831
481.000000	168.582581	9.484297
482.000000	168.907761	9.481857
483.000000	169.248047	9.482787
484.000000	169.578522	9.483600
485.000000	169.923218	9.484375
486.000000	170.243637	9.483639
487.000000	170.579010	9.482632
488.000000	170.914642	9.481510
489.000000	171.239944	9.483562
490.000000	171.572998	9.483793
491.000000	171.905304	9.482399
492.000000	172.238098	9.482128
493.000000	172.579971	9.480618
494.000000	172.913513	9.482322
495.000000	173.257095	9.481741
496.000000	173.589661	9.481006
497.000000	173.922333	9.480038
498.000000	174.264465	9.479882
499.000000	174.599045	9.481277
500.000000	174.937927	9.482051
501.000000	175.276459	9.481431
502.000000	175.604630	9.480309
503.000000	175.939819	9.480463
504.000000	176.274292	9.478450
505.000000	176.621155	9.479650
506.000000	176.947128	9.480037
507.000000	177.283188	9.477753
508.000000	177.630676	9.479961
509.000000	177.959595	9.479572
510.000000	178.289871	9.480386
511.000000	178.635269	9.478642
512.000000	178.968018	9.476553
513.000000	179.296555	9.478489
514.000000	179.644409	9.477947
515.000000	179.967300	9.477559
516.000000	180.310608	9.478063
517.000000	180.643234	9.477134
518.000000	180.980270	9.477559
519.000000	181.312881	9.475701
520.000000	181.637878	9.474655
521.000000	181.985229	9.478179
522.000000	182.328781	9.477289
523.000000	182.654633	9.477559
524.000000	182.986145	9.475701
525.000000	183.321335	9.475624
526.000000	183.665268	9.475353
527.000000	184.008560	9.474693
528.000000	184.323349	9.476707
529.000000	184.669373	9.475353
530.000000	185.000504	9.474541
531.000000	185.343933	9.475857
532.000000	185.687485	9.475198
533.000000	186.021591	9.473534
534.000000	186.357758	9.475700
535.000000	186.691467	9.474462
536.000000	187.031357	9.473571
537.000000	187.364441	9.473610
538.000000	187.695190	9.475779
539.000000	188.018845	9.474231
540.000000	188.364975	9.473495
541.000000	188.687500	9.473572
542.000000	189.027863	9.471867
543.000000	189.364182	9.472797
544.000000	189.685089	9.474694
545.000000	190.008224	9.472914
546.000000	190.336060	9.472680
547.000000	190.672592	9.472991
548.000000	191.013428	9.471868
549.000000	191.348877	9.471713
550.000000	191.666245	9.471481
551.000000	192.003021	9.473649
552.000000	192.330353	9.471404
553.000000	192.673035	9.470900
554.000000	193.007874	9.472332
555.000000	193.340988	9.470087
556.000000	193.651199	9.470086
557.000000	194.017883	9.471171
558.000000	194.352844	9.470435
559.000000	194.688385	9.470319
560.000000	195.025757	9.471287
561.000000	195.365295	9.470474
562.000000	195.695084	9.470978
563.000000	196.036423	9.469390
564.000000	196.372986	9.469933
565.000000	196.715042	9.470978
566.000000	197.052856	9.470280
567.000000	197.390015	9.469274
568.000000	197.726685	9.469544
569.000000	198.044556	9.469933
570.000000	198.402115	9.468809
571.000000	198.746033	9.469235
572.000000	199.086548	9.468577
573.000000	199.426895	9.468073
574.000000	199.756195	9.469274
575.000000	200.089920	9.467648
576.000000	200.439011	9.467648
577.000000	200.779480	9.469234
578.000000	201.109039	9.468538
579.000000	201.447327	9.469738
580.000000	201.792236	9.468422
581.000000	202.135788	9.468460
582.000000	202.478699	9.467571
583.000000	202.822754	9.466640
584.000000	203.155762	9.465403
585.000000	203.495255	9.468074
586.000000	203.829483	9.466485
587.000000	204.179688	9.466796
588.000000	204.511429	9.466099
589.000000	204.861618	9.466990
590.000000	205.195938	9.466370
591.000000	205.530045	9.467183
592.000000	205.863907	9.467260
593.000000	206.192017	9.466602
594.000000	206.539124	9.466524
595.000000	206.872482	9.465015
596.000000	207.210785	9.465672
597.000000	207.549927	9.467221
598.000000	207.878632	9.464937
599.000000	208.202042	9.464936
600.000000	208.542908	9.464355
601.000000	208.874573	9.465092
602.000000	209.210632	9.465168
603.000000	209.536179	9.463853
604.000000	209.868546	9.463814
605.000000	210.200821	9.464396
606.000000	210.526703	9.463621
607.000000	210.860962	9.465441
608.000000	211.194702	9.462962
609.000000	211.527954	9.462536
610.000000	211.860565	9.465402
611.000000	212.179611	9.464511
612.000000	212.511856	9.463891
613.000000	212.853943	9.463737
614.000000	213.188202	9.463194
615.000000	213.518372	9.463388
616.000000	213.849655	9.461879
617.000000	214.177734	9.460678
618.000000	214.516159	9.462382
619.000000	214.845840	9.462924
620.000000	215.174194	9.462343
621.000000	215.504120	9.462189
622.000000	215.844452	9.460678
623.000000	216.175430	9.461220
624.000000	216.494690	9.460794
625.000000	216.831665	9.460407
626.000000	217.153732	9.460175
627.000000	217.478607	9.459517
628.000000	217.815109	9.458936
629.000000	218.150238	9.460020
630.000000	218.476730	9.458432
631.000000	218.813446	9.459556
632.000000	219.147385	9.459400
633.000000	219.488174	9.456652
634.000000	219.823914	9.457852
635.000000	220.159561	9.457349
636.000000	220.495941	9.458549
637.000000	220.824112	9.457349
638.000000	221.162445	9.457118
639.000000	221.500549	9.453981
640.000000	221.839981	9.454833
641.000000	222.175385	9.456343
642.000000	222.515549	9.454794
643.000000	222.853149	9.456846
644.000000	223.194519	9.458665
645.000000	223.528091	9.455066
646.000000	223.866791	9.455453
647.000000	224.208069	9.454407
648.000000	224.548508	9.454949
649.000000	224.888550	9.454872
650.000000	225.231995	9.454678
651.000000	225.568375	9.453400
652.000000	225.913940	9.452006
653.000000	226.252625	9.451735
654.000000	226.580414	9.449335
655.000000	226.922211	9.449800
656.000000	227.269501	9.449761
657.000000	227.600464	9.451504
658.000000	227.945435	9.450188
659.000000	228.268448	9.448676
660.000000	228.607834	9.447283
661.000000	228.955978	9.451039
662.000000	229.283127	9.449568
663.000000	229.621277	9.449567
664.000000	229.955261	9.446818
665.000000	230.297333	9.448057
666.000000	230.626953	9.445695
667.000000	230.945572	9.445618
668.000000	231.293839	9.445347
669.000000	231.625305	9.445076
670.000000	231.962097	9.443992
671.000000	232.296967	9.444378
672.000000	232.636719	9.443179
673.000000	232.971191	9.443373
674.000000	233.302383	9.443217
675.000000	233.612595	9.442249
676.000000	233.960251	9.442558
677.000000	234.300476	9.442249
678.000000	234.642273	9.441009
679.000000	234.970398	9.442172
680.000000	235.303467	9.440311
681.000000	235.634277	9.440584
682.000000	235.973511	9.438144
683.000000	236.308762	9.438066
684.000000	236.640808	9.434814
685.000000	236.969131	9.436401
686.000000	237.318665	9.436557
687.000000	237.640762	9.436710
688.000000	237.975876	9.436324
689.000000	238.296722	9.435162
690.000000	238.621841	9.433228
691.000000	238.957932	9.434388
692.000000	239.278336	9.431331
693.000000	239.639053	9.431756
694.000000	239.970993	9.429666
695.000000	240.291016	9.429240
696.000000	240.617325	9.427226
697.000000	240.950974	9.426723
698.000000	241.294846	9.428040
699.000000	241.619202	9.425677
700.000000	241.953461	9.425175
701.000000	242.295227	9.424399
702.000000	242.624481	9.424438
703.000000	242.953262	9.424788
704.000000	243.282776	9.423780
705.000000	243.627197	9.423277
706.000000	243.944672	9.422503
707.000000	244.280029	9.420024
708.000000	244.612442	9.421806
709.000000	244.948746	9.420644
710.000000	245.284195	9.419443
711.000000	245.618698	9.417973
712.000000	245.948059	9.418824
713.000000	246.292648	9.417817
714.000000	246.627319	9.417121
715.000000	246.971252	9.415146
716.000000	247.312180	9.417082
717.000000	247.656097	9.414527
718.000000	247.987442	9.414063
719.000000	248.319870	9.413017
720.000000	248.653244	9.412320
721.000000	248.979752	9.411583
722.000000	249.324280	9.411390
723.000000	249.657318	9.408371
724.000000	249.990723	9.405892
725.000000	250.327393	9.403840
726.000000	250.666809	9.401904
727.000000	251.000977	9.402678
728.000000	251.335205	9.402640
729.000000	251.667984	9.399658
730.000000	252.005508	9.400665
731.000000	252.340256	9.396561
732.000000	252.683441	9.395090
733.000000	253.024338	9.395709
734.000000	253.361252	9.394857
735.000000	253.690552	9.393579
736.000000	254.022354	9.392805
737.000000	254.363983	9.391721
738.000000	254.693283	9.391140
739.000000	255.025085	9.391992
740.000000	255.364441	9.388935
741.000000	255.700256	9.386806
742.000000	256.037628	9.384676
743.000000	256.361603	9.382739
744.000000	256.706818	9.382816
745.000000	257.042053	9.382855
746.000000	257.384979	9.381112
747.000000	257.723877	9.378517
748.000000	258.049957	9.375304
749.000000	258.384674	9.376040
750.000000	258.728210	9.374181
751.000000	259.050537	9.370812
752.000000	259.385742	9.370930
753.000000	259.714111	9.370697
754.000000	260.045563	9.369806
755.000000	260.376770	9.367716
756.000000	260.712128	9.366671
757.000000	261.047668	9.367716
758.000000	261.374084	9.363419
759.000000	261.712067	9.363070
760.000000	262.011627	9.361212
761.000000	262.368378	9.359315
762.000000	262.715881	9.356604
763.000000	263.047119	9.355210
764.000000	263.384857	9.353081
765.000000	263.705811	9.350836
766.000000	264.037476	9.348047
767.000000	264.376617	9.347855
768.000000	264.715210	9.344795
769.000000	265.041992	9.344640
770.000000	265.371552	9.341698
771.000000	265.700439	9.339954
772.000000	266.035553	9.336238
773.000000	266.365936	9.335968
774.000000	266.704163	9.331050
775.000000	267.043518	9.330082
776.000000	267.376587	9.326829
777.000000	267.703156	9.325785
778.000000	268.032501	9.323189
779.000000	268.364838	9.320092
780.000000	268.697998	9.320596
781.000000	269.024689	9.317305
782.000000	269.357635	9.315796
783.000000	269.686737	9.314400
784.000000	270.018219	9.312078
785.000000	270.342529	9.308284
786.000000	270.682556	9.305496
787.000000	270.999298	9.301197
788.000000	271.328003	9.300346
789.000000	271.649597	9.297249
790.000000	271.988525	9.295391
791.000000	272.333649	9.291519
792.000000	272.673309	9.288964
793.000000	273.003693	9.285015
794.000000	273.349457	9.283775
795.000000	273.681915	9.279711
796.000000	274.010742	9.276651
797.000000	274.347168	9.273593
798.000000	274.695557	9.269566
799.000000	275.033997	9.269372
800.000000	275.358673	9.265849
801.000000	275.690308	9.263371
802.000000	276.039764	9.261860
803.000000	276.378571	9.257060
804.000000	276.723816	9.252529
805.000000	277.061646	9.249509
806.000000	277.408539	9.247574
807.000000	277.736664	9.242966
808.000000	278.078857	9.238861
809.000000	278.416504	9.235378
810.000000	278.718170	9.232976
811.000000	279.081177	9.227016
812.000000	279.425995	9.224499
813.000000	279.757080	9.221828
814.000000	280.099152	9.219233
815.000000	280.434082	9.214314
816.000000	280.761322	9.208429
817.000000	281.110962	9.203126
818.000000	281.445251	9.198750
819.000000	281.784943	9.196697
820.000000	282.122223	9.193601
821.000000	282.458313	9.188295
822.000000	282.806519	9.184696
823.000000	283.142975	9.179275
824.000000	283.476196	9.175751
825.000000	283.803101	9.170601
826.000000	284.147095	9.168511
827.000000	284.466797	9.163477
828.000000	284.818939	9.158601
829.000000	285.144775	9.156007
830.000000	285.478943	9.150818
831.000000	285.810150	9.145241
832.000000	286.152832	9.139549
833.000000	286.479156	9.134170
834.000000	286.816193	9.128438
835.000000	287.138916	9.123560
836.000000	287.467133	9.120346
837.000000	287.809479	9.114693
838.000000	288.152344	9.111440
839.000000	288.472473	9.107143
840.000000	288.811005	9.099632
841.000000	289.134308	9.094560
842.000000	289.464661	9.088482
843.000000	289.781189	9.083215
844.000000	290.122101	9.075509
845.000000	290.453674	9.070942
846.000000	290.779114	9.066102
847.000000	291.108856	9.063082
848.000000	291.454773	9.056307
849.000000	291.793457	9.049298
850.000000	292.117004	9.043762
851.000000	292.450928	9.037953
852.000000	292.786255	9.030598
853.000000	293.114227	9.025524
854.000000	293.449219	9.020260
855.000000	293.760742	9.013754
856.000000	294.114258	9.004539
857.000000	294.442322	8.998810
858.000000	294.774811	8.993467
859.000000	295.109009	8.988163
860.000000	295.430054	8.981967
861.000000	295.768127	8.972598
862.000000	296.096283	8.969230
863.000000	296.417114	8.963576
864.000000	296.778168	8.958116
865.000000	297.104340	8.951921
866.000000	297.434570	8.944099
867.000000	297.766602	8.936551
868.000000	298.109619	8.927608
869.000000	298.441895	8.922458
870.000000	298.764984	8.916184
871.000000	299.118225	8.910069
872.000000	299.448120	8.901665
873.000000	299.783905	8.894270
874.000000	300.125977	8.888423
875.000000	300.454895	8.880254
876.000000	300.793213	8.872743
877.000000	301.121765	8.868599
878.000000	301.452698	8.863026
879.000000	301.792786	8.855320
880.000000	302.109131	8.847808
881.000000	302.454163	8.840452
882.000000	302.787109	8.831741
883.000000	303.119995	8.825392
884.000000	303.452087	8.819467
885.000000	303.789795	8.808160
886.000000	304.122986	8.801230
887.000000	304.430176	8.796082
888.000000	304.770264	8.787989
889.000000	305.105682	8.778580
890.000000	305.444214	8.772696
891.000000	305.763519	8.767315
892.000000	306.091827	8.761273
893.000000	306.425507	8.751206
894.000000	306.749786	8.745979
895.000000	307.077881	8.739436
896.000000	307.414276	8.730260
897.000000	307.747955	8.723561
898.000000	308.065002	8.718605
899.000000	308.399567	8.706448
900.000000	308.738464	8.698744
901.000000	309.074463	8.692356
902.000000	309.389862	8.685308
903.000000	309.739349	8.678649
904.000000	310.070099	8.671448
905.000000	310.404663	8.663897
906.000000	310.740997	8.655340
907.000000	311.082031	8.648643
908.000000	311.416626	8.640318
909.000000	311.748718	8.633582
910.000000	312.087067	8.627039
911.000000	312.431458	8.618171
912.000000	312.761963	8.607949
913.000000	313.080688	8.602258
914.000000	313.422974	8.595793
915.000000	313.782715	8.587545
916.000000	314.111206	8.579065
917.000000	314.446777	8.572639
918.000000	314.778442	8.565670
919.000000	315.119507	8.557423
920.000000	315.450073	8.550646
921.000000	315.795776	8.542322
922.000000	316.129639	8.533262
923.000000	316.465942	8.527300
924.000000	316.794250	8.518821
925.000000	317.128204	8.508986
926.000000	317.469269	8.501204
927.000000	317.803864	8.494001
928.000000	318.134644	8.486607
929.000000	318.473450	8.477934
930.000000	318.811890	8.470772
931.000000	319.143433	8.463066
932.000000	319.496094	8.454548
933.000000	319.821411	8.447773
934.000000	320.152710	8.438441
935.000000	320.487091	8.430039
936.000000	320.828247	8.425005
937.000000	321.149536	8.413855
938.000000	321.490997	8.403557
939.000000	321.813110	8.397710
940.000000	322.129181	8.389695
941.000000	322.475159	8.381951
942.000000	322.818848	8.375679
943.000000	323.143433	8.369213
944.000000	323.488922	8.360269
945.000000	323.816467	8.351363
946.000000	324.144501	8.341645
947.000000	324.486908	8.333401
948.000000	324.819641	8.327321
949.000000	325.172058	8.318027
950.000000	325.510010	8.307690
951.000000	325.844879	8.301186
952.000000	326.181488	8.293751
953.000000	326.500305	8.283801
954.000000	326.841309	8.277644
955.000000	327.177948	8.267735
956.000000	327.501678	8.258634
957.000000	327.840210	8.252245
958.000000	328.173889	8.243767
959.000000	328.508423	8.234164
960.000000	328.838745	8.225917
961.000000	329.164429	8.216624
962.000000	329.492645	8.208455
963.000000	329.832489	8.198620
964.000000	330.168701	8.190102
965.000000	330.486755	8.181198
966.000000	330.824707	8.174306
967.000000	331.135620	8.166291
968.000000	331.473114	8.157192
969.000000	331.792816	8.148327
970.000000	332.119629	8.137833
971.000000	332.445557	8.128426
972.000000	332.770386	8.119675
973.000000	333.114197	8.109221
974.000000	333.436066	8.100355
975.000000	333.769440	8.091411
976.000000	334.105103	8.081809
977.000000	334.420654	8.075418
978.000000	334.739990	8.062913
979.000000	335.060944	8.056293
980.000000	335.380737	8.046149
981.000000	335.702087	8.035619
982.000000	336.018768	8.024894
983.000000	336.333862	8.014942
984.000000	336.651947	8.005573
985.000000	336.987793	7.996977
986.000000	337.295624	7.987142
987.000000	337.635620	7.978006
988.000000	337.965698	7.970185
989.000000	338.280365	7.957524
990.000000	338.610962	7.947535
991.000000	338.941559	7.937042
992.000000	339.269409	7.928290
993.000000	339.605011	7.915746
994.000000	339.937500	7.906376
995.000000	340.268616	7.893716
996.000000	340.609009	7.884231
997.000000	340.935822	7.875596
998.000000	341.255524	7.866149
999.000000	341.604370	7.854610
1000.000000	341.941040	7.841911
1001.000000	342.286987	7.829986
1002.000000	342.631226	7.817984
1003.000000	342.970856	7.806871
1004.000000	343.306091	7.796843
1005.000000	343.657745	7.786234
1006.000000	343.983063	7.775587
1007.000000	344.339691	7.764590
1008.000000	344.694977	7.752975
1009.000000	345.043610	7.740160
1010.000000	345.379395	7.729435
1011.000000	345.727295	7.718168
1012.000000	346.066284	7.704771
1013.000000	346.409210	7.690754
1014.000000	346.760529	7.679411
1015.000000	347.102539	7.667447
1016.000000	347.439880	7.654631
1017.000000	347.772614	7.641738
1018.000000	348.127808	7.625709
1019.000000	348.471375	7.612467
1020.000000	348.815247	7.600349
1021.000000	349.155853	7.586759
1022.000000	349.500305	7.575413
1023.000000	349.850952	7.561359
1024.000000	350.188171	7.546143
1025.000000	350.535675	7.533094
1026.000000	350.873169	7.519001
1027.000000	351.190186	7.503747
1028.000000	351.536407	7.489227
1029.000000	351.871216	7.474707
1030.000000	352.211304	7.461079
1031.000000	352.549713	7.445244
1032.000000	352.864777	7.428789
1033.000000	353.209259	7.412991
1034.000000	353.547485	7.396496
1035.000000	353.876953	7.382288
1036.000000	354.210419	7.367652
1037.000000	354.533569	7.348642
1038.000000	354.876465	7.332612
1039.000000	355.205750	7.316002
1040.000000	355.535950	7.297998
1041.000000	355.862152	7.282589
1042.000000	356.202148	7.263461
1043.000000	356.534088	7.247199
1044.000000	356.859100	7.228189
1045.000000	357.180939	7.209219
1046.000000	357.529541	7.191988
1047.000000	357.852539	7.174719
1048.000000	358.183105	7.154779
1049.000000	358.507446	7.136582
1050.000000	358.841431	7.115790
1051.000000	359.170410	7.095734
1052.000000	359.493927	7.077730
1053.000000	359.833008	7.055778
1054.000000	360.147339	7.035527
1055.000000	360.473480	7.014542
1056.000000	360.799591	6.995494
1057.000000	361.130829	6.974663
1058.000000	361.463959	6.953561
1059.000000	361.786011	6.932847
1060.000000	362.098297	6.908688
1061.000000	362.463196	6.887121
1062.000000	362.800812	6.865089
1063.000000	363.127075	6.839847
1064.000000	363.465881	6.816267
1065.000000	363.791046	6.793306
1066.000000	364.126587	6.770540
1067.000000	364.459473	6.745799
1068.000000	364.796875	6.721600
1069.000000	365.116577	6.697247
1070.000000	365.452454	6.672389
1071.000000	365.794952	6.645635
1072.000000	366.132690	6.620817
1073.000000	366.472198	6.593792
1074.000000	366.797394	6.568857
1075.000000	367.132996	6.542490
1076.000000	367.458984	6.513916
1077.000000	367.810913	6.487278
1078.000000	368.138428	6.460369
1079.000000	368.470947	6.430710
1080.000000	368.813232	6.404150
1081.000000	369.149811	6.376350
1082.000000	369.486084	6.344602
1083.000000	369.828186	6.314828
1084.000000	370.189453	6.285518
1085.000000	370.553833	6.254505
1086.000000	370.912109	6.222368
1087.000000	371.276215	6.196234
1088.000000	371.640656	6.162743
1089.000000	372.008362	6.132155
1090.000000	372.368103	6.099516
1091.000000	372.750610	6.067999
1092.000000	373.124969	6.037141
1093.000000	373.493286	6.004269
1094.000000	373.865692	5.971785
1095.000000	374.234100	5.938797
1096.000000	374.607910	5.902479
1097.000000	374.979004	5.868949
1098.000000	375.340912	5.834799
1099.000000	375.705383	5.800650
1100.000000	376.075165	5.765145
1101.000000	376.427429	5.731306
1102.000000	376.770966	5.696227
1103.000000	377.138672	5.659213
1104.000000	377.511810	5.620687
1105.000000	377.867798	5.587120
1106.000000	378.209900	5.551769
1107.000000	378.549316	5.513981
1108.000000	378.909790	5.477585
1109.000000	379.246674	5.440261
1110.000000	379.580811	5.404408
1111.000000	379.908630	5.367858
1112.000000	380.246552	5.329798
1113.000000	380.581665	5.291893
1114.000000	380.916779	5.254995
1115.000000	381.242950	5.217284
1116.000000	381.563263	5.179223
1117.000000	381.889160	5.143526
1118.000000	382.214142	5.107711
1119.000000	382.538788	5.070620
1120.000000	382.855927	5.032171
1121.000000	383.179901	4.996164
1122.000000	383.489075	4.961550
1123.000000	383.820038	4.923800
1124.000000	384.124207	4.888450
1125.000000	384.444092	4.850584
1126.000000	384.771027	4.813801
1127.000000	385.082703	4.779884
1128.000000	385.405823	4.744495
1129.000000	385.725800	4.708875
1130.000000	386.027191	4.676584
1131.000000	386.369446	4.641195
1132.000000	386.704712	4.604878
1133.000000	387.018799	4.571967
1134.000000	387.346497	4.539987
1135.000000	387.675446	4.505062
1136.000000	387.999023	4.473043
1137.000000	388.335205	4.439357
1138.000000	388.667542	4.407803
1139.000000	388.988434	4.377138
1140.000000	389.324066	4.344963
1141.000000	389.654297	4.313601
1142.000000	389.991302	4.284601
1143.000000	390.318970	4.253743
1144.000000	390.654358	4.222381
1145.000000	390.975647	4.197408
1146.000000	391.323456	4.167750
1147.000000	391.663055	4.136349
1148.000000	391.990417	4.112112
1149.000000	392.334534	4.085474
1150.000000	392.672241	4.056318
1151.000000	393.001495	4.029952
1152.000000	393.349884	4.004475
1153.000000	393.675659	3.978960
1154.000000	394.016479	3.956117
1155.000000	394.357208	3.929555
1156.000000	394.691040	3.908531
1157.000000	395.028717	3.885533
1158.000000	395.361847	3.861141
1159.000000	395.702332	3.838955
1160.000000	396.037170	3.819712
1161.000000	396.376129	3.800160
1162.000000	396.699585	3.778554
1163.000000	397.032379	3.759079
1164.000000	397.373535	3.738288
1165.000000	397.711182	3.720091
1166.000000	398.054718	3.702048
1167.000000	398.379822	3.684934
1168.000000	398.713074	3.669176
1169.000000	399.046631	3.649779
1170.000000	399.377777	3.636498
1171.000000	399.698639	3.621204
1172.000000	400.024902	3.607342
1173.000000	400.356384	3.595263
1174.000000	400.708984	3.579505
1175.000000	401.041016	3.565411
1176.000000	401.358185	3.553060
1177.000000	401.687744	3.540438
1178.000000	402.021484	3.529055
1179.000000	402.357178	3.519182
1180.000000	402.695343	3.509038
1181.000000	403.024292	3.496183
1182.000000	403.359406	3.487123
1183.000000	403.683502	3.475701
1184.000000	404.024292	3.470010
1185.000000	404.343384	3.455645
1186.000000	404.678070	3.447204
1187.000000	405.001892	3.439655
1188.000000	405.334930	3.431602
1189.000000	405.669952	3.423858
1190.000000	406.001099	3.419909
1191.000000	406.316559	3.413946
1192.000000	406.665100	3.403492
1193.000000	407.003845	3.398458
1194.000000	407.340210	3.392418
1195.000000	407.659424	3.384791
1196.000000	407.994751	3.378634
1197.000000	408.335632	3.372207
1198.000000	408.654785	3.368491
1199.000000	408.989319	3.364736
1200.000000	409.331818	3.355637
1201.000000	409.662140	3.351687
1202.000000	409.992523	3.346848
1203.000000	410.328949	3.344098
1204.000000	410.659119	3.339220
1205.000000	411.000763	3.333838
1206.000000	411.329285	3.329927
1207.000000	411.669281	3.327410
1208.000000	412.016113	3.322958
1209.000000	412.344177	3.320325
1210.000000	412.680420	3.316530
1211.000000	413.004486	3.312620
1212.000000	413.344849	3.309832
1213.000000	413.691498	3.306502
1214.000000	414.012054	3.301740
1215.000000	414.350861	3.299998
1216.000000	414.680054	3.296823
1217.000000	415.009460	3.293572
1218.000000	415.344177	3.288499
1219.000000	415.663605	3.286641
1220.000000	416.011597	3.283582
1221.000000	416.342865	3.278316
1222.000000	416.661987	3.278007
1223.000000	416.989197	3.275219
1224.000000	417.321960	3.272779
1225.000000	417.636261	3.269140
1226.000000	417.977631	3.266042
1227.000000	418.314575	3.264223
1228.000000	418.647217	3.258802
1229.000000	418.983765	3.255240
1230.000000	419.292664	3.253653
1231.000000	419.629974	3.251910
1232.000000	419.955566	3.249471
1233.000000	420.284119	3.247070
1234.000000	420.599548	3.244709
1235.000000	420.938110	3.242037
1236.000000	421.265472	3.239791
1237.000000	421.588318	3.237352
1238.000000	421.920898	3.235145
1239.000000	422.239349	3.232125
1240.000000	422.582275	3.229260
1241.000000	422.905457	3.227246
1242.000000	423.236755	3.224962
1243.000000	423.575195	3.223104
1244.000000	423.896271	3.220356
1245.000000	424.228058	3.220781
1246.000000	424.563812	3.218535
1247.000000	424.878845	3.216367
1248.000000	425.212585	3.212921
1249.000000	425.543640	3.211295
1250.000000	425.876984	3.208546
1251.000000	426.218506	3.206688
1252.000000	426.557861	3.203978
1253.000000	426.899506	3.201461
1254.000000	427.223389	3.198712
1255.000000	427.546814	3.198441
1256.000000	427.883789	3.194414
1257.000000	428.227051	3.191587
1258.000000	428.551300	3.188877
1259.000000	428.889740	3.186244
1260.000000	429.220215	3.183882
1261.000000	429.560791	3.183379
1262.000000	429.893982	3.180940
1263.000000	430.213074	3.176487
1264.000000	430.565216	3.174706
1265.000000	430.917572	3.173119
1266.000000	431.247009	3.169944
1267.000000	431.592163	3.166692
1268.000000	431.926697	3.164988
1269.000000	432.267517	3.160070
1270.000000	432.600098	3.156431
1271.000000	432.938965	3.153992
1272.000000	433.287628	3.152946
1273.000000	433.603699	3.150817
1274.000000	433.943604	3.148571
1275.000000	434.291779	3.147603
1276.000000	434.621460	3.145707
1277.000000	434.966736	3.142880
1278.000000	435.293945	3.141177
1279.000000	435.644806	3.139086
1280.000000	435.965210	3.137228
1281.000000	436.313171	3.134091
1282.000000	436.645203	3.130723
1283.000000	436.989014	3.127432
1284.000000	437.311371	3.126580
1285.000000	437.645050	3.127277
1286.000000	437.988892	3.123482
1287.000000	438.321381	3.122514
1288.000000	438.647308	3.119726
1289.000000	438.977905	3.117713
1290.000000	439.311127	3.116397
1291.000000	439.647827	3.114616
1292.000000	439.987640	3.113454
1293.000000	440.310150	3.110357
1294.000000	440.635101	3.108537
1295.000000	440.974884	3.103852
1296.000000	441.312775	3.103620
1297.000000	441.631348	3.099709
1298.000000	441.960541	3.102613
1299.000000	442.287964	3.097618
1300.000000	442.636597	3.093708
1301.000000	442.976349	3.093437
1302.000000	443.293793	3.090997
1303.000000	443.628021	3.089255
1304.000000	443.961456	3.085190
1305.000000	444.283203	3.082363
1306.000000	444.626953	3.080117
1307.000000	444.947845	3.079769
1308.000000	445.285492	3.076555
1309.000000	445.609070	3.075162
1310.000000	445.947205	3.073884
1311.000000	446.276367	3.071562
1312.000000	446.607361	3.069470
1313.000000	446.926758	3.064089
1314.000000	447.251831	3.065057
1315.000000	447.588074	3.061378
1316.000000	447.915070	3.056655
1317.000000	448.238464	3.055687
1318.000000	448.558594	3.053945
1319.000000	448.902863	3.052357
1320.000000	449.230743	3.051505
1321.000000	449.557251	3.050111
1322.000000	449.878662	3.048950
1323.000000	450.218536	3.046898
1324.000000	450.549988	3.043645
1325.000000	450.878265	3.042213
1326.000000	451.209106	3.038689
1327.000000	451.533051	3.034740
1328.000000	451.863800	3.032572
1329.000000	452.201202	3.033423
1330.000000	452.519379	3.031410
1331.000000	452.849152	3.028313
1332.000000	453.192963	3.027267
1333.000000	453.522064	3.023744
1334.000000	453.856201	3.023163
1335.000000	454.183929	3.022660
1336.000000	454.506622	3.020995
1337.000000	454.849609	3.019988
1338.000000	455.173279	3.016039
1339.000000	455.511108	3.017162
1340.000000	455.843353	3.014335
1341.000000	456.167480	3.011238
1342.000000	456.490601	3.007172
1343.000000	456.827637	3.009767
1344.000000	457.166534	3.006785
1345.000000	457.498627	3.004694
1346.000000	457.829102	3.002797
1347.000000	458.170349	2.999894
1348.000000	458.500519	2.999661
1349.000000	458.822052	2.996797
1350.000000	459.163208	2.996332
1351.000000	459.505646	2.992808
1352.000000	459.847931	2.989944
1353.000000	460.177673	2.988317
1354.000000	460.513275	2.986072
1355.000000	460.840515	2.981890
1356.000000	461.168457	2.982355
1357.000000	461.511261	2.979954
1358.000000	461.856628	2.981271
1359.000000	462.190186	2.976353
1360.000000	462.510834	2.976160
1361.000000	462.847992	2.974688
1362.000000	463.189575	2.974069
1363.000000	463.520844	2.973294
1364.000000	463.856476	2.970778
1365.000000	464.186218	2.968648
1366.000000	464.520844	2.964892
1367.000000	464.864349	2.964854
1368.000000	465.189484	2.963731
1369.000000	465.525726	2.959433
1370.000000	465.861359	2.958543
1371.000000	466.197449	2.955987
1372.000000	466.548370	2.955445
1373.000000	466.872009	2.952580
1374.000000	467.203491	2.951109
1375.000000	467.541443	2.949947
1376.000000	467.869965	2.948050
1377.000000	468.211945	2.946811
1378.000000	468.537292	2.944875
1379.000000	468.890991	2.943985
1380.000000	469.225616	2.938912
1381.000000	469.559906	2.938835
1382.000000	469.887299	2.934692
1383.000000	470.213013	2.932291
1384.000000	470.548676	2.933259
1385.000000	470.886353	2.931207
1386.000000	471.201263	2.929039
1387.000000	471.532837	2.928420
1388.000000	471.867615	2.926909
1389.000000	472.198029	2.926213
1390.000000	472.527618	2.923465
1391.000000	472.856537	2.922923
1392.000000	473.191010	2.922767
1393.000000	473.532318	2.920250
1394.000000	473.852386	2.919283
1395.000000	474.177368	2.918508
1396.000000	474.510498	2.917386
1397.000000	474.833527	2.914211
1398.000000	475.167114	2.913049
1399.000000	475.486816	2.912004
1400.000000	475.829956	2.910842
1401.000000	476.158936	2.908287
1402.000000	476.497894	2.906351
1403.000000	476.831818	2.904957
1404.000000	477.168152	2.902827
1405.000000	477.497589	2.901008
1406.000000	477.843262	2.900582
1407.000000	478.187592	2.900040
1408.000000	478.528198	2.898530
1409.000000	478.872437	2.895703
1410.000000	479.204956	2.894387
1411.000000	479.523804	2.892257
1412.000000	479.859467	2.892141
1413.000000	480.183228	2.889160
1414.000000	480.508728	2.887805
1415.000000	480.834076	2.885443
1416.000000	481.162231	2.885210
1417.000000	481.489288	2.881261
1418.000000	481.822540	2.880874
1419.000000	482.139160	2.879441
1420.000000	482.477661	2.878396
1421.000000	482.800049	2.878938
1422.000000	483.137482	2.875608
1423.000000	483.463562	2.875763
1424.000000	483.791931	2.873246
1425.000000	484.122559	2.872511
1426.000000	484.443848	2.869646
1427.000000	484.770386	2.868445
1428.000000	485.094421	2.869065
1429.000000	485.421265	2.864922
1430.000000	485.762085	2.864225
1431.000000	486.099976	2.861515
1432.000000	486.412537	2.861011
1433.000000	486.727966	2.858223
1434.000000	487.066406	2.857062
1435.000000	487.401611	2.854971
1436.000000	487.738770	2.855126
1437.000000	488.072876	2.853422
1438.000000	488.411407	2.851990
1439.000000	488.746338	2.850906
1440.000000	489.083344	2.848119
1441.000000	489.411407	2.848777
1442.000000	489.756927	2.845873
1443.000000	490.082642	2.845524
1444.000000	490.412109	2.846027
1445.000000	490.734467	2.842931
1446.000000	491.079346	2.842272
1447.000000	491.423035	2.839136
1448.000000	491.757599	2.838749
1449.000000	492.096283	2.835226
1450.000000	492.438599	2.834916
1451.000000	492.782104	2.834606
1452.000000	493.117218	2.833832
1453.000000	493.437683	2.830153
1454.000000	493.779877	2.830424
1455.000000	494.113892	2.829418
1456.000000	494.452728	2.829340
1457.000000	494.800171	2.827095
1458.000000	495.141785	2.826088
1459.000000	495.477631	2.825739
1460.000000	495.814453	2.824113
1461.000000	496.153107	2.822874
1462.000000	496.489868	2.821403
1463.000000	496.828949	2.821519
1464.000000	497.170105	2.818305
1465.000000	497.510986	2.819467
1466.000000	497.843872	2.816950
1467.000000	498.171265	2.816834
1468.000000	498.510101	2.814511
1469.000000	498.839478	2.814395
1470.000000	499.167328	2.812923
1471.000000	499.495972	2.811607
1472.000000	499.818146	2.809439
1473.000000	500.163818	2.808161
1474.000000	500.469177	2.805335
1475.000000	500.803802	2.805916
1476.000000	501.157959	2.805180
1477.000000	501.476440	2.802896
1478.000000	501.797455	2.801037
1479.000000	502.139893	2.801734
1480.000000	502.467773	2.798908
1481.000000	502.786865	2.796817
1482.000000	503.106537	2.794765
1483.000000	503.433350	2.795539
1484.000000	503.777771	2.792016
1485.000000	504.082306	2.791783
1486.000000	504.423279	2.789383
1487.000000	504.746918	2.790196
1488.000000	505.072510	2.786285
1489.000000	505.403564	2.785666
1490.000000	505.739685	2.783613
1491.000000	506.062103	2.783497
1492.000000	506.382324	2.782181
1493.000000	506.689392	2.781716
1494.000000	507.043488	2.779819
1495.000000	507.380554	2.778000
1496.000000	507.710236	2.776490
1497.000000	508.036133	2.775871
1498.000000	508.367035	2.774670
1499.000000	508.704681	2.773702
1500.000000	509.048035	2.773547
1501.000000	509.379517	2.772618
1502.000000	509.722595	2.770373
1503.000000	510.057495	2.767508
1504.000000	510.407318	2.767391
1505.000000	510.740662	2.766036
1506.000000	511.074402	2.766694
1507.000000	511.411407	2.763791
1508.000000	511.745056	2.763326
1509.000000	512.084473	2.761855
1510.000000	512.403442	2.759648
1511.000000	512.759766	2.758835
1512.000000	513.091187	2.756395
1513.000000	513.426758	2.756744
1514.000000	513.750854	2.753646
1515.000000	514.084229	2.753917
1516.000000	514.424316	2.752020
1517.000000	514.743652	2.753259
1518.000000	515.089783	2.750123
1519.000000	515.406982	2.750045
1520.000000	515.753296	2.747490
1521.000000	516.089722	2.747722
1522.000000	516.408081	2.747103
1523.000000	516.750427	2.744896
1524.000000	517.077271	2.741876
1525.000000	517.409424	2.742302
1526.000000	517.725037	2.739359
1527.000000	518.063293	2.738507
1528.000000	518.390015	2.737268
1529.000000	518.717468	2.736688
1530.000000	519.038086	2.735603
1531.000000	519.378174	2.732932
1532.000000	519.704468	2.731848
1533.000000	520.026001	2.730376
1534.000000	520.343384	2.731848
1535.000000	520.694336	2.729563
1536.000000	521.022644	2.728789
1537.000000	521.343506	2.726466
1538.000000	521.667542	2.726814
1539.000000	522.000122	2.726117
1540.000000	522.326904	2.724646
1541.000000	522.659912	2.723368
1542.000000	522.985657	2.723097
1543.000000	523.325195	2.722284
1544.000000	523.645569	2.719303
1545.000000	523.982056	2.719380
1546.000000	524.306885	2.721006
1547.000000	524.637939	2.717444
1548.000000	524.960693	2.715741
1549.000000	525.302246	2.715431
1550.000000	525.629761	2.713960
1551.000000	525.959045	2.713689
1552.000000	526.294922	2.711094
1553.000000	526.621887	2.711133
1554.000000	526.949280	2.707610
1555.000000	527.272217	2.707068
1556.000000	527.604736	2.708268
1557.000000	527.930847	2.702383
1558.000000	528.279297	2.704667
1559.000000	528.594238	2.702887
1560.000000	528.927063	2.700448
1561.000000	529.249268	2.699441
1562.000000	529.577271	2.699131
1563.000000	529.916382	2.697775
1564.000000	530.252441	2.697582
1565.000000	530.585083	2.695724
1566.000000	530.927124	2.694446
1567.000000	531.265686	2.692472
1568.000000	531.596008	2.691272
1569.000000	531.926941	2.694175
1570.000000	532.256836	2.691697
1571.000000	532.595093	2.687864
1572.000000	532.926208	2.685657
1573.000000	533.276062	2.686006
1574.000000	533.612061	2.681901
1575.000000	533.933289	2.681359
1576.000000	534.283325	2.681437
1577.000000	534.617676	2.680933
1578.000000	534.954712	2.679114
1579.000000	535.296448	2.678649
1580.000000	535.621765	2.678765
1581.000000	535.946350	2.677410
1582.000000	536.290405	2.676016
1583.000000	536.639709	2.672648
1584.000000	536.971375	2.673190
1585.000000	537.294678	2.672570
1586.000000	537.638184	2.668737
1587.000000	537.976563	2.667537
1588.000000	538.300232	2.667033
1589.000000	538.645325	2.665214
1590.000000	538.990356	2.664362
1591.000000	539.322754	2.661497
1592.000000	539.654541	2.660219
1593.000000	540.000610	2.657586
1594.000000	540.336914	2.656657
1595.000000	540.674133	2.657393
1596.000000	541.016602	2.654489
1597.000000	541.342773	2.656038
1598.000000	541.678955	2.655612
1599.000000	542.026794	2.653405
1600.000000	542.364746	2.650656
1601.000000	542.695801	2.649881
1602.000000	543.029541	2.649029
1603.000000	543.361511	2.649533
1604.000000	543.696045	2.648720
1605.000000	544.035339	2.645739
1606.000000	544.370178	2.645584
1607.000000	544.700562	2.644615
1608.000000	545.026855	2.640434
1609.000000	545.339233	2.642292
1610.000000	545.696777	2.639311
1611.000000	546.018250	2.637220
1612.000000	546.359497	2.634742
1613.000000	546.688110	2.636291
1614.000000	547.012939	2.633155
1615.000000	547.331055	2.635168
1616.000000	547.655762	2.632535
1617.000000	548.000000	2.629903
1618.000000	548.334473	2.629012
1619.000000	548.658691	2.629902
1620.000000	548.991455	2.629322
1621.000000	549.324219	2.626805
1622.000000	549.650146	2.627347
1623.000000	549.986145	2.626495
1624.000000	550.310547	2.624985
1625.000000	550.641663	2.624482
1626.000000	550.975342	2.623281
1627.000000	551.306580	2.622043
1628.000000	551.625000	2.621075
1629.000000	551.965088	2.619178
1630.000000	552.296814	2.619527
1631.000000	552.630005	2.618443
1632.000000	552.962280	2.617087
1633.000000	553.303833	2.615461
1634.000000	553.659180	2.614338
1635.000000	553.985107	2.612983
1636.000000	554.317505	2.610776
1637.000000	554.636230	2.609499
1638.000000	554.981445	2.609576
1639.000000	555.321045	2.609344
1640.000000	555.656677	2.606246
1641.000000	555.973389	2.606362
1642.000000	556.309204	2.603962
1643.000000	556.636902	2.603187
1644.000000	556.989502	2.602529
1645.000000	557.326599	2.600942
1646.000000	557.663452	2.600477
1647.000000	558.006348	2.598386
1648.000000	558.344177	2.596915
1649.000000	558.671326	2.596257
1650.000000	558.999939	2.594669
1651.000000	559.341553	2.594785
1652.000000	559.672424	2.593624
1653.000000	560.012512	2.589946
1654.000000	560.347168	2.591146
1655.000000	560.680786	2.587429
1656.000000	561.011047	2.586461
1657.000000	561.351074	2.586810
1658.000000	561.689026	2.583519
1659.000000	562.040283	2.583209
1660.000000	562.354431	2.584215
1661.000000	562.678223	2.580808
1662.000000	563.026611	2.580498
1663.000000	563.365234	2.580189
1664.000000	563.687744	2.579337
1665.000000	564.022461	2.577285
1666.000000	564.349854	2.575930
1667.000000	564.688416	2.576084
1668.000000	565.021790	2.574458
1669.000000	565.341248	2.574419
1670.000000	565.676636	2.574497
1671.000000	566.003662	2.573645
1672.000000	566.340820	2.570741
1673.000000	566.649414	2.567295
1674.000000	566.968872	2.567489
1675.000000	567.311096	2.566482
1676.000000	567.632202	2.565553
1677.000000	567.984253	2.561952
1678.000000	568.307129	2.562301
1679.000000	568.653564	2.559551
1680.000000	568.988037	2.559048
1681.000000	569.312988	2.557383
1682.000000	569.628845	2.557499
1683.000000	569.963135	2.556144
1684.000000	570.292542	2.553860
1685.000000	570.635742	2.553163
1686.000000	570.957214	2.553280
1687.000000	571.297913	2.551692
1688.000000	571.632080	2.551576
1689.000000	571.963013	2.550104
1690.000000	572.286743	2.548594
1691.000000	572.619629	2.546737
1692.000000	572.973633	2.546310
1693.000000	573.313599	2.544065
1694.000000	573.635315	2.543291
1695.000000	573.963501	2.539961
1696.000000	574.297241	2.541471
1697.000000	574.628784	2.539651
1698.000000	574.965332	2.538296
1699.000000	575.287781	2.537289
1700.000000	575.621033	2.535508
1701.000000	575.952759	2.534811
1702.000000	576.289368	2.533379
1703.000000	576.607605	2.531326
1704.000000	576.956116	2.531713
1705.000000	577.284790	2.531752
1706.000000	577.628906	2.530862
1707.000000	577.961975	2.527803
1708.000000	578.279724	2.528152
1709.000000	578.609863	2.527803
1710.000000	578.948059	2.525983
1711.000000	579.289978	2.526409
1712.000000	579.619873	2.525015
1713.000000	579.945923	2.524512
1714.000000	580.275757	2.522808
1715.000000	580.612488	2.521879
1716.000000	580.938660	2.521066
1717.000000	581.268188	2.519130
1718.000000	581.594543	2.519362
1719.000000	581.944031	2.517543
1720.000000	582.279907	2.517349
1721.000000	582.616455	2.515761
1722.000000	582.947937	2.514484
1723.000000	583.281555	2.513284
1724.000000	583.610596	2.511890
1725.000000	583.938599	2.510419
1726.000000	584.258789	2.510031
1727.000000	584.567017	2.508212
1728.000000	584.905396	2.507321
1729.000000	585.221130	2.505850
1730.000000	585.526855	2.503759
1731.000000	585.841553	2.504030
1732.000000	586.153381	2.502326
1733.000000	586.486816	2.501823
1734.000000	586.810791	2.500816
1735.000000	587.112000	2.499538
1736.000000	587.441162	2.497602
1737.000000	587.751831	2.497177
1738.000000	588.077393	2.497099
1739.000000	588.373474	2.494312
1740.000000	588.683411	2.491834
1741.000000	589.006226	2.490904
1742.000000	589.323486	2.490943
1743.000000	589.659546	2.490633
1744.000000	589.977234	2.487536
1745.000000	590.286072	2.485600
1746.000000	590.614075	2.486026
1747.000000	590.920044	2.485909
1748.000000	591.250793	2.484012
1749.000000	591.604675	2.482464
1750.000000	591.932800	2.482851
1751.000000	592.247437	2.482812
1752.000000	592.582642	2.478089
1753.000000	592.930908	2.479638
1754.000000	593.286377	2.478399
1755.000000	593.655334	2.477779
1756.000000	594.017090	2.477546
1757.000000	594.382874	2.474682
1758.000000	594.728149	2.474449
1759.000000	595.100586	2.473675
1760.000000	595.476807	2.471236
1761.000000	595.830322	2.468797
1762.000000	596.191650	2.467132
1763.000000	596.544922	2.466086
1764.000000	596.896545	2.466474
1765.000000	597.232666	2.465467
1766.000000	597.592651	2.462912
1767.000000	597.931396	2.461092
1768.000000	598.287659	2.461169
1769.000000	598.616577	2.457801
1770.000000	598.974121	2.458652
1771.000000	599.303162	2.457336
1772.000000	599.632507	2.456329
1773.000000	599.958679	2.455129
1774.000000	600.295410	2.455323
1775.000000	600.634033	2.453813
1776.000000	600.976807	2.453425
1777.000000	601.298584	2.451916
1778.000000	601.629211	2.451102
1779.000000	601.976074	2.450638
1780.000000	602.299438	2.448586
1781.000000	602.631897	2.449476
1782.000000	602.964355	2.446495
1783.000000	603.286438	2.443901
1784.000000	603.635315	2.445217
1785.000000	603.967468	2.441965
1786.000000	604.299255	2.442816
1787.000000	604.625427	2.439835
1788.000000	604.963562	2.438906
1789.000000	605.299988	2.437822
1790.000000	605.632446	2.437861
1791.000000	605.971741	2.434531
1792.000000	606.288818	2.434531
1793.000000	606.622803	2.432208
1794.000000	606.963379	2.433718
1795.000000	607.297668	2.432595
1796.000000	607.636047	2.432556
1797.000000	607.964111	2.432285
1798.000000	608.285889	2.428994
1799.000000	608.634583	2.429420
1800.000000	608.974609	2.427523
1801.000000	609.313721	2.429071
1802.000000	609.633179	2.427290
1803.000000	609.974060	2.425161
1804.000000	610.303772	2.425858
1805.000000	610.629150	2.424851
1806.000000	610.952087	2.424077
1807.000000	611.284729	2.421986
1808.000000	611.625427	2.421483
1809.000000	611.962708	2.421599
1810.000000	612.281433	2.419934
1811.000000	612.608643	2.419818
1812.000000	612.937134	2.417843
1813.000000	613.281921	2.415946
1814.000000	613.618347	2.414242
1815.000000	613.947632	2.416062
1816.000000	614.274902	2.414552
1817.000000	614.607666	2.411842
1818.000000	614.941467	2.411377
1819.000000	615.274048	2.409945
1820.000000	615.618591	2.408048
1821.000000	615.948059	2.407351
1822.000000	616.272278	2.405840
1823.000000	616.588135	2.406344
1824.000000	616.947876	2.404989
1825.000000	617.275391	2.404408
1826.000000	617.611816	2.403130
1827.000000	617.945313	2.402433
1828.000000	618.282227	2.401117
1829.000000	618.609436	2.400768
1830.000000	618.949585	2.398291
1831.000000	619.288086	2.397052
1832.000000	619.626953	2.397555
1833.000000	619.968445	2.395387
1834.000000	620.292969	2.393025
1835.000000	620.615845	2.389657
1836.000000	620.959961	2.391167
1837.000000	621.281921	2.389928
1838.000000	621.625366	2.388069
1839.000000	621.959473	2.387218
1840.000000	622.281982	2.387063
1841.000000	622.616455	2.388573
1842.000000	622.962952	2.385514
1843.000000	623.301941	2.383500
1844.000000	623.619019	2.383307
1845.000000	623.944824	2.381720
1846.000000	624.282227	2.382997
1847.000000	624.603455	2.381720
1848.000000	624.933167	2.380984
1849.000000	625.266357	2.379629
1850.000000	625.605774	2.379241
1851.000000	625.932617	2.377034
1852.000000	626.260315	2.378157
1853.000000	626.596680	2.376802
1854.000000	626.913269	2.375098
1855.000000	627.223999	2.375137
1856.000000	627.588135	2.373279
1857.000000	627.919678	2.372350
1858.000000	628.255188	2.371110
1859.000000	628.576660	2.370646
1860.000000	628.908875	2.367316
1861.000000	629.248718	2.366619
1862.000000	629.576172	2.365729
1863.000000	629.908875	2.367239
1864.000000	630.240234	2.363367
1865.000000	630.581116	2.363948
1866.000000	630.903748	2.361354
1867.000000	631.235657	2.359960
1868.000000	631.561218	2.358372
1869.000000	631.910400	2.358217
1870.000000	632.244446	2.358682
1871.000000	632.566345	2.357327
1872.000000	632.898438	2.356630
1873.000000	633.222168	2.355391
1874.000000	633.558777	2.354616
1875.000000	633.893799	2.353455
1876.000000	634.231506	2.353726
1877.000000	634.551147	2.351674
1878.000000	634.882813	2.352332
1879.000000	635.203613	2.351364
1880.000000	635.537048	2.351093
1881.000000	635.869324	2.349738
1882.000000	636.207092	2.347454
1883.000000	636.527405	2.346834
1884.000000	636.857422	2.345440
1885.000000	637.186768	2.344627
1886.000000	637.523193	2.342188
1887.000000	637.873596	2.343698
1888.000000	638.196167	2.342265
1889.000000	638.531616	2.340097
1890.000000	638.880615	2.338742
1891.000000	639.217712	2.338664
1892.000000	639.538574	2.337038
1893.000000	639.878845	2.336303
1894.000000	640.200806	2.336419
1895.000000	640.507568	2.336535
1896.000000	640.838745	2.335141
1897.000000	641.185791	2.333011
1898.000000	641.506348	2.333360
1899.000000	641.850586	2.330921
1900.000000	642.152283	2.332508
1901.000000	642.497864	2.330843
1902.000000	642.843933	2.329720
1903.000000	643.169128	2.329372
1904.000000	643.497009	2.330495
1905.000000	643.827209	2.328481
1906.000000	644.155701	2.328404
1907.000000	644.485901	2.327629
1908.000000	644.826782	2.325965
1909.000000	645.159424	2.325927
1910.000000	645.499329	2.325384
1911.000000	645.834045	2.324029
1912.000000	646.164795	2.323061
1913.000000	646.511902	2.322636
1914.000000	646.856689	2.322287
1915.000000	647.202393	2.320351
1916.000000	647.527954	2.317099
1917.000000	647.868225	2.319654
1918.000000	648.196533	2.318299
1919.000000	648.542236	2.318532
1920.000000	648.882751	2.316518
1921.000000	649.217468	2.316441
1922.000000	649.552307	2.314776
1923.000000	649.882935	2.312453
1924.000000	650.231995	2.311678
1925.000000	650.543701	2.311949
1926.000000	650.883118	2.310594
1927.000000	651.212341	2.310633
1928.000000	651.521729	2.308542
1929.000000	651.841919	2.307458
1930.000000	652.168030	2.307458
1931.000000	652.491272	2.307187
1932.000000	652.820435	2.306800
1933.000000	653.156616	2.304709
1934.000000	653.483948	2.304167
1935.000000	653.824402	2.305328
1936.000000	654.152832	2.302657
1937.000000	654.476257	2.301456
1938.000000	654.794678	2.300605
1939.000000	655.107178	2.298514
1940.000000	655.476379	2.297585
1941.000000	655.799500	2.299056
1942.000000	656.127625	2.296462
1943.000000	656.471985	2.295339
1944.000000	656.808594	2.294913
1945.000000	657.149902	2.294526
1946.000000	657.500732	2.293365
1947.000000	657.852295	2.293674
1948.000000	658.205139	2.290964
1949.000000	658.546082	2.289338
1950.000000	658.883301	2.291274
1951.000000	659.213440	2.288215
1952.000000	659.557434	2.288137
1953.000000	659.893066	2.285814
1954.000000	660.225769	2.287673
1955.000000	660.572449	2.285311
1956.000000	660.905090	2.285195
1957.000000	661.214478	2.284808
1958.000000	661.519531	2.283530
1959.000000	661.824890	2.282872
1960.000000	662.176392	2.281672
1961.000000	662.537842	2.280510
1962.000000	662.867676	2.281710
1963.000000	663.181946	2.280587
1964.000000	663.506165	2.279891
1965.000000	663.865540	2.278226
1966.000000	664.212891	2.280007
1967.000000	664.566895	2.279581
1968.000000	664.895691	2.277142
1969.000000	665.242188	2.275438
1970.000000	665.563049	2.274470
1971.000000	665.907227	2.273502
1972.000000	666.227661	2.272805
1973.000000	666.548340	2.273308
1974.000000	666.866272	2.270908
1975.000000	667.187561	2.270520
1976.000000	667.514648	2.267655
1977.000000	667.829102	2.265371
1978.000000	668.148010	2.265952
1979.000000	668.452393	2.264403
1980.000000	668.776428	2.265023
1981.000000	669.101379	2.264984
1982.000000	669.411377	2.262041
1983.000000	669.729614	2.263009
1984.000000	670.054688	2.261228
1985.000000	670.377380	2.260105
1986.000000	670.705383	2.260067
1987.000000	671.026123	2.259292
1988.000000	671.356689	2.258479
1989.000000	671.683289	2.258208
1990.000000	671.992432	2.257976
1991.000000	672.348083	2.255420
1992.000000	672.705078	2.256466
1993.000000	673.054321	2.256776
1994.000000	673.398560	2.256040
1995.000000	673.741089	2.256427
1996.000000	674.076050	2.255188
1997.000000	674.423889	2.256272
1998.000000	674.777588	2.253368
1999.000000	675.119629	2.252903
2000.000000	675.457275	2.252091
2001.000000	675.802795	2.252168
2002.000000	676.149963	2.252671
2003.000000	676.497009	2.250000
2004.000000	676.840820	2.249613
2005.000000	677.180664	2.248490
2006.000000	677.502136	2.247174
2007.000000	677.838379	2.246400
2008.000000	678.159668	2.245199
2009.000000	678.495789	2.244154
2010.000000	678.840576	2.245044
2011.000000	679.179443	2.242954
2012.000000	679.502441	2.244154
2013.000000	679.846130	2.242102
2014.000000	680.163818	2.241482
2015.000000	680.510925	2.240824
2016.000000	680.840088	2.240901
2017.000000	681.173096	2.237339
2018.000000	681.514526	2.237223
2019.000000	681.863098	2.237649
2020.000000	682.209961	2.236062
2021.000000	682.532959	2.235945
2022.000000	682.870239	2.237107
2023.000000	683.211853	2.234823
2024.000000	683.548645	2.234861
2025.000000	683.894043	2.233235
2026.000000	684.225891	2.232693
2027.000000	684.578125	2.232771
2028.000000	684.907043	2.232577
2029.000000	685.240479	2.231764
2030.000000	685.566528	2.231957
2031.000000	685.901855	2.230835
2032.000000	686.244995	2.230873
2033.000000	686.569031	2.231377
2034.000000	686.906433	2.229751
2035.000000	687.226196	2.229944
2036.000000	687.562195	2.229053
2037.000000	687.892944	2.228008
2038.000000	688.217834	2.227273
2039.000000	688.553284	2.226033
2040.000000	688.896423	2.228086
2041.000000	689.241943	2.225104
2042.000000	689.573425	2.225569
2043.000000	689.906799	2.225027
2044.000000	690.233154	2.223788
2045.000000	690.556213	2.222239
2046.000000	690.887695	2.223052
2047.000000	691.239502	2.223323
2048.000000	691.567627	2.223246
2049.000000	691.888733	2.220071
2050.000000	692.225525	2.220497
2051.000000	692.557129	2.220768
2052.000000	692.905945	2.217748
2053.000000	693.248779	2.219103
2054.000000	693.585693	2.218793
2055.000000	693.898987	2.217980
2056.000000	694.231201	2.215619
2057.000000	694.558594	2.215464
2058.000000	694.887634	2.216122
2059.000000	695.221497	2.216122
2060.000000	695.544983	2.214302
2061.000000	695.852600	2.212792
2062.000000	696.197510	2.214457
2063.000000	696.515564	2.212869
2064.000000	696.835205	2.212289
2065.000000	697.159546	2.211437
2066.000000	697.491943	2.209307
2067.000000	697.828613	2.208920
2068.000000	698.161804	2.210469
2069.000000	698.489685	2.210585
2070.000000	698.815918	2.209849
2071.000000	699.166931	2.208301
2072.000000	699.502441	2.207875
2073.000000	699.840881	2.206520
2074.000000	700.178650	2.205126
2075.000000	700.517395	2.206326
2076.000000	700.850647	2.204932
2077.000000	701.187439	2.203693
2078.000000	701.527771	2.205436
2079.000000	701.855164	2.203383
2080.000000	702.198669	2.202415
2081.000000	702.532227	2.202222
2082.000000	702.864258	2.199821
2083.000000	703.210632	2.201060
2084.000000	703.530029	2.200828
2085.000000	703.857605	2.199976
2086.000000	704.174072	2.197537
2087.000000	704.505737	2.199434
2088.000000	704.860657	2.196840
2089.000000	705.195801	2.198776
2090.000000	705.533325	2.196259
2091.000000	705.877136	2.194130
2092.000000	706.199890	2.195175
2093.000000	706.519653	2.195369
2094.000000	706.886902	2.191652
2095.000000	707.218262	2.191574
2096.000000	707.552368	2.191613
2097.000000	707.882507	2.191690
2098.000000	708.227722	2.190606
2099.000000	708.560974	2.190374
2100.000000	708.886597	2.189367
2101.000000	709.215454	2.190258
2102.000000	709.538940	2.189483
2103.000000	709.884338	2.189057
2104.000000	710.221375	2.187780
2105.000000	710.565491	2.186192
2106.000000	710.886475	2.185185
2107.000000	711.222900	2.186308
2108.000000	711.548584	2.185147
2109.000000	711.884583	2.186347
2110.000000	712.222961	2.185921
2111.000000	712.569092	2.185263
2112.000000	712.892578	2.182862
2113.000000	713.211914	2.184411
2114.000000	713.550110	2.183288
2115.000000	713.866943	2.181352
2116.000000	714.187073	2.181468
2117.000000	714.525879	2.182243
2118.000000	714.866882	2.182011
2119.000000	715.209473	2.180268
2120.000000	715.535583	2.181933
2121.000000	715.852783	2.179649
2122.000000	716.186157	2.179610
2123.000000	716.498413	2.179378
2124.000000	716.850952	2.178332
2125.000000	717.210510	2.177248
2126.000000	717.538147	2.177829
2127.000000	717.855469	2.177403
2128.000000	718.192871	2.175777
2129.000000	718.506714	2.176475
2130.000000	718.838013	2.176823
2131.000000	719.155273	2.175971
2132.000000	719.500793	2.175042
2133.000000	719.814941	2.175894
2134.000000	720.162109	2.171015
2135.000000	720.487488	2.173222
2136.000000	720.817627	2.172913
2137.000000	721.151489	2.173067
2138.000000	721.497925	2.171635
2139.000000	721.847290	2.170086
2140.000000	722.176147	2.170899
2141.000000	722.544434	2.169079
2142.000000	722.895996	2.170744
2143.000000	723.214844	2.167802
2144.000000	723.563232	2.167531
2145.000000	723.898254	2.166291
2146.000000	724.271851	2.167182
2147.000000	724.609131	2.164898
2148.000000	724.925415	2.166563
2149.000000	725.242676	2.166175
2150.000000	725.576904	2.165440
2151.000000	725.919556	2.165246
2152.000000	726.248047	2.164665
2153.000000	726.587646	2.161142
2154.000000	726.920654	2.159748
2155.000000	727.253662	2.162536
2156.000000	727.567078	2.160948
2157.000000	727.900085	2.160677
2158.000000	728.216492	2.160135
2159.000000	728.534058	2.158548
2160.000000	728.853027	2.159671
2161.000000	729.185669	2.160987
2162.000000	729.507385	2.159826
2163.000000	729.838074	2.157657
2164.000000	730.186035	2.156651
2165.000000	730.512695	2.157464
2166.000000	730.845215	2.157115
2167.000000	731.161743	2.154095
2168.000000	731.476990	2.155838
2169.000000	731.818359	2.155063
2170.000000	732.151428	2.154831
2171.000000	732.478210	2.154366
2172.000000	732.813782	2.154095
2173.000000	733.140930	2.156070
2174.000000	733.474609	2.153514
2175.000000	733.810791	2.153630
2176.000000	734.145142	2.151811
2177.000000	734.478760	2.151346
2178.000000	734.805664	2.151075
2179.000000	735.134094	2.151385
2180.000000	735.455688	2.149526
2181.000000	735.802307	2.150378
2182.000000	736.131409	2.148752
2183.000000	736.459167	2.148791
2184.000000	736.792725	2.147784
2185.000000	737.114624	2.147126
2186.000000	737.433594	2.147048
2187.000000	737.760498	2.145887
2188.000000	738.104614	2.146196
2189.000000	738.429688	2.145345
2190.000000	738.764832	2.143061
2191.000000	739.086304	2.145809
2192.000000	739.418030	2.144338
2193.000000	739.756592	2.143254
2194.000000	740.079773	2.143835
2195.000000	740.422302	2.143022
2196.000000	740.742981	2.143099
2197.000000	741.068604	2.141628
2198.000000	741.402344	2.140040
2199.000000	741.744873	2.140195
2200.000000	742.070801	2.140505
2201.000000	742.423645	2.139731
2202.000000	742.744812	2.138414
2203.000000	743.094116	2.138337
2204.000000	743.428162	2.139421
2205.000000	743.753662	2.137291
2206.000000	744.076904	2.136478
2207.000000	744.405640	2.137175
2208.000000	744.727295	2.137020
2209.000000	745.080688	2.137485
2210.000000	745.417542	2.136595
2211.000000	745.726074	2.134852
2212.000000	746.061707	2.135085
2213.000000	746.384033	2.135123
2214.000000	746.727051	2.134736
2215.000000	747.065674	2.134697
2216.000000	747.391785	2.133497
2217.000000	747.731384	2.132607
2218.000000	748.069641	2.133574
2219.000000	748.395508	2.132800
2220.000000	748.711243	2.131871
2221.000000	749.052490	2.132490
2222.000000	749.411804	2.132103
2223.000000	749.736267	2.130980
2224.000000	750.072144	2.132413
2225.000000	750.378540	2.129858
2226.000000	750.704102	2.130554
2227.000000	751.048584	2.130129
2228.000000	751.384827	2.129509
2229.000000	751.704468	2.129586
2230.000000	752.049988	2.130013
2231.000000	752.379639	2.128773
2232.000000	752.728333	2.128309
2233.000000	753.043335	2.128309
2234.000000	753.364746	2.126566
2235.000000	753.703064	2.127689
2236.000000	754.025024	2.127418
2237.000000	754.358643	2.126683
2238.000000	754.683594	2.124863
2239.000000	755.006775	2.123624
2240.000000	755.339172	2.125018
2241.000000	755.685059	2.124321
2242.000000	755.998047	2.124360
2243.000000	756.330750	2.124011
2244.000000	756.669250	2.122152
2245.000000	757.002380	2.124398
2246.000000	757.334351	2.122811
2247.000000	757.660156	2.123895
2248.000000	757.981140	2.122849
2249.000000	758.292480	2.121301
2250.000000	758.614746	2.121998
2251.000000	758.946533	2.117584
2252.000000	759.273743	2.119442
2253.000000	759.592163	2.119094
2254.000000	759.920898	2.117545
2255.000000	760.259521	2.118590
2256.000000	760.589233	2.118010
2257.000000	760.932617	2.119442
2258.000000	761.269287	2.116384
2259.000000	761.614502	2.116074
2260.000000	761.944580	2.115144
2261.000000	762.283203	2.116112
2262.000000	762.619202	2.114757
2263.000000	762.972961	2.114099
2264.000000	763.307922	2.116074
2265.000000	763.673218	2.113634
2266.000000	764.018311	2.114718
2267.000000	764.358337	2.113867
2268.000000	764.693787	2.114331
2269.000000	765.041016	2.111969
2270.000000	765.373596	2.111118
2271.000000	765.703247	2.112434
2272.000000	766.044556	2.109995
2273.000000	766.375732	2.111040
2274.000000	766.727844	2.110266
2275.000000	767.069580	2.108369
2276.000000	767.399841	2.110150
2277.000000	767.758362	2.109182
2278.000000	768.086975	2.108601
2279.000000	768.422852	2.106858
2280.000000	768.758301	2.108523
2281.000000	769.061951	2.107130
2282.000000	769.389648	2.106471
2283.000000	769.722595	2.107749
2284.000000	770.077942	2.104690
2285.000000	770.439941	2.106317
2286.000000	770.790833	2.105658
2287.000000	771.111511	2.106820
2288.000000	771.432007	2.105774
2289.000000	771.754456	2.103606
2290.000000	772.081665	2.104265
2291.000000	772.417969	2.102833
2292.000000	772.773376	2.101439
2293.000000	773.105408	2.104226
2294.000000	773.431641	2.102174
2295.000000	773.770996	2.101555
2296.000000	774.100220	2.101322
2297.000000	774.441040	2.100471
2298.000000	774.783875	2.098264
2299.000000	775.120483	2.099154
2300.000000	775.434082	2.099309
2301.000000	775.785156	2.098264
2302.000000	776.109863	2.096638
2303.000000	776.382568	2.096483
2304.000000	776.652710	2.096328
2305.000000	776.936279	2.096212
2306.000000	777.230957	2.096715
2307.000000	777.554810	2.095244
2308.000000	777.865295	2.093192
2309.000000	778.183594	2.094585
2310.000000	778.503723	2.095321
2311.000000	778.795715	2.094237
2312.000000	779.122803	2.093772
2313.000000	779.433838	2.092379
2314.000000	779.765381	2.092766
2315.000000	780.093750	2.093617
2316.000000	780.427063	2.090172
2317.000000	780.743286	2.093153
2318.000000	781.061279	2.092766
2319.000000	781.393616	2.090946
2320.000000	781.709473	2.088700
2321.000000	782.055908	2.092340
2322.000000	782.393005	2.091217
2323.000000	782.716553	2.089475
2324.000000	783.050537	2.088352
2325.000000	783.377441	2.088507
2326.000000	783.721069	2.088816
2327.000000	784.045044	2.089358
2328.000000	784.381348	2.087693
2329.000000	784.737244	2.085719
2330.000000	785.066528	2.088352
2331.000000	785.404175	2.085603
2332.000000	785.725586	2.086338
2333.000000	786.063416	2.085796
2334.000000	786.400635	2.085719
2335.000000	786.742188	2.086184
2336.000000	787.070923	2.084751
2337.000000	787.395386	2.086687
2338.000000	787.722534	2.084402
2339.000000	788.066895	2.082622
2340.000000	788.416992	2.082467
2341.000000	788.749939	2.082815
2342.000000	789.072815	2.084906
2343.000000	789.403137	2.082273
2344.000000	789.732605	2.081692
2345.000000	790.085327	2.082118
2346.000000	790.417542	2.080802
2347.000000	790.753906	2.082041
2348.000000	791.079224	2.081770
2349.000000	791.420410	2.080260
2350.000000	791.754333	2.081305
2351.000000	792.084778	2.080182
2352.000000	792.432617	2.080182
2353.000000	792.754883	2.079756
2354.000000	793.078491	2.078285
2355.000000	793.427246	2.078207
2356.000000	793.756653	2.077394
2357.000000	794.078491	2.075381
2358.000000	794.399475	2.076039
2359.000000	794.722473	2.075420
2360.000000	795.078491	2.075497
2361.000000	795.414429	2.074413
2362.000000	795.734253	2.073987
2363.000000	796.051880	2.074568
2364.000000	796.374023	2.073097
2365.000000	796.713867	2.074374
2366.000000	797.047791	2.072555
2367.000000	797.388733	2.073097
2368.000000	797.716980	2.072400
2369.000000	798.030151	2.072245
2370.000000	798.354065	2.070812
2371.000000	798.703003	2.069651
2372.000000	799.034912	2.070154
2373.000000	799.366272	2.069767
2374.000000	799.677002	2.068063
2375.000000	800.019287	2.068257
2376.000000	800.363708	2.067250
2377.000000	800.687439	2.066979
2378.000000	801.028687	2.066476
2379.000000	801.357056	2.064694
2380.000000	801.684631	2.064036
2381.000000	802.015869	2.066553
2382.000000	802.343018	2.066050
2383.000000	802.662720	2.063727
2384.000000	803.023438	2.064734
2385.000000	803.348938	2.063185
2386.000000	803.667358	2.062836
2387.000000	803.986572	2.061210
2388.000000	804.318542	2.062488
2389.000000	804.673584	2.060204
2390.000000	804.994446	2.060513
2391.000000	805.308105	2.061094
2392.000000	805.648438	2.060745
2393.000000	805.990723	2.060900
2394.000000	806.315308	2.060242
2395.000000	806.655640	2.061055
2396.000000	806.983643	2.058926
2397.000000	807.339172	2.061210
2398.000000	807.664001	2.059236
2399.000000	807.995361	2.059739
2400.000000	808.345093	2.060126
2401.000000	808.683167	2.061133
2402.000000	809.009094	2.057648
2403.000000	809.335815	2.057338
2404.000000	809.755432	2.057919
