0.000000	28.496643	8.143948
1.000000	28.494387	8.142231
2.000000	28.485352	8.144482
3.000000	28.491772	8.144672
4.000000	28.512697	8.143833
5.000000	28.516384	8.143261
6.000000	28.518166	8.143185
7.000000	28.544680	8.143108
8.000000	28.558113	8.140324
9.000000	28.581299	8.140857
10.000000	28.605789	8.142040
11.000000	28.651327	8.141697
12.000000	28.674746	8.140552
13.000000	28.727892	8.142460
14.000000	28.754168	8.141125
15.000000	28.791504	8.140094
16.000000	28.829073	8.143070
17.000000	28.874014	8.142536
18.000000	28.934649	8.142612
19.000000	28.989815	8.143719
20.000000	29.042007	8.142765
21.000000	29.081009	8.143337
22.000000	29.147705	8.144520
23.000000	29.211077	8.142689
24.000000	29.277416	8.144978
25.000000	29.348282	8.144215
26.000000	29.414627	8.145931
27.000000	29.486435	8.144062
28.000000	29.560625	8.145741
29.000000	29.630890	8.144329
30.000000	29.696640	8.145130
31.000000	29.781170	8.143948
32.000000	29.853813	8.143719
33.000000	29.942268	8.145092
34.000000	30.027161	8.145473
35.000000	30.091797	8.143909
36.000000	30.177416	8.144444
37.000000	30.267639	8.143375
38.000000	30.359270	8.144367
39.000000	30.442419	8.143642
40.000000	30.536291	8.143337
41.000000	30.622147	8.144520
42.000000	30.710363	8.142192
43.000000	30.814972	8.142001
44.000000	30.908138	8.143261
45.000000	31.011215	8.143528
46.000000	31.112520	8.141047
47.000000	31.212175	8.141621
48.000000	31.307232	8.141315
49.000000	31.415258	8.142918
50.000000	31.515860	8.141277
51.000000	31.622353	8.138797
52.000000	31.728378	8.139674
53.000000	31.827917	8.138377
54.000000	31.949154	8.140170
55.000000	32.063072	8.140858
56.000000	32.161549	8.139407
57.000000	32.287384	8.138949
58.000000	32.404022	8.140513
59.000000	32.527618	8.141010
60.000000	32.642136	8.139255
61.000000	32.765022	8.138835
62.000000	32.895454	8.137500
63.000000	33.021412	8.138072
64.000000	33.166473	8.138072
65.000000	33.299026	8.138034
66.000000	33.437721	8.137881
67.000000	33.592331	8.137347
68.000000	33.741405	8.138263
69.000000	33.907574	8.137042
70.000000	34.058411	8.137843
71.000000	34.233658	8.137729
72.000000	34.424244	8.137538
73.000000	34.594070	8.135974
74.000000	34.780411	8.136737
75.000000	34.978657	8.137691
76.000000	35.177612	8.137195
77.000000	35.386597	8.135936
78.000000	35.605595	8.138530
79.000000	35.821182	8.138225
80.000000	36.056229	8.137576
81.000000	36.296345	8.138911
82.000000	36.553677	8.139102
83.000000	36.814423	8.138530
84.000000	37.082489	8.136928
85.000000	37.367893	8.138721
86.000000	37.650940	8.138949
87.000000	37.949673	8.138110
88.000000	38.247456	8.139064
89.000000	38.555145	8.137652
90.000000	38.886070	8.138721
91.000000	39.218060	8.137996
92.000000	39.562782	8.139102
93.000000	39.922127	8.137958
94.000000	40.276134	8.137538
95.000000	40.636868	8.136622
96.000000	41.009739	8.137538
97.000000	41.382732	8.136012
98.000000	41.769661	8.135516
99.000000	42.162086	8.137118
100.000000	42.562363	8.135516
101.000000	42.975391	8.136394
102.000000	43.387135	8.135402
103.000000	43.783783	8.133914
104.000000	44.230408	8.136203
105.000000	44.670017	8.135821
106.000000	45.100731	8.136127
107.000000	45.541275	8.132846
108.000000	45.971634	8.131854
109.000000	46.411011	8.131816
110.000000	46.864315	8.130481
111.000000	47.300758	8.130519
112.000000	47.762146	8.130977
113.000000	48.216618	8.131663
114.000000	48.653538	8.129718
115.000000	49.121944	8.128688
116.000000	49.572559	8.127810
117.000000	50.019188	8.127467
118.000000	50.478203	8.127620
119.000000	50.912949	8.127505
120.000000	51.370293	8.126704
121.000000	51.820297	8.124187
122.000000	52.263199	8.124339
123.000000	52.700745	8.123767
124.000000	53.143528	8.123996
125.000000	53.573967	8.122546
126.000000	54.008709	8.122203
127.000000	54.438450	8.121478
128.000000	54.866550	8.118121
129.000000	55.288834	8.118426
130.000000	55.698418	8.117358
131.000000	56.121868	8.116138
132.000000	56.530869	8.116862
133.000000	56.929504	8.115336
134.000000	57.328014	8.112399
135.000000	57.737255	8.113811
136.000000	58.136700	8.111407
137.000000	58.517517	8.110034
138.000000	58.904144	8.107173
139.000000	59.271561	8.106410
140.000000	59.662277	8.105494
141.000000	60.033298	8.103625
142.000000	60.404785	8.105037
143.000000	60.765366	8.101184
144.000000	61.126469	8.102138
145.000000	61.471909	8.099124
146.000000	61.828140	8.099734
147.000000	62.174973	8.097713
148.000000	62.504986	8.096759
149.000000	62.834061	8.096339
150.000000	63.169987	8.093211
151.000000	63.501266	8.093097
152.000000	63.829063	8.090274
153.000000	64.141205	8.090884
154.000000	64.454262	8.088557
155.000000	64.759674	8.088138
156.000000	65.068901	8.087184
157.000000	65.374306	8.086459
158.000000	65.682274	8.085467
159.000000	65.952408	8.085124
160.000000	66.271156	8.084208
161.000000	66.556374	8.083179
162.000000	66.849945	8.080661
163.000000	67.140503	8.080127
164.000000	67.424782	8.079440
165.000000	67.720337	8.079745
166.000000	67.989655	8.078105
167.000000	68.270813	8.077914
168.000000	68.548477	8.076427
169.000000	68.826385	8.076350
170.000000	69.094780	8.076350
171.000000	69.346573	8.076045
172.000000	69.633423	8.074405
173.000000	69.897514	8.073146
174.000000	70.174721	8.073337
175.000000	70.439255	8.071963
176.000000	70.708031	8.071963
177.000000	70.972023	8.071506
178.000000	71.241943	8.069751
179.000000	71.515221	8.069369
180.000000	71.771225	8.068988
181.000000	72.036156	8.067576
182.000000	72.311752	8.068110
183.000000	72.574707	8.068568
184.000000	72.843582	8.065707
185.000000	73.119408	8.064296
186.000000	73.390358	8.064563
187.000000	73.646942	8.066775
188.000000	73.915810	8.065326
189.000000	74.189667	8.062427
190.000000	74.464104	8.061282
191.000000	74.741905	8.060672
192.000000	75.017616	8.061549
193.000000	75.305275	8.059642
194.000000	75.592125	8.059604
195.000000	75.870720	8.059871
196.000000	76.168579	8.057773
197.000000	76.454964	8.060023
198.000000	76.757690	8.058002
199.000000	77.052299	8.057620
200.000000	77.361984	8.055789
201.000000	77.652527	8.055675
202.000000	77.957458	8.055408
203.000000	78.277229	8.055636
204.000000	78.578094	8.057391
205.000000	78.885002	8.053233
206.000000	79.198395	8.054111
207.000000	79.511673	8.052928
208.000000	79.833878	8.052432
209.000000	80.159447	8.053119
210.000000	80.494179	8.052432
211.000000	80.822067	8.051822
212.000000	81.153893	8.053004
213.000000	81.494415	8.050143
214.000000	81.836327	8.051250
215.000000	82.180672	8.050105
216.000000	82.514709	8.050563
217.000000	82.849907	8.049495
218.000000	83.213615	8.049571
219.000000	83.556915	8.047587
220.000000	83.915291	8.047664
221.000000	84.271591	8.047854
222.000000	84.632751	8.047587
223.000000	84.978149	8.050220
224.000000	85.358315	8.046290
225.000000	85.723305	8.047549
226.000000	86.088181	8.047130
227.000000	86.449455	8.046062
228.000000	86.829857	8.046596
229.000000	87.183601	8.044459
230.000000	87.557060	8.043124
231.000000	87.925293	8.044993
232.000000	88.296066	8.043506
233.000000	88.672546	8.043429
234.000000	89.037300	8.043658
235.000000	89.412720	8.044803
236.000000	89.788254	8.043468
237.000000	90.159508	8.043239
238.000000	90.529175	8.040912
239.000000	90.902847	8.040034
240.000000	91.284409	8.040301
241.000000	91.660629	8.039691
242.000000	92.033241	8.040530
243.000000	92.400848	8.038699
244.000000	92.767769	8.040874
245.000000	93.163506	8.037898
246.000000	93.527405	8.037860
247.000000	93.895134	8.037021
248.000000	94.268448	8.039042
249.000000	94.610954	8.037822
250.000000	94.977631	8.038051
251.000000	95.352463	8.037250
252.000000	95.719727	8.036944
253.000000	96.068390	8.037631
254.000000	96.440765	8.036220
255.000000	96.792931	8.035876
256.000000	97.150772	8.037822
257.000000	97.503510	8.035342
258.000000	97.859383	8.033931
259.000000	98.215965	8.034465
260.000000	98.561035	8.034656
261.000000	98.910744	8.034732
262.000000	99.242798	8.033893
263.000000	99.590546	8.034923
264.000000	99.939316	8.034579
265.000000	100.269043	8.035304
266.000000	100.609131	8.033702
267.000000	100.939148	8.033320
268.000000	101.285881	8.033587
269.000000	101.613129	8.035457
270.000000	101.938759	8.032481
271.000000	102.261932	8.033130
272.000000	102.585678	8.033244
273.000000	102.908394	8.032176
274.000000	103.227501	8.032557
275.000000	103.542381	8.032214
276.000000	103.861023	8.031108
277.000000	104.187462	8.031718
278.000000	104.500488	8.032329
279.000000	104.817139	8.032329
280.000000	105.144981	8.031909
281.000000	105.458481	8.032634
282.000000	105.773956	8.030192
283.000000	106.082672	8.030879
284.000000	106.385681	8.030574
285.000000	106.686005	8.030459
286.000000	106.997406	8.031718
287.000000	107.323730	8.030269
288.000000	107.630219	8.031795
289.000000	107.921577	8.031833
290.000000	108.229370	8.030917
291.000000	108.536102	8.029696
292.000000	108.840851	8.029239
293.000000	109.148994	8.028018
294.000000	109.465645	8.029811
295.000000	109.765160	8.030192
296.000000	110.071190	8.030459
297.000000	110.389351	8.031032
298.000000	110.693443	8.029620
299.000000	111.000778	8.030498
300.000000	111.323334	8.029811
301.000000	111.634651	8.029506
302.000000	111.944565	8.031451
303.000000	112.254929	8.029048
304.000000	112.577271	8.029963
305.000000	112.887764	8.027904
306.000000	113.198853	8.028705
307.000000	113.516602	8.029620
308.000000	113.834129	8.029353
309.000000	114.150131	8.029849
310.000000	114.464012	8.029620
311.000000	114.787277	8.028934
312.000000	115.107628	8.030879
313.000000	115.436974	8.028972
314.000000	115.768684	8.029658
315.000000	116.096626	8.028819
316.000000	116.424591	8.029201
317.000000	116.749252	8.030154
318.000000	117.073936	8.030269
319.000000	117.415939	8.028934
320.000000	117.751160	8.029239
321.000000	118.088264	8.029506
322.000000	118.417969	8.029391
323.000000	118.753540	8.028209
324.000000	119.092148	8.029277
325.000000	119.421631	8.027980
326.000000	119.763878	8.028590
327.000000	120.097336	8.027904
328.000000	120.455635	8.029391
329.000000	120.789734	8.028705
330.000000	121.136131	8.029887
331.000000	121.475037	8.030154
332.000000	121.817352	8.029887
333.000000	122.161667	8.029162
334.000000	122.516022	8.028972
335.000000	122.869881	8.028552
336.000000	123.226219	8.029582
337.000000	123.577034	8.028552
338.000000	123.932663	8.027141
339.000000	124.284760	8.028857
340.000000	124.625435	8.027827
341.000000	124.974823	8.027255
342.000000	125.334114	8.029353
343.000000	125.697998	8.029277
344.000000	126.040916	8.029315
345.000000	126.381699	8.028552
346.000000	126.734741	8.028552
347.000000	127.079773	8.028781
348.000000	127.426216	8.027217
349.000000	127.786804	8.027865
350.000000	128.138550	8.028666
351.000000	128.491348	8.027675
352.000000	128.842850	8.027141
353.000000	129.180710	8.027064
354.000000	129.530579	8.028705
355.000000	129.870773	8.027865
356.000000	130.221085	8.027827
357.000000	130.549622	8.028476
358.000000	130.903488	8.027179
359.000000	131.252625	8.027331
360.000000	131.601746	8.028438
361.000000	131.944931	8.028743
362.000000	132.284683	8.028399
363.000000	132.622162	8.028209
364.000000	132.958954	8.027255
365.000000	133.298950	8.027446
366.000000	133.643890	8.028323
367.000000	133.977722	8.027751
368.000000	134.312378	8.026950
369.000000	134.652115	8.026988
370.000000	134.990555	8.027522
371.000000	135.328873	8.027026
372.000000	135.670654	8.027637
373.000000	136.000305	8.026835
374.000000	136.340546	8.027789
375.000000	136.667603	8.028972
376.000000	136.998947	8.027751
377.000000	137.325882	8.027179
378.000000	137.643951	8.027942
379.000000	137.989502	8.029201
380.000000	138.324875	8.026797
381.000000	138.640686	8.027141
382.000000	138.969406	8.026378
383.000000	139.294693	8.027865
384.000000	139.625549	8.027865
385.000000	139.948822	8.028056
386.000000	140.274109	8.027865
387.000000	140.601654	8.027141
388.000000	140.941772	8.027484
389.000000	141.275284	8.026568
390.000000	141.592346	8.026950
391.000000	141.922379	8.027865
392.000000	142.242889	8.028361
393.000000	142.568054	8.027141
394.000000	142.901794	8.027789
395.000000	143.235153	8.026416
396.000000	143.552917	8.027827
397.000000	143.883667	8.027064
398.000000	144.216309	8.027675
399.000000	144.531006	8.028323
400.000000	144.836029	8.027637
401.000000	145.160217	8.027026
402.000000	145.492874	8.026759
403.000000	145.819336	8.027446
404.000000	146.133774	8.028972
405.000000	146.464539	8.027369
406.000000	146.782043	8.027904
407.000000	147.111633	8.026072
408.000000	147.431900	8.027904
409.000000	147.739426	8.028094
410.000000	148.069107	8.027293
411.000000	148.402466	8.027179
412.000000	148.725113	8.026988
413.000000	149.047180	8.026759
414.000000	149.362442	8.027598
415.000000	149.676651	8.026759
416.000000	150.011795	8.027751
417.000000	150.330292	8.027904
418.000000	150.656052	8.027331
419.000000	150.969742	8.026988
420.000000	151.319351	8.026759
421.000000	151.641647	8.028018
422.000000	151.949478	8.028285
423.000000	152.283279	8.026988
424.000000	152.613831	8.026645
425.000000	152.937103	8.027522
426.000000	153.267548	8.026988
427.000000	153.598480	8.028476
428.000000	153.915161	8.027865
429.000000	154.249207	8.027713
430.000000	154.568497	8.026874
431.000000	154.906021	8.028361
432.000000	155.222809	8.026530
433.000000	155.544632	8.026759
434.000000	155.880737	8.026759
435.000000	156.200989	8.026378
436.000000	156.528076	8.025538
437.000000	156.867264	8.026759
438.000000	157.195679	8.027865
439.000000	157.523621	8.027102
440.000000	157.855011	8.027408
441.000000	158.185471	8.027713
442.000000	158.507401	8.026797
443.000000	158.817871	8.026874
444.000000	159.158844	8.026835
445.000000	159.512146	8.027484
446.000000	159.852661	8.026759
447.000000	160.188477	8.025271
448.000000	160.525879	8.026225
449.000000	160.858459	8.025767
450.000000	161.186966	8.027179
451.000000	161.530334	8.026874
452.000000	161.865784	8.027789
453.000000	162.194763	8.026645
454.000000	162.524719	8.027637
455.000000	162.868225	8.027255
456.000000	163.200806	8.027369
457.000000	163.554077	8.026301
458.000000	163.882813	8.026263
459.000000	164.213943	8.026301
460.000000	164.559753	8.026492
461.000000	164.903748	8.027102
462.000000	165.239822	8.026835
463.000000	165.576141	8.026721
464.000000	165.919785	8.027522
465.000000	166.267868	8.026530
466.000000	166.610062	8.025577
467.000000	166.949860	8.026340
468.000000	167.291931	8.024851
469.000000	167.634506	8.026683
470.000000	167.973328	8.027102
471.000000	168.308685	8.026683
472.000000	168.657730	8.025920
473.000000	169.006531	8.025766
474.000000	169.346100	8.027751
475.000000	169.680954	8.025270
476.000000	170.025940	8.025805
477.000000	170.370422	8.024775
478.000000	170.702988	8.023591
479.000000	171.049149	8.026073
480.000000	171.396622	8.025461
481.000000	171.734299	8.026263
482.000000	172.102966	8.024965
483.000000	172.439850	8.025691
484.000000	172.785400	8.025995
485.000000	173.117081	8.025920
486.000000	173.460098	8.025080
487.000000	173.806976	8.025233
488.000000	174.149643	8.024814
489.000000	174.475769	8.024890
490.000000	174.808289	8.026378
491.000000	175.162170	8.025958
492.000000	175.505066	8.026073
493.000000	175.832184	8.026263
494.000000	176.165558	8.026034
495.000000	176.507843	8.025043
496.000000	176.831970	8.025423
497.000000	177.179657	8.025424
498.000000	177.507874	8.025081
499.000000	177.842697	8.024354
500.000000	178.166916	8.025462
501.000000	178.500427	8.025043
502.000000	178.825714	8.024469
503.000000	179.168381	8.025729
504.000000	179.495255	8.025691
505.000000	179.828003	8.023705
506.000000	180.166092	8.024470
507.000000	180.493942	8.025805
508.000000	180.818039	8.024318
509.000000	181.155151	8.023325
510.000000	181.488281	8.023667
511.000000	181.808899	8.022751
512.000000	182.132629	8.023934
513.000000	182.466980	8.023094
514.000000	182.800964	8.023591
515.000000	183.123962	8.023324
516.000000	183.455658	8.024890
517.000000	183.799896	8.024164
518.000000	184.121094	8.024394
519.000000	184.451828	8.023897
520.000000	184.771225	8.022064
521.000000	185.104492	8.022904
522.000000	185.424255	8.022065
523.000000	185.758316	8.023438
524.000000	186.085464	8.022676
525.000000	186.415588	8.023477
526.000000	186.739441	8.021645
527.000000	187.071854	8.021492
528.000000	187.402573	8.021340
529.000000	187.723419	8.021721
530.000000	188.067047	8.022447
531.000000	188.388123	8.022636
532.000000	188.722717	8.023172
533.000000	189.048141	8.021378
534.000000	189.366577	8.022370
535.000000	189.689850	8.022637
536.000000	190.010193	8.022714
537.000000	190.359375	8.023630
538.000000	190.680191	8.021454
539.000000	191.003845	8.020424
540.000000	191.329971	8.019585
541.000000	191.663254	8.020996
542.000000	191.993988	8.021645
543.000000	192.314240	8.020538
544.000000	192.653519	8.020729
545.000000	192.984604	8.022714
546.000000	193.311859	8.022141
547.000000	193.638611	8.020195
548.000000	193.968506	8.019775
549.000000	194.311035	8.020691
550.000000	194.622620	8.019852
551.000000	194.959000	8.018936
552.000000	195.288879	8.020576
553.000000	195.633835	8.019890
554.000000	195.959015	8.018669
555.000000	196.293854	8.019890
556.000000	196.620361	8.017715
557.000000	196.950256	8.020233
558.000000	197.278442	8.017563
559.000000	197.611725	8.017372
560.000000	197.956055	8.019508
561.000000	198.291489	8.017067
562.000000	198.618347	8.016991
563.000000	198.951843	8.015808
564.000000	199.288376	8.019089
565.000000	199.631134	8.017715
566.000000	199.952957	8.016762
567.000000	200.288620	8.019661
568.000000	200.623810	8.017334
569.000000	200.961777	8.017296
570.000000	201.297073	8.016914
571.000000	201.635757	8.017677
572.000000	201.972794	8.017601
573.000000	202.311584	8.018173
574.000000	202.623810	8.015770
575.000000	202.974152	8.016838
576.000000	203.317871	8.016075
577.000000	203.655457	8.013443
578.000000	203.993042	8.015274
579.000000	204.337860	8.016876
580.000000	204.677368	8.014091
581.000000	204.995605	8.015236
582.000000	205.338013	8.015846
583.000000	205.671753	8.013596
584.000000	206.005875	8.015236
585.000000	206.371704	8.015007
586.000000	206.697144	8.014168
587.000000	207.042053	8.013672
588.000000	207.378830	8.013901
589.000000	207.710999	8.013405
590.000000	208.051697	8.011269
591.000000	208.398331	8.012604
592.000000	208.735687	8.014130
593.000000	209.073166	8.011612
594.000000	209.410400	8.011917
595.000000	209.746399	8.012451
596.000000	210.084473	8.012489
597.000000	210.423035	8.010620
598.000000	210.764465	8.008331
599.000000	211.093643	8.011841
600.000000	211.431000	8.009781
601.000000	211.768372	8.009171
602.000000	212.107101	8.008598
603.000000	212.433350	8.009094
604.000000	212.760056	8.009399
605.000000	213.098648	8.009094
606.000000	213.434952	8.008522
607.000000	213.776062	8.009666
608.000000	214.104218	8.007378
609.000000	214.438400	8.009285
610.000000	214.772888	8.004707
611.000000	215.092407	8.006424
612.000000	215.413376	8.006271
613.000000	215.775208	8.006577
614.000000	216.109863	8.006081
615.000000	216.446289	8.004631
616.000000	216.790283	8.006424
617.000000	217.086060	8.004707
618.000000	217.438889	8.005394
619.000000	217.775696	8.006310
620.000000	218.115234	8.001961
621.000000	218.435120	8.005318
622.000000	218.769165	8.003639
623.000000	219.103775	8.002075
624.000000	219.447067	8.002953
625.000000	219.781799	8.002151
626.000000	220.129272	7.999978
627.000000	220.445801	8.001389
628.000000	220.762177	7.999634
629.000000	221.107849	8.000511
630.000000	221.443359	7.999329
631.000000	221.777832	7.997498
632.000000	222.102631	7.998299
633.000000	222.444092	7.999100
634.000000	222.769913	7.998147
635.000000	223.105103	7.997345
636.000000	223.440247	7.998375
637.000000	223.768570	7.997384
638.000000	224.090225	7.997040
639.000000	224.429581	7.996888
640.000000	224.768921	7.995324
641.000000	225.103210	7.994484
642.000000	225.427048	7.994484
643.000000	225.771866	7.993493
644.000000	226.091965	7.992501
645.000000	226.427139	7.993760
646.000000	226.762634	7.992463
647.000000	227.090027	7.993149
648.000000	227.422653	7.991051
649.000000	227.754822	7.990517
650.000000	228.087616	7.990021
651.000000	228.443420	7.990212
652.000000	228.786224	7.988953
653.000000	229.103333	7.988495
654.000000	229.448502	7.985863
655.000000	229.786926	7.987236
656.000000	230.116791	7.986435
657.000000	230.455536	7.987427
658.000000	230.784973	7.984986
659.000000	231.123718	7.985787
660.000000	231.456116	7.982773
661.000000	231.788834	7.982506
662.000000	232.132050	7.984643
663.000000	232.474335	7.981362
664.000000	232.806808	7.981400
665.000000	233.145157	7.982354
666.000000	233.476440	7.982239
667.000000	233.820969	7.980408
668.000000	234.147629	7.979683
669.000000	234.474182	7.978234
670.000000	234.812424	7.976861
671.000000	235.151123	7.977166
672.000000	235.487671	7.976555
673.000000	235.808121	7.974228
674.000000	236.145630	7.975525
675.000000	236.493225	7.976098
676.000000	236.822067	7.971367
677.000000	237.155289	7.971215
678.000000	237.486572	7.967820
679.000000	237.820038	7.968239
680.000000	238.157166	7.969193
681.000000	238.495773	7.965989
682.000000	238.823624	7.964272
683.000000	239.158981	7.963585
684.000000	239.468643	7.961716
685.000000	239.818497	7.960419
686.000000	240.169693	7.961716
687.000000	240.498138	7.960267
688.000000	240.829590	7.959694
689.000000	241.165909	7.958169
690.000000	241.508301	7.956910
691.000000	241.841843	7.956604
692.000000	242.180115	7.954812
693.000000	242.516983	7.954926
694.000000	242.851120	7.955880
695.000000	243.190353	7.954316
696.000000	243.515259	7.954316
697.000000	243.842529	7.952523
698.000000	244.186249	7.949967
699.000000	244.535095	7.949814
700.000000	244.857971	7.947564
701.000000	245.190445	7.947564
702.000000	245.541519	7.945427
703.000000	245.874847	7.943367
704.000000	246.209930	7.940125
705.000000	246.531631	7.942109
706.000000	246.872162	7.938485
707.000000	247.206177	7.938370
708.000000	247.536179	7.936234
709.000000	247.866028	7.935051
710.000000	248.196289	7.934479
711.000000	248.525818	7.933106
712.000000	248.836609	7.933945
713.000000	249.177048	7.932114
714.000000	249.519104	7.929978
715.000000	249.841766	7.929749
716.000000	250.172455	7.926774
717.000000	250.489929	7.923188
718.000000	250.827484	7.924027
719.000000	251.161514	7.922768
720.000000	251.485962	7.921433
721.000000	251.828018	7.919526
722.000000	252.159073	7.919755
723.000000	252.500992	7.914147
724.000000	252.820374	7.912468
725.000000	253.159546	7.909226
726.000000	253.494965	7.911171
727.000000	253.829895	7.910103
728.000000	254.155609	7.906403
729.000000	254.490662	7.904037
730.000000	254.823486	7.902779
731.000000	255.160568	7.901253
732.000000	255.490051	7.898430
733.000000	255.827698	7.895493
734.000000	256.154388	7.893852
735.000000	256.490601	7.890152
736.000000	256.831665	7.890038
737.000000	257.162933	7.886871
738.000000	257.497314	7.885536
739.000000	257.815582	7.883629
740.000000	258.166077	7.881187
741.000000	258.496674	7.880119
742.000000	258.833008	7.877831
743.000000	259.169006	7.874588
744.000000	259.504059	7.874092
745.000000	259.828491	7.869781
746.000000	260.164825	7.866081
747.000000	260.507782	7.862953
748.000000	260.856873	7.861542
749.000000	261.192047	7.860054
750.000000	261.520264	7.857346
751.000000	261.856750	7.854561
752.000000	262.202393	7.851128
753.000000	262.536194	7.849411
754.000000	262.877533	7.844872
755.000000	263.210449	7.842316
756.000000	263.535248	7.839035
757.000000	263.884705	7.835564
758.000000	264.213013	7.833885
759.000000	264.556854	7.831596
760.000000	264.883789	7.830223
761.000000	265.220215	7.827667
762.000000	265.543121	7.825607
763.000000	265.886383	7.819618
764.000000	266.228638	7.816223
765.000000	266.563812	7.813667
766.000000	266.901855	7.810883
767.000000	267.233612	7.808517
768.000000	267.573700	7.803062
769.000000	267.903076	7.799248
770.000000	268.226807	7.795280
771.000000	268.561798	7.789097
772.000000	268.887787	7.788220
773.000000	269.239410	7.784482
774.000000	269.573456	7.780705
775.000000	269.897217	7.777119
776.000000	270.236572	7.770024
777.000000	270.583313	7.765141
778.000000	270.921509	7.763119
779.000000	271.255127	7.761326
780.000000	271.592285	7.758046
781.000000	271.927856	7.751484
782.000000	272.267334	7.749768
783.000000	272.602905	7.744236
784.000000	272.938660	7.740384
785.000000	273.271027	7.737866
786.000000	273.619354	7.733632
787.000000	273.956299	7.729549
788.000000	274.295898	7.726116
789.000000	274.620789	7.721424
790.000000	274.956665	7.713718
791.000000	275.280243	7.712269
792.000000	275.614258	7.705746
793.000000	275.955963	7.698956
794.000000	276.291992	7.693157
795.000000	276.620239	7.689953
796.000000	276.969849	7.685337
797.000000	277.309937	7.679577
798.000000	277.640442	7.675724
799.000000	277.971405	7.668819
800.000000	278.306335	7.663860
801.000000	278.659912	7.659397
802.000000	278.983734	7.653599
803.000000	279.317505	7.648373
804.000000	279.659576	7.642230
805.000000	279.982574	7.638568
806.000000	280.319427	7.633075
807.000000	280.651184	7.626933
808.000000	280.984619	7.620944
809.000000	281.310181	7.615451
810.000000	281.637878	7.609233
811.000000	281.976807	7.603396
812.000000	282.317902	7.596187
813.000000	282.633240	7.590007
814.000000	282.964600	7.584704
815.000000	283.292145	7.577762
816.000000	283.628571	7.570094
817.000000	283.958740	7.564792
818.000000	284.279541	7.559565
819.000000	284.602020	7.551056
820.000000	284.947144	7.545067
821.000000	285.274658	7.539231
822.000000	285.597778	7.534882
823.000000	285.934143	7.529313
824.000000	286.264862	7.520882
825.000000	286.579681	7.516572
826.000000	286.905060	7.506768
827.000000	287.237396	7.498642
828.000000	287.531250	7.494179
829.000000	287.892212	7.485901
830.000000	288.249115	7.477852
831.000000	288.601837	7.467820
832.000000	288.924377	7.461716
833.000000	289.267761	7.452294
834.000000	289.596191	7.445389
835.000000	289.916504	7.440201
836.000000	290.262207	7.433105
837.000000	290.594330	7.425629
838.000000	290.933716	7.418343
839.000000	291.265808	7.409760
840.000000	291.595062	7.400833
841.000000	291.927368	7.393051
842.000000	292.267487	7.384583
843.000000	292.608368	7.375237
844.000000	292.939240	7.368942
845.000000	293.272827	7.360283
846.000000	293.601105	7.351929
847.000000	293.943756	7.344490
848.000000	294.278961	7.337547
849.000000	294.607056	7.327131
850.000000	294.947479	7.320454
851.000000	295.283936	7.310307
852.000000	295.609589	7.302334
853.000000	295.938263	7.294285
854.000000	296.289520	7.286007
855.000000	296.622803	7.274144
856.000000	296.950256	7.266018
857.000000	297.287384	7.257206
858.000000	297.620483	7.248661
859.000000	297.960815	7.240955
860.000000	298.291351	7.234051
861.000000	298.623138	7.222569
862.000000	298.968536	7.212955
863.000000	299.293182	7.203533
864.000000	299.630493	7.196590
865.000000	299.976349	7.184956
866.000000	300.311646	7.175342
867.000000	300.646820	7.164813
868.000000	300.986664	7.156001
869.000000	301.317780	7.148219
870.000000	301.652649	7.139216
871.000000	301.989105	7.128612
872.000000	302.317535	7.120830
873.000000	302.661255	7.108204
874.000000	302.987793	7.100040
875.000000	303.310059	7.090082
876.000000	303.649353	7.078713
877.000000	303.982697	7.070054
878.000000	304.318268	7.060669
879.000000	304.660339	7.052392
880.000000	304.998352	7.043465
881.000000	305.309723	7.033318
882.000000	305.655975	7.022141
883.000000	306.001617	7.011536
884.000000	306.322968	7.003792
885.000000	306.662476	6.991242
886.000000	307.007690	6.978425
887.000000	307.324829	6.972092
888.000000	307.662720	6.960381
889.000000	308.002808	6.951988
890.000000	308.331665	6.943748
891.000000	308.666321	6.933754
892.000000	308.999786	6.922272
893.000000	309.330505	6.910370
894.000000	309.663330	6.899994
895.000000	310.002289	6.890533
896.000000	310.342712	6.880653
897.000000	310.683136	6.868065
898.000000	311.009369	6.858449
899.000000	311.334351	6.851048
900.000000	311.670959	6.841244
901.000000	312.000763	6.829876
902.000000	312.327911	6.820149
903.000000	312.666718	6.808629
904.000000	312.999512	6.796231
905.000000	313.316833	6.785779
906.000000	313.658173	6.777043
907.000000	314.005219	6.764187
908.000000	314.338501	6.757054
909.000000	314.670074	6.746373
910.000000	315.002808	6.733402
911.000000	315.327240	6.722759
912.000000	315.667114	6.714100
913.000000	316.006470	6.702732
914.000000	316.332672	6.690601
915.000000	316.670929	6.680645
916.000000	317.012604	6.667751
917.000000	317.338867	6.659969
918.000000	317.684631	6.648754
919.000000	318.017822	6.637348
920.000000	318.340759	6.626932
921.000000	318.690369	6.616517
922.000000	319.009521	6.603661
923.000000	319.347137	6.593056
924.000000	319.692688	6.583863
925.000000	320.018616	6.570664
926.000000	320.362518	6.562348
927.000000	320.684967	6.551743
928.000000	321.023071	6.540909
929.000000	321.344635	6.527291
930.000000	321.686279	6.517029
931.000000	322.014526	6.506577
932.000000	322.348511	6.493874
933.000000	322.688904	6.482353
934.000000	323.010193	6.471100
935.000000	323.336853	6.461067
936.000000	323.670654	6.448746
937.000000	323.991791	6.439514
938.000000	324.320953	6.425743
939.000000	324.647156	6.413078
940.000000	324.983185	6.400755
941.000000	325.309174	6.390073
942.000000	325.625427	6.377370
943.000000	325.969482	6.369245
944.000000	326.306641	6.357686
945.000000	326.641388	6.346623
946.000000	326.975311	6.335904
947.000000	327.313599	6.321218
948.000000	327.639130	6.311681
949.000000	327.958984	6.298749
950.000000	328.290741	6.286351
951.000000	328.637329	6.274448
952.000000	328.972900	6.263729
953.000000	329.307861	6.253162
954.000000	329.637268	6.238590
955.000000	329.979401	6.229015
956.000000	330.316895	6.215702
957.000000	330.654633	6.200825
958.000000	330.998474	6.191097
959.000000	331.333923	6.178165
960.000000	331.672882	6.166378
961.000000	332.005463	6.155504
962.000000	332.346191	6.141122
963.000000	332.693970	6.129373
964.000000	333.036804	6.117394
965.000000	333.358459	6.103776
966.000000	333.704987	6.091569
967.000000	334.041565	6.078027
968.000000	334.386261	6.068452
969.000000	334.721985	6.054490
970.000000	335.058807	6.040337
971.000000	335.384033	6.027748
972.000000	335.727112	6.011574
973.000000	336.054138	6.001541
974.000000	336.392426	5.988342
975.000000	336.728516	5.976898
976.000000	337.069672	5.963013
977.000000	337.415253	5.951263
978.000000	337.741302	5.936806
979.000000	338.073975	5.923490
980.000000	338.416260	5.906209
981.000000	338.754028	5.894041
982.000000	339.078339	5.881566
983.000000	339.400421	5.872373
984.000000	339.737152	5.856236
985.000000	340.070007	5.840711
986.000000	340.393677	5.829267
987.000000	340.732300	5.813702
988.000000	341.062439	5.801151
989.000000	341.382202	5.786770
990.000000	341.719727	5.773304
991.000000	342.044861	5.760220
992.000000	342.375946	5.744122
993.000000	342.698730	5.732754
994.000000	343.024872	5.716846
995.000000	343.358887	5.701663
996.000000	343.699921	5.688119
997.000000	344.017456	5.675416
998.000000	344.330292	5.661836
999.000000	344.675659	5.646729
1000.000000	344.988770	5.631013
1001.000000	345.324188	5.616593
1002.000000	345.658447	5.602250
1003.000000	345.981659	5.587754
1004.000000	346.310425	5.573639
1005.000000	346.646851	5.560211
1006.000000	346.973907	5.543274
1007.000000	347.299652	5.529274
1008.000000	347.630951	5.515083
1009.000000	347.968719	5.498871
1010.000000	348.298920	5.485367
1011.000000	348.643829	5.470602
1012.000000	348.968567	5.454847
1013.000000	349.299103	5.438940
1014.000000	349.625366	5.421659
1015.000000	349.961792	5.408422
1016.000000	350.295624	5.393506
1017.000000	350.635010	5.380231
1018.000000	350.976105	5.362607
1019.000000	351.298950	5.347424
1020.000000	351.627960	5.332508
1021.000000	351.960327	5.315304
1022.000000	352.299835	5.299664
1023.000000	352.634247	5.285168
1024.000000	352.983093	5.269756
1025.000000	353.311737	5.251255
1026.000000	353.648163	5.235117
1027.000000	353.975677	5.218408
1028.000000	354.318420	5.202425
1029.000000	354.647827	5.187700
1030.000000	354.990692	5.170038
1031.000000	355.331329	5.152299
1032.000000	355.658600	5.137727
1033.000000	355.997894	5.119302
1034.000000	356.344513	5.102020
1035.000000	356.676605	5.086914
1036.000000	357.026520	5.069633
1037.000000	357.364136	5.053116
1038.000000	357.699768	5.035034
1039.000000	358.042023	5.018440
1040.000000	358.367767	5.001540
1041.000000	358.708923	4.986089
1042.000000	359.034668	4.967474
1043.000000	359.392670	4.949392
1044.000000	359.718872	4.930776
1045.000000	360.057831	4.914601
1046.000000	360.399292	4.898084
1047.000000	360.736328	4.878780
1048.000000	361.062286	4.858486
1049.000000	361.402588	4.838955
1050.000000	361.744202	4.822704
1051.000000	362.069580	4.805805
1052.000000	362.399139	4.787113
1053.000000	362.735352	4.770174
1054.000000	363.068237	4.752550
1055.000000	363.399384	4.733438
1056.000000	363.726685	4.711923
1057.000000	364.055115	4.697618
1058.000000	364.404175	4.677209
1059.000000	364.730591	4.657601
1060.000000	365.068756	4.638527
1061.000000	365.400757	4.620941
1062.000000	365.720276	4.604004
1063.000000	366.043213	4.586800
1064.000000	366.386444	4.566467
1065.000000	366.708130	4.546211
1066.000000	367.045776	4.526602
1067.000000	367.387238	4.509855
1068.000000	367.720947	4.494177
1069.000000	368.051270	4.470258
1070.000000	368.375885	4.451833
1071.000000	368.704803	4.433218
1072.000000	369.032227	4.417195
1073.000000	369.373932	4.400524
1074.000000	369.695740	4.378208
1075.000000	370.032349	4.360851
1076.000000	370.349548	4.340900
1077.000000	370.688965	4.321369
1078.000000	371.026367	4.304621
1079.000000	371.346802	4.285089
1080.000000	371.674927	4.267466
1081.000000	372.008972	4.246904
1082.000000	372.341644	4.227449
1083.000000	372.663666	4.212419
1084.000000	373.005615	4.192811
1085.000000	373.338776	4.176292
1086.000000	373.682007	4.157448
1087.000000	374.012604	4.138489
1088.000000	374.353485	4.119873
1089.000000	374.686157	4.101868
1090.000000	375.030792	4.083672
1091.000000	375.373474	4.065207
1092.000000	375.699432	4.048231
1093.000000	376.033569	4.028967
1094.000000	376.363434	4.014967
1095.000000	376.689636	3.998754
1096.000000	377.046509	3.978193
1097.000000	377.389252	3.961599
1098.000000	377.733337	3.942868
1099.000000	378.062378	3.926541
1100.000000	378.384399	3.912159
1101.000000	378.731659	3.896595
1102.000000	379.068481	3.877941
1103.000000	379.403839	3.861004
1104.000000	379.716431	3.845134
1105.000000	380.070313	3.830103
1106.000000	380.399536	3.818774
1107.000000	380.733734	3.802485
1108.000000	381.082794	3.785891
1109.000000	381.412781	3.771776
1110.000000	381.747681	3.756937
1111.000000	382.088226	3.740648
1112.000000	382.422638	3.728899
1113.000000	382.766937	3.717949
1114.000000	383.098175	3.701126
1115.000000	383.441101	3.687012
1116.000000	383.775543	3.673889
1117.000000	384.117706	3.660576
1118.000000	384.437164	3.650238
1119.000000	384.781403	3.638527
1120.000000	385.123108	3.626892
1121.000000	385.465881	3.614838
1122.000000	385.803101	3.605414
1123.000000	386.138306	3.593054
1124.000000	386.476837	3.583174
1125.000000	386.827026	3.573256
1126.000000	387.153564	3.561697
1127.000000	387.475372	3.553000
1128.000000	387.811035	3.540792
1129.000000	388.137939	3.534422
1130.000000	388.471405	3.527136
1131.000000	388.804443	3.517370
1132.000000	389.137695	3.509550
1133.000000	389.475098	3.501348
1134.000000	389.813385	3.492918
1135.000000	390.143921	3.485554
1136.000000	390.490997	3.478039
1137.000000	390.819702	3.471249
1138.000000	391.141296	3.465641
1139.000000	391.456696	3.457821
1140.000000	391.788269	3.451107
1141.000000	392.143036	3.445271
1142.000000	392.467743	3.439511
1143.000000	392.798798	3.436039
1144.000000	393.140106	3.430584
1145.000000	393.485260	3.425510
1146.000000	393.821381	3.421391
1147.000000	394.155548	3.415936
1148.000000	394.489166	3.410976
1149.000000	394.847229	3.407352
1150.000000	395.190399	3.403004
1151.000000	395.520264	3.396366
1152.000000	395.865265	3.392246
1153.000000	396.224091	3.390644
1154.000000	396.567871	3.386524
1155.000000	396.915497	3.382137
1156.000000	397.265747	3.377293
1157.000000	397.606201	3.374584
1158.000000	397.962494	3.368860
1159.000000	398.300446	3.366877
1160.000000	398.662964	3.364741
1161.000000	399.008820	3.361231
1162.000000	399.352692	3.357302
1163.000000	399.699310	3.354059
1164.000000	400.045471	3.349406
1165.000000	400.380585	3.347346
1166.000000	400.739685	3.345515
1167.000000	401.079956	3.342081
1168.000000	401.411621	3.339449
1169.000000	401.731323	3.335024
1170.000000	402.062195	3.334376
1171.000000	402.392242	3.329874
1172.000000	402.733765	3.328196
1173.000000	403.062256	3.323923
1174.000000	403.371765	3.324000
1175.000000	403.695679	3.319308
1176.000000	404.033386	3.315264
1177.000000	404.366089	3.313814
1178.000000	404.681183	3.312250
1179.000000	404.994568	3.307291
1180.000000	405.298889	3.305079
1181.000000	405.610962	3.302904
1182.000000	405.930939	3.298594
1183.000000	406.243195	3.296038
1184.000000	406.542786	3.294207
1185.000000	406.861053	3.291384
1186.000000	407.177673	3.286921
1187.000000	407.478546	3.286997
1188.000000	407.797089	3.281199
1189.000000	408.126923	3.276316
1190.000000	408.450195	3.275553
1191.000000	408.763062	3.271662
1192.000000	409.076385	3.271318
1193.000000	409.397766	3.268839
1194.000000	409.710632	3.268152
1195.000000	410.019073	3.265482
1196.000000	410.343018	3.260904
1197.000000	410.678314	3.259874
1198.000000	410.997650	3.256670
1199.000000	411.315613	3.253273
1200.000000	411.653809	3.250679
1201.000000	411.978394	3.248123
1202.000000	412.296021	3.246636
1203.000000	412.619385	3.244194
1204.000000	412.966064	3.242211
1205.000000	413.301208	3.241181
1206.000000	413.644470	3.237824
1207.000000	413.977875	3.235344
1208.000000	414.312500	3.231873
1209.000000	414.628754	3.230500
1210.000000	414.977722	3.227791
1211.000000	415.307007	3.226265
1212.000000	415.650269	3.221573
1213.000000	415.979248	3.217606
1214.000000	416.315277	3.216690
1215.000000	416.645538	3.214630
1216.000000	416.993408	3.212151
1217.000000	417.338257	3.209213
1218.000000	417.676941	3.205857
1219.000000	418.031342	3.201241
1220.000000	418.360382	3.199677
1221.000000	418.691772	3.197197
1222.000000	419.036499	3.195328
1223.000000	419.377533	3.190788
1224.000000	419.707123	3.189377
1225.000000	420.046570	3.188347
1226.000000	420.380463	3.183731
1227.000000	420.720703	3.180222
1228.000000	421.060974	3.177284
1229.000000	421.378540	3.174538
1230.000000	421.723969	3.174042
1231.000000	422.051392	3.172134
1232.000000	422.409912	3.170570
1233.000000	422.746582	3.164963
1234.000000	423.080444	3.161720
1235.000000	423.423370	3.161263
1236.000000	423.735107	3.155235
1237.000000	424.091187	3.152679
1238.000000	424.426636	3.149971
1239.000000	424.757416	3.149094
1240.000000	425.086121	3.146996
1241.000000	425.419464	3.144478
1242.000000	425.758728	3.142380
1243.000000	426.091827	3.138984
1244.000000	426.412384	3.137610
1245.000000	426.761475	3.135817
1246.000000	427.106567	3.132689
1247.000000	427.437836	3.127654
1248.000000	427.762207	3.125746
1249.000000	428.109711	3.124602
1250.000000	428.442413	3.120062
1251.000000	428.766449	3.117774
1252.000000	429.102234	3.114073
1253.000000	429.446045	3.111784
1254.000000	429.785095	3.107817
1255.000000	430.118164	3.105414
1256.000000	430.456238	3.102515
1257.000000	430.778503	3.102057
1258.000000	431.120209	3.097136
1259.000000	431.462189	3.095763
1260.000000	431.795410	3.091681
1261.000000	432.119476	3.087294
1262.000000	432.442261	3.086264
1263.000000	432.779907	3.082525
1264.000000	433.107513	3.078558
1265.000000	433.440796	3.074781
1266.000000	433.758240	3.074781
1267.000000	434.113861	3.070852
1268.000000	434.446320	3.067533
1269.000000	434.770844	3.065397
1270.000000	435.095306	3.062841
1271.000000	435.420837	3.058340
1272.000000	435.762329	3.056967
1273.000000	436.095093	3.053343
1274.000000	436.422302	3.051588
1275.000000	436.756714	3.048918
1276.000000	437.086945	3.045713
1277.000000	437.421234	3.045523
1278.000000	437.748047	3.041594
1279.000000	438.091888	3.038389
1280.000000	438.402618	3.034193
1281.000000	438.749847	3.032476
1282.000000	439.077759	3.031294
1283.000000	439.408234	3.025381
1284.000000	439.742859	3.022176
1285.000000	440.069366	3.021794
1286.000000	440.409271	3.019200
1287.000000	440.751709	3.012486
1288.000000	441.083099	3.009167
1289.000000	441.412842	3.007947
1290.000000	441.745300	3.005963
1291.000000	442.076111	3.001233
1292.000000	442.403320	3.000355
1293.000000	442.737152	2.997036
1294.000000	443.082123	2.994442
1295.000000	443.420502	2.991086
1296.000000	443.752441	2.985669
1297.000000	444.081146	2.982159
1298.000000	444.422943	2.978993
1299.000000	444.754150	2.975369
1300.000000	445.083832	2.973729
1301.000000	445.426880	2.971249
1302.000000	445.763916	2.967167
1303.000000	446.090088	2.963200
1304.000000	446.415894	2.960987
1305.000000	446.743774	2.956600
1306.000000	447.061523	2.954769
1307.000000	447.423950	2.952595
1308.000000	447.770874	2.949162
1309.000000	448.098877	2.946606
1310.000000	448.424683	2.944126
1311.000000	448.767334	2.941761
1312.000000	449.091919	2.937908
1313.000000	449.429688	2.935200
1314.000000	449.764923	2.930279
1315.000000	450.108093	2.927570
1316.000000	450.441437	2.926083
1317.000000	450.767700	2.921925
1318.000000	451.103149	2.918491
1319.000000	451.429932	2.912807
1320.000000	451.755859	2.910442
1321.000000	452.080811	2.909145
1322.000000	452.417969	2.903842
1323.000000	452.728882	2.903727
1324.000000	453.065369	2.900752
1325.000000	453.399506	2.894305
1326.000000	453.730103	2.891291
1327.000000	454.059509	2.887896
1328.000000	454.398560	2.882632
1329.000000	454.747314	2.879466
1330.000000	455.070190	2.878321
1331.000000	455.405365	2.876032
1332.000000	455.729370	2.873744
1333.000000	456.028687	2.868784
1334.000000	456.386902	2.866038
1335.000000	456.712280	2.860163
1336.000000	457.042328	2.856425
1337.000000	457.390869	2.855471
1338.000000	457.718781	2.852686
1339.000000	458.063019	2.851008
1340.000000	458.387939	2.848185
1341.000000	458.725128	2.845438
1342.000000	459.061798	2.841318
1343.000000	459.400909	2.836473
1344.000000	459.725281	2.833384
1345.000000	460.057129	2.829760
1346.000000	460.400085	2.828043
1347.000000	460.739014	2.823923
1348.000000	461.067963	2.819460
1349.000000	461.407410	2.815798
1350.000000	461.746765	2.813776
1351.000000	462.050415	2.807901
1352.000000	462.413116	2.805613
1353.000000	462.749390	2.804239
1354.000000	463.089111	2.799700
1355.000000	463.428741	2.794397
1356.000000	463.756836	2.789285
1357.000000	464.084656	2.785508
1358.000000	464.425903	2.782227
1359.000000	464.758881	2.780625
1360.000000	465.108429	2.777001
1361.000000	465.437347	2.773339
1362.000000	465.786713	2.768914
1363.000000	466.155884	2.765290
1364.000000	466.529388	2.765252
1365.000000	466.910889	2.759682
1366.000000	467.296722	2.756783
1367.000000	467.699402	2.755028
1368.000000	468.066925	2.753121
1369.000000	468.445923	2.749154
1370.000000	468.858582	2.746636
1371.000000	469.218140	2.743241
1372.000000	469.606934	2.738358
1373.000000	469.966156	2.734772
1374.000000	470.332886	2.730461
1375.000000	470.685242	2.727524
1376.000000	471.048340	2.724510
1377.000000	471.397461	2.719818
1378.000000	471.745239	2.715546
1379.000000	472.079681	2.712303
1380.000000	472.425873	2.709290
1381.000000	472.764252	2.705894
1382.000000	473.098236	2.702271
1383.000000	473.418396	2.699638
1384.000000	473.743103	2.693878
1385.000000	474.065033	2.690598
1386.000000	474.390411	2.686440
1387.000000	474.712250	2.682663
1388.000000	475.000183	2.682816
1389.000000	475.306519	2.680374
1390.000000	475.628540	2.674995
1391.000000	475.947266	2.671790
1392.000000	476.262085	2.666640
1393.000000	476.577179	2.664847
1394.000000	476.886505	2.661147
1395.000000	477.192169	2.659774
1396.000000	477.499542	2.657447
1397.000000	477.796875	2.653899
1398.000000	478.104828	2.649894
1399.000000	478.418579	2.646842
1400.000000	478.720490	2.645583
1401.000000	479.038330	2.642378
1402.000000	479.367859	2.639060
1403.000000	479.682404	2.633719
1404.000000	480.001221	2.632498
1405.000000	480.307617	2.630095
1406.000000	480.614777	2.626242
1407.000000	480.911957	2.620177
1408.000000	481.230804	2.619299
1409.000000	481.547729	2.614683
1410.000000	481.854431	2.612318
1411.000000	482.167969	2.610144
1412.000000	482.491486	2.609076
1413.000000	482.811066	2.607321
1414.000000	483.114838	2.604307
1415.000000	483.439392	2.600645
1416.000000	483.761963	2.598623
1417.000000	484.086700	2.594809
1418.000000	484.411957	2.592520
1419.000000	484.731873	2.591337
1420.000000	485.065552	2.587332
1421.000000	485.393005	2.584433
1422.000000	485.701447	2.583212
1423.000000	486.016693	2.581953
1424.000000	486.326904	2.579702
1425.000000	486.671967	2.576460
1426.000000	487.007904	2.572607
1427.000000	487.346863	2.571997
1428.000000	487.698090	2.568869
1429.000000	488.028503	2.568144
1430.000000	488.367462	2.565931
1431.000000	488.697998	2.563566
1432.000000	489.033478	2.562155
1433.000000	489.364868	2.561735
1434.000000	489.694122	2.558759
1435.000000	490.025665	2.557920
1436.000000	490.358673	2.557729
1437.000000	490.692871	2.554639
1438.000000	491.027039	2.553342
1439.000000	491.314575	2.550900
1440.000000	491.686218	2.548726
1441.000000	492.025330	2.547963
1442.000000	492.363892	2.546780
1443.000000	492.696869	2.545026
1444.000000	493.028656	2.544720
1445.000000	493.352051	2.542088
1446.000000	493.670410	2.538922
1447.000000	494.004669	2.538769
1448.000000	494.336212	2.538274
1449.000000	494.665466	2.534993
1450.000000	495.002136	2.533047
1451.000000	495.346954	2.530911
1452.000000	495.675659	2.530072
1453.000000	496.002228	2.528813
1454.000000	496.327911	2.527058
1455.000000	496.661407	2.524159
1456.000000	496.991699	2.523663
1457.000000	497.319824	2.520001
1458.000000	497.657715	2.517865
1459.000000	497.983643	2.516987
1460.000000	498.312256	2.517407
1461.000000	498.650909	2.515233
1462.000000	498.986938	2.513897
1463.000000	499.319366	2.512486
1464.000000	499.640320	2.511990
1465.000000	499.954681	2.509663
1466.000000	500.305115	2.507565
1467.000000	500.654083	2.506917
1468.000000	500.994995	2.504895
1469.000000	501.337433	2.502682
1470.000000	501.654388	2.502034
1471.000000	501.989258	2.497685
1472.000000	502.321564	2.496616
1473.000000	502.654175	2.494938
1474.000000	502.978027	2.492039
1475.000000	503.331909	2.492458
1476.000000	503.662109	2.489712
1477.000000	503.983154	2.488415
1478.000000	504.321625	2.489216
1479.000000	504.656738	2.485935
1480.000000	504.987732	2.484295
1481.000000	505.308533	2.483265
1482.000000	505.636993	2.482845
1483.000000	505.976105	2.481129
1484.000000	506.299255	2.478230
1485.000000	506.625977	2.478230
1486.000000	506.959229	2.477276
1487.000000	507.287354	2.475979
1488.000000	507.613617	2.473804
1489.000000	507.950317	2.471287
1490.000000	508.292847	2.469646
1491.000000	508.609863	2.467815
1492.000000	508.952179	2.467167
1493.000000	509.291046	2.464725
1494.000000	509.622894	2.463581
1495.000000	509.948242	2.464039
1496.000000	510.287689	2.462933
1497.000000	510.623474	2.462208
1498.000000	510.952759	2.460148
1499.000000	511.289886	2.458508
1500.000000	511.631592	2.457134
1501.000000	511.963501	2.455799
1502.000000	512.298401	2.454578
1503.000000	512.612610	2.452824
1504.000000	512.962280	2.451565
1505.000000	513.290100	2.451260
1506.000000	513.633850	2.448627
1507.000000	513.969604	2.445538
1508.000000	514.295654	2.444660
1509.000000	514.631836	2.440768
1510.000000	514.957397	2.444164
1511.000000	515.296875	2.440921
1512.000000	515.630859	2.438098
1513.000000	515.960754	2.435160
1514.000000	516.284424	2.436801
1515.000000	516.618896	2.433215
1516.000000	516.952881	2.431765
1517.000000	517.294800	2.430087
1518.000000	517.613647	2.427722
1519.000000	517.963440	2.427378
1520.000000	518.297241	2.424060
1521.000000	518.623779	2.422534
1522.000000	518.970886	2.421122
1523.000000	519.297668	2.421656
1524.000000	519.625732	2.417498
1525.000000	519.972107	2.418414
1526.000000	520.315247	2.415858
1527.000000	520.657532	2.414752
1528.000000	520.982849	2.414561
1529.000000	521.313232	2.411204
1530.000000	521.637390	2.410479
1531.000000	521.978149	2.408915
1532.000000	522.323608	2.408267
1533.000000	522.644531	2.407084
1534.000000	522.993164	2.405673
1535.000000	523.327759	2.403307
1536.000000	523.641052	2.400790
1537.000000	523.974121	2.399340
1538.000000	524.311218	2.397547
1539.000000	524.659363	2.396098
1540.000000	524.992432	2.393618
1541.000000	525.323914	2.391825
1542.000000	525.660461	2.391139
1543.000000	525.989502	2.390795
1544.000000	526.327393	2.389575
1545.000000	526.655151	2.387019
1546.000000	526.974609	2.385569
1547.000000	527.306702	2.382479
1548.000000	527.633423	2.383356
1549.000000	527.973145	2.380381
1550.000000	528.307312	2.377367
1551.000000	528.645691	2.375727
1552.000000	528.959106	2.375994
1553.000000	529.298340	2.375154
1554.000000	529.629150	2.372217
1555.000000	529.941406	2.371149
1556.000000	530.288818	2.368097
1557.000000	530.624084	2.367678
1558.000000	530.947205	2.366533
1559.000000	531.264893	2.364893
1560.000000	531.605408	2.362375
1561.000000	531.928772	2.364092
1562.000000	532.260132	2.361460
1563.000000	532.597656	2.361116
1564.000000	532.922241	2.359514
1565.000000	533.265137	2.357683
1566.000000	533.599548	2.357759
1567.000000	533.940735	2.355356
1568.000000	534.257629	2.352762
1569.000000	534.598755	2.351580
1570.000000	534.938477	2.349291
1571.000000	535.276428	2.347918
1572.000000	535.604492	2.344370
1573.000000	535.928955	2.342920
1574.000000	536.275452	2.342501
1575.000000	536.614746	2.341661
1576.000000	536.943237	2.340670
1577.000000	537.279663	2.338305
1578.000000	537.592041	2.336931
1579.000000	537.924988	2.335558
1580.000000	538.262207	2.331972
1581.000000	538.621094	2.331591
1582.000000	538.958435	2.330561
1583.000000	539.285828	2.328462
1584.000000	539.632935	2.328958
1585.000000	539.964539	2.324685
1586.000000	540.290466	2.322701
1587.000000	540.628479	2.321328
1588.000000	540.959351	2.319649
1589.000000	541.304810	2.319611
1590.000000	541.635925	2.317971
1591.000000	541.966064	2.315682
1592.000000	542.288025	2.313050
1593.000000	542.621643	2.312630
1594.000000	542.969543	2.312287
1595.000000	543.295044	2.309884
1596.000000	543.634155	2.306603
1597.000000	543.955322	2.307175
1598.000000	544.286377	2.301491
1599.000000	544.611084	2.302254
1600.000000	544.938477	2.298554
1601.000000	545.269531	2.296723
1602.000000	545.596985	2.297028
1603.000000	545.920532	2.293977
1604.000000	546.258057	2.292756
1605.000000	546.590393	2.292527
1606.000000	546.918884	2.291573
1607.000000	547.225098	2.288102
1608.000000	547.591248	2.286728
1609.000000	547.940430	2.284020
1610.000000	548.275146	2.282647
1611.000000	548.612061	2.280892
1612.000000	548.933899	2.280129
1613.000000	549.265930	2.278260
1614.000000	549.592529	2.275895
1615.000000	549.932861	2.274522
1616.000000	550.257080	2.272614
1617.000000	550.584839	2.272538
1618.000000	550.936035	2.270325
1619.000000	551.277161	2.268876
1620.000000	551.601440	2.268036
1621.000000	551.915527	2.267807
1622.000000	552.254395	2.266243
1623.000000	552.590515	2.264069
1624.000000	552.919434	2.263077
1625.000000	553.241760	2.262085
1626.000000	553.587463	2.260216
1627.000000	553.918457	2.257011
1628.000000	554.256958	2.258270
1629.000000	554.574463	2.255066
1630.000000	554.883667	2.255562
1631.000000	555.237244	2.252777
1632.000000	555.586853	2.251099
1633.000000	555.926514	2.249001
1634.000000	556.272705	2.248123
1635.000000	556.618408	2.245567
1636.000000	556.946960	2.244919
1637.000000	557.271729	2.243011
1638.000000	557.621826	2.241638
1639.000000	557.962646	2.237938
1640.000000	558.297363	2.236717
1641.000000	558.646973	2.235420
1642.000000	558.980713	2.232330
1643.000000	559.317322	2.231148
1644.000000	559.665955	2.230728
1645.000000	559.996582	2.228249
1646.000000	560.327698	2.228210
1647.000000	560.667236	2.224281
1648.000000	561.001343	2.224091
1649.000000	561.335327	2.220924
1650.000000	561.679688	2.220924
1651.000000	562.010437	2.218254
1652.000000	562.354309	2.217033
1653.000000	562.690674	2.215965
1654.000000	563.038574	2.215393
1655.000000	563.361511	2.214363
1656.000000	563.683838	2.212532
1657.000000	564.031677	2.210701
1658.000000	564.362366	2.209518
1659.000000	564.704590	2.206885
1660.000000	565.040100	2.201583
1661.000000	565.377686	2.200057
1662.000000	565.700745	2.198874
1663.000000	566.022278	2.196204
1664.000000	566.356201	2.195823
1665.000000	566.696045	2.191741
1666.000000	567.016785	2.193114
1667.000000	567.336121	2.191512
1668.000000	567.671326	2.189567
1669.000000	568.001526	2.188117
1670.000000	568.316895	2.184875
1671.000000	568.657471	2.184875
1672.000000	568.979187	2.183043
1673.000000	569.302795	2.181327
1674.000000	569.656067	2.179267
1675.000000	569.970154	2.179953
1676.000000	570.317078	2.175566
1677.000000	570.641357	2.172972
1678.000000	570.968811	2.173392
1679.000000	571.305054	2.171408
1680.000000	571.634277	2.170913
1681.000000	571.975342	2.169120
1682.000000	572.322693	2.168280
1683.000000	572.649109	2.167174
1684.000000	572.981262	2.166182
1685.000000	573.320251	2.163359
1686.000000	573.650879	2.163169
1687.000000	573.991760	2.161910
1688.000000	574.319031	2.159545
1689.000000	574.688965	2.157981
1690.000000	575.071228	2.154357
1691.000000	575.465576	2.154738
1692.000000	575.868408	2.152068
1693.000000	576.247864	2.149931
1694.000000	576.611633	2.149206
1695.000000	576.979309	2.147413
1696.000000	577.335938	2.147909
1697.000000	577.713318	2.144133
1698.000000	578.046753	2.140585
1699.000000	578.405701	2.139822
1700.000000	578.738281	2.141310
1701.000000	579.099609	2.137915
1702.000000	579.437439	2.133986
1703.000000	579.789246	2.134901
1704.000000	580.127502	2.131659
1705.000000	580.472229	2.130934
1706.000000	580.797852	2.128569
1707.000000	581.130859	2.127691
1708.000000	581.460632	2.126661
1709.000000	581.783203	2.123838
1710.000000	582.096619	2.123152
1711.000000	582.411316	2.120939
1712.000000	582.738281	2.119909
1713.000000	583.044189	2.118917
1714.000000	583.355286	2.118078
1715.000000	583.676758	2.115255
1716.000000	583.987061	2.112700
1717.000000	584.295471	2.110601
1718.000000	584.599365	2.108961
1719.000000	584.907227	2.104040
1720.000000	585.237793	2.103773
1721.000000	585.551270	2.102095
1722.000000	585.865784	2.100683
1723.000000	586.195435	2.098738
1724.000000	586.510498	2.099730
1725.000000	586.820313	2.097097
1726.000000	587.126099	2.096563
1727.000000	587.468994	2.095419
1728.000000	587.787842	2.093206
1729.000000	588.111572	2.091413
1730.000000	588.434814	2.091298
1731.000000	588.765259	2.089543
1732.000000	589.083496	2.087903
1733.000000	589.427246	2.085805
1734.000000	589.747803	2.082257
1735.000000	590.067688	2.081418
1736.000000	590.366455	2.078671
1737.000000	590.724854	2.078061
1738.000000	591.039490	2.075582
1739.000000	591.373108	2.074170
1740.000000	591.693115	2.073941
1741.000000	592.025146	2.071652
1742.000000	592.350403	2.071462
1743.000000	592.669250	2.069249
1744.000000	593.011414	2.066884
1745.000000	593.352783	2.063603
1746.000000	593.744141	2.061200
1747.000000	594.146606	2.057271
1748.000000	594.530090	2.052808
1749.000000	594.886841	2.050633
1750.000000	595.288818	2.049985
1751.000000	595.668579	2.049374
1752.000000	596.043579	2.046551
1753.000000	596.404053	2.044644
1754.000000	596.788574	2.043652
1755.000000	597.151611	2.041402
1756.000000	597.514893	2.037968
1757.000000	597.878113	2.036061
1758.000000	598.233643	2.035794
1759.000000	598.592651	2.033695
1760.000000	598.942871	2.030033
1761.000000	599.284058	2.029003
1762.000000	599.623962	2.028088
1763.000000	599.949463	2.027744
1764.000000	600.289124	2.025188
1765.000000	600.622070	2.027363
1766.000000	600.964417	2.023434
1767.000000	601.284912	2.022633
1768.000000	601.610413	2.020840
1769.000000	601.947021	2.020306
1770.000000	602.271484	2.017902
1771.000000	602.614746	2.016911
1772.000000	602.951416	2.016033
1773.000000	603.280273	2.013401
1774.000000	603.591492	2.011990
1775.000000	603.929077	2.009853
1776.000000	604.240601	2.008442
1777.000000	604.598389	2.007259
1778.000000	604.943481	2.003292
1779.000000	605.284668	2.001537
1780.000000	605.630005	2.001995
1781.000000	605.922852	1.999668
1782.000000	606.269836	1.998562
1783.000000	606.627686	1.996082
1784.000000	606.982971	1.996082
1785.000000	607.331543	1.992077
1786.000000	607.698364	1.992764
1787.000000	608.044312	1.987804
1788.000000	608.390198	1.988415
1789.000000	608.745911	1.987461
1790.000000	609.098633	1.984257
1791.000000	609.437622	1.983952
1792.000000	609.781067	1.982273
1793.000000	610.130371	1.981129
1794.000000	610.466675	1.978115
1795.000000	610.792725	1.978268
1796.000000	611.135254	1.976856
1797.000000	611.471558	1.976283
1798.000000	611.801636	1.974567
1799.000000	612.140564	1.972697
1800.000000	612.468445	1.971515
1801.000000	612.787048	1.971171
1802.000000	613.118347	1.968501
1803.000000	613.458557	1.966785
1804.000000	613.785400	1.966670
1805.000000	614.116211	1.963885
1806.000000	614.449463	1.961673
1807.000000	614.766357	1.959766
1808.000000	615.094299	1.959880
1809.000000	615.407959	1.955226
1810.000000	615.731689	1.954959
1811.000000	616.067078	1.955531
1812.000000	616.395386	1.952479
1813.000000	616.726563	1.949275
1814.000000	617.045837	1.948970
1815.000000	617.357178	1.946872
1816.000000	617.664795	1.944163
1817.000000	618.030762	1.943820
1818.000000	618.341370	1.941417
1819.000000	618.646301	1.941417
1820.000000	618.956787	1.939776
1821.000000	619.289978	1.937220
1822.000000	619.600464	1.936152
1823.000000	619.910034	1.935733
1824.000000	620.251404	1.933139
1825.000000	620.576660	1.931002
1826.000000	620.898926	1.928828
1827.000000	621.249390	1.926959
1828.000000	621.596313	1.927188
1829.000000	621.937134	1.926310
1830.000000	622.282593	1.924212
1831.000000	622.604492	1.923030
1832.000000	622.959106	1.920512
1833.000000	623.307495	1.919673
1834.000000	623.639465	1.914065
1835.000000	623.973145	1.913111
1836.000000	624.322083	1.910822
1837.000000	624.661499	1.911623
1838.000000	625.010742	1.908800
1839.000000	625.349304	1.905825
1840.000000	625.678528	1.904719
1841.000000	625.999878	1.908037
1842.000000	626.347839	1.902773
1843.000000	626.701416	1.902086
1844.000000	627.035156	1.900179
1845.000000	627.358887	1.899416
1846.000000	627.691467	1.897394
1847.000000	628.033142	1.898462
1848.000000	628.369873	1.895716
1849.000000	628.703308	1.894915
1850.000000	629.032104	1.892435
1851.000000	629.349182	1.890604
1852.000000	629.675659	1.887018
1853.000000	630.016846	1.885874
1854.000000	630.346313	1.884233
1855.000000	630.674377	1.883928
1856.000000	631.007813	1.882555
1857.000000	631.351990	1.880152
1858.000000	631.672668	1.880228
1859.000000	631.986023	1.879580
1860.000000	632.336670	1.876032
1861.000000	632.656433	1.876032
1862.000000	632.991028	1.875917
1863.000000	633.326599	1.875841
1864.000000	633.642517	1.873133
1865.000000	633.986816	1.870958
1866.000000	634.291748	1.871264
1867.000000	634.626709	1.868288
1868.000000	634.958496	1.866419
1869.000000	635.281738	1.863901
1870.000000	635.615479	1.864702
1871.000000	635.946716	1.862756
1872.000000	636.297363	1.861765
1873.000000	636.629944	1.858560
1874.000000	636.947266	1.857415
1875.000000	637.282227	1.856652
1876.000000	637.600220	1.853677
1877.000000	637.941467	1.853257
1878.000000	638.253052	1.851159
1879.000000	638.579285	1.851464
1880.000000	638.913269	1.848336
1881.000000	639.231506	1.846734
1882.000000	639.566711	1.844598
1883.000000	639.896851	1.843110
1884.000000	640.209534	1.842767
1885.000000	640.499023	1.840859
1886.000000	640.805420	1.839181
1887.000000	641.109009	1.839410
1888.000000	641.412292	1.835748
1889.000000	641.722717	1.834832
1890.000000	642.038452	1.834069
1891.000000	642.355957	1.831895
1892.000000	642.665222	1.831132
1893.000000	642.967346	1.829835
1894.000000	643.294800	1.827813
1895.000000	643.610168	1.827088
1896.000000	643.938416	1.824914
1897.000000	644.234131	1.822968
1898.000000	644.572876	1.820946
1899.000000	644.912292	1.819115
1900.000000	645.239014	1.819154
1901.000000	645.566650	1.815682
1902.000000	645.882568	1.815224
1903.000000	646.220703	1.814194
1904.000000	646.552185	1.810075
1905.000000	646.882935	1.809350
1906.000000	647.222290	1.810685
1907.000000	647.535034	1.808320
1908.000000	647.865234	1.806756
1909.000000	648.187134	1.805955
1910.000000	648.528198	1.803704
1911.000000	648.855774	1.804429
1912.000000	649.184265	1.801644
1913.000000	649.536682	1.799088
1914.000000	649.876343	1.799965
1915.000000	650.221436	1.797714
1916.000000	650.549805	1.796265
1917.000000	650.885681	1.793175
1918.000000	651.214111	1.792488
1919.000000	651.556152	1.790695
1920.000000	651.887268	1.791344
1921.000000	652.225098	1.790009
1922.000000	652.556213	1.787109
1923.000000	652.870239	1.783981
1924.000000	653.202332	1.783600
1925.000000	653.531616	1.782913
1926.000000	653.866699	1.781311
1927.000000	654.205261	1.780930
1928.000000	654.534424	1.779518
1929.000000	654.865784	1.779671
1930.000000	655.211304	1.777039
1931.000000	655.535889	1.776581
1932.000000	655.866699	1.776924
1933.000000	656.199341	1.775017
1934.000000	656.535034	1.772537
1935.000000	656.866577	1.771927
1936.000000	657.206604	1.769600
1937.000000	657.538574	1.768799
1938.000000	657.857727	1.765480
1939.000000	658.185120	1.767960
1940.000000	658.513611	1.764641
1941.000000	658.837341	1.763229
1942.000000	659.157715	1.762123
1943.000000	659.480042	1.761856
1944.000000	659.791077	1.758385
1945.000000	660.115051	1.757278
1946.000000	660.422241	1.756401
1947.000000	660.742981	1.755371
1948.000000	661.059326	1.754799
1949.000000	661.374756	1.753311
1950.000000	661.691467	1.751289
1951.000000	662.011780	1.750145
1952.000000	662.327881	1.749573
1953.000000	662.649719	1.748123
1954.000000	662.982178	1.745872
1955.000000	663.343262	1.743621
1956.000000	663.686523	1.741447
1957.000000	664.017029	1.742210
1958.000000	664.348816	1.739463
1959.000000	664.707275	1.737937
1960.000000	665.070923	1.736259
1961.000000	665.446838	1.736755
1962.000000	665.813293	1.733512
1963.000000	666.186768	1.733932
1964.000000	666.575439	1.732749
1965.000000	666.919922	1.731223
1966.000000	667.273926	1.730155
1967.000000	667.643555	1.728553
1968.000000	668.019165	1.726989
1969.000000	668.359131	1.723670
1970.000000	668.723755	1.722297
1971.000000	669.056580	1.722106
1972.000000	669.375854	1.721572
1973.000000	669.702637	1.719512
1974.000000	670.039795	1.716308
1975.000000	670.374268	1.715583
1976.000000	670.672546	1.711349
1977.000000	671.017883	1.711005
1978.000000	671.358582	1.711234
1979.000000	671.680969	1.711654
1980.000000	672.016785	1.709022
1981.000000	672.326172	1.706695
1982.000000	672.665771	1.707763
1983.000000	673.005005	1.705932
1984.000000	673.335205	1.704978
1985.000000	673.662842	1.703071
1986.000000	673.990906	1.702727
1987.000000	674.317627	1.703109
1988.000000	674.641968	1.699256
1989.000000	674.973816	1.699523
1990.000000	675.294434	1.698035
1991.000000	675.616699	1.695327
1992.000000	675.946960	1.692008
1993.000000	676.274902	1.693419
1994.000000	676.605591	1.690711
1995.000000	676.936523	1.688422
1996.000000	677.249695	1.689376
1997.000000	677.594971	1.686934
1998.000000	677.926392	1.686400
1999.000000	678.258301	1.683767
2000.000000	678.581299	1.683157
2001.000000	678.922668	1.682013
2002.000000	679.258362	1.682814
2003.000000	679.577393	1.682051
2004.000000	679.920410	1.680372
2005.000000	680.248535	1.678045
2006.000000	680.572205	1.678579
2007.000000	680.927368	1.675604
2008.000000	681.250732	1.676024
2009.000000	681.589111	1.673926
2010.000000	681.935059	1.671522
2011.000000	682.261230	1.671408
2012.000000	682.591431	1.671141
2013.000000	682.919983	1.669958
2014.000000	683.261536	1.668013
2015.000000	683.597778	1.666449
2016.000000	683.924561	1.664847
2017.000000	684.268188	1.664274
2018.000000	684.581177	1.662214
2019.000000	684.917969	1.661413
2020.000000	685.247070	1.657599
2021.000000	685.585266	1.656988
2022.000000	685.907959	1.657179
2023.000000	686.226929	1.656530
2024.000000	686.565979	1.654966
2025.000000	686.875183	1.652945
2026.000000	687.215576	1.652182
2027.000000	687.568237	1.651571
2028.000000	687.902405	1.649817
2029.000000	688.229553	1.649321
2030.000000	688.543518	1.646154
2031.000000	688.878967	1.645201
2032.000000	689.226318	1.645926
2033.000000	689.564697	1.642225
2034.000000	689.886658	1.641577
2035.000000	690.210632	1.639174
2036.000000	690.511475	1.638487
2037.000000	690.855652	1.636694
2038.000000	691.194336	1.636580
2039.000000	691.532715	1.634100
2040.000000	691.867676	1.633833
2041.000000	692.204224	1.634176
2042.000000	692.539551	1.631849
2043.000000	692.871887	1.630399
2044.000000	693.194824	1.629217
2045.000000	693.545166	1.629102
2046.000000	693.905762	1.627157
2047.000000	694.304138	1.626661
2048.000000	694.688660	1.625211
2049.000000	695.033447	1.623113
2050.000000	695.382874	1.621816
2051.000000	695.707275	1.619069
2052.000000	696.026367	1.618001
2053.000000	696.379517	1.615827
2054.000000	696.726379	1.614186
2055.000000	697.063049	1.613500
2056.000000	697.395264	1.612661
2057.000000	697.727966	1.610562
2058.000000	698.060791	1.609761
2059.000000	698.398376	1.608617
2060.000000	698.727600	1.609418
2061.000000	699.047913	1.606710
2062.000000	699.384705	1.608388
2063.000000	699.710205	1.606252
2064.000000	700.045959	1.602780
2065.000000	700.383789	1.602628
2066.000000	700.707886	1.600492
2067.000000	701.033936	1.598660
2068.000000	701.369629	1.599118
2069.000000	701.706970	1.594769
2070.000000	702.031921	1.596944
2071.000000	702.354065	1.594617
2072.000000	702.686768	1.592786
2073.000000	703.051758	1.594007
2074.000000	703.389404	1.590344
2075.000000	703.726563	1.589086
2076.000000	704.068848	1.590459
2077.000000	704.389587	1.588933
2078.000000	704.732910	1.585385
2079.000000	705.052185	1.584699
2080.000000	705.375732	1.583554
2081.000000	705.699219	1.584394
2082.000000	706.039490	1.583554
2083.000000	706.365723	1.581265
2084.000000	706.700439	1.581761
2085.000000	707.033752	1.581265
2086.000000	707.370605	1.578824
2087.000000	707.714111	1.577832
2088.000000	708.040466	1.577565
2089.000000	708.384277	1.574971
2090.000000	708.716309	1.574361
2091.000000	709.034302	1.573369
2092.000000	709.385315	1.571729
2093.000000	709.718628	1.570050
2094.000000	710.061523	1.567112
2095.000000	710.410828	1.567990
2096.000000	710.740906	1.567532
2097.000000	711.070007	1.566273
2098.000000	711.408325	1.563755
2099.000000	711.732666	1.562992
2100.000000	712.075500	1.562344
2101.000000	712.410034	1.560398
2102.000000	712.720886	1.558644
2103.000000	713.069153	1.558262
2104.000000	713.396179	1.557957
2105.000000	713.719360	1.556889
2106.000000	714.062500	1.555401
2107.000000	714.390015	1.552197
2108.000000	714.726440	1.550785
2109.000000	715.045532	1.549450
2110.000000	715.386719	1.545979
2111.000000	715.705017	1.546818
2112.000000	716.018494	1.545597
2113.000000	716.370850	1.541935
2114.000000	716.707336	1.543881
2115.000000	717.030090	1.541782
2116.000000	717.350342	1.540104
2117.000000	717.694092	1.539799
2118.000000	718.016113	1.539532
2119.000000	718.351013	1.537586
2120.000000	718.675537	1.537853
2121.000000	718.987122	1.538998
2122.000000	719.322266	1.534039
2123.000000	719.670898	1.533085
2124.000000	720.018555	1.532475
2125.000000	720.348511	1.531483
2126.000000	720.680603	1.531025
2127.000000	721.000000	1.529118
2128.000000	721.340942	1.526562
2129.000000	721.665771	1.525379
2130.000000	721.988281	1.524578
2131.000000	722.335876	1.520916
2132.000000	722.653320	1.520344
2133.000000	722.987549	1.519581
2134.000000	723.317810	1.517254
2135.000000	723.664551	1.516338
2136.000000	724.000305	1.516109
2137.000000	724.332275	1.514355
2138.000000	724.666382	1.513821
2139.000000	725.015869	1.512218
2140.000000	725.357483	1.510654
2141.000000	725.685059	1.511112
2142.000000	726.004700	1.510234
2143.000000	726.349060	1.509700
2144.000000	726.666992	1.507678
2145.000000	727.007324	1.507450
2146.000000	727.336060	1.507335
2147.000000	727.671387	1.505771
2148.000000	728.014771	1.503711
2149.000000	728.326843	1.502452
2150.000000	728.665527	1.500964
2151.000000	729.004089	1.499439
2152.000000	729.330444	1.498180
2153.000000	729.663818	1.498103
2154.000000	729.998840	1.495204
2155.000000	730.328064	1.494289
2156.000000	730.644653	1.492915
2157.000000	730.972656	1.493411
2158.000000	731.326660	1.493106
2159.000000	731.651306	1.491084
2160.000000	731.950806	1.488681
2161.000000	732.260986	1.487994
2162.000000	732.586243	1.487766
2163.000000	732.923096	1.487651
2164.000000	733.248047	1.486011
2165.000000	733.585693	1.485629
2166.000000	733.917175	1.484790
2167.000000	734.232666	1.483073
2168.000000	734.551880	1.482844
2169.000000	734.846680	1.482158
2170.000000	735.157959	1.481357
2171.000000	735.489258	1.476703
2172.000000	735.840088	1.477923
2173.000000	736.196228	1.476855
2174.000000	736.559143	1.475902
2175.000000	736.925415	1.474910
2176.000000	737.252502	1.471667
2177.000000	737.588257	1.470561
2178.000000	737.890625	1.469073
2179.000000	738.202515	1.468654
2180.000000	738.525879	1.466670
2181.000000	738.856262	1.466708
2182.000000	739.182068	1.467319
2183.000000	739.487793	1.463580
2184.000000	739.815369	1.463313
2185.000000	740.171387	1.461825
2186.000000	740.512146	1.462436
2187.000000	740.819885	1.459651
2188.000000	741.146423	1.460719
2189.000000	741.479492	1.459002
2190.000000	741.807190	1.457973
2191.000000	742.140503	1.456904
2192.000000	742.473694	1.455645
2193.000000	742.809509	1.453471
2194.000000	743.126709	1.450762
2195.000000	743.461609	1.450419
2196.000000	743.789185	1.449885
2197.000000	744.125183	1.449389
2198.000000	744.437134	1.447367
2199.000000	744.783142	1.444506
2200.000000	745.105347	1.445994
2201.000000	745.450073	1.443476
2202.000000	745.781372	1.441149
2203.000000	746.105225	1.440462
2204.000000	746.437439	1.440081
2205.000000	746.764282	1.439661
2206.000000	747.131836	1.437639
2207.000000	747.462646	1.437830
2208.000000	747.783691	1.437144
2209.000000	748.133606	1.436114
2210.000000	748.459229	1.434550
2211.000000	748.797607	1.434740
2212.000000	749.118530	1.432795
2213.000000	749.471436	1.428980
2214.000000	749.792419	1.428065
2215.000000	750.133484	1.428293
2216.000000	750.463196	1.428675
2217.000000	750.806091	1.424898
2218.000000	751.120850	1.421656
2219.000000	751.434814	1.418718
2220.000000	751.772705	1.416086
2221.000000	752.126648	1.413111
2222.000000	752.448975	1.411127
2223.000000	752.776062	1.409182
2224.000000	753.112549	1.406893
2225.000000	753.448303	1.404528
2226.000000	753.769287	1.400675
2227.000000	754.110596	1.399225
2228.000000	754.429199	1.398310
2229.000000	754.761719	1.396631
2230.000000	755.099854	1.394762
2231.000000	755.441223	1.394151
2232.000000	755.772461	1.393770
2233.000000	756.092712	1.393236
2234.000000	756.428223	1.391214
2235.000000	756.754700	1.390260
2236.000000	757.110046	1.388925
2237.000000	757.436096	1.388696
2238.000000	757.740540	1.387552
2239.000000	758.062378	1.385453
2240.000000	758.397461	1.386331
2241.000000	758.746277	1.385797
2242.000000	759.073853	1.383737
2243.000000	759.410156	1.382058
2244.000000	759.725830	1.383165
2245.000000	760.068848	1.380647
2246.000000	760.407715	1.378663
2247.000000	760.739258	1.378930
2248.000000	761.074768	1.377748
2249.000000	761.419983	1.378358
2250.000000	761.750977	1.376031
2251.000000	762.083069	1.374238
2252.000000	762.398621	1.372827
2253.000000	762.756165	1.370805
2254.000000	763.093506	1.369203
2255.000000	763.423584	1.368287
2256.000000	763.752563	1.367143
2257.000000	764.077576	1.367944
2258.000000	764.417847	1.364320
2259.000000	764.748535	1.366036
2260.000000	765.100708	1.364434
2261.000000	765.420654	1.363862
2262.000000	765.754395	1.363175
2263.000000	766.074097	1.361688
2264.000000	766.414490	1.360772
2265.000000	766.737366	1.359742
2266.000000	767.080566	1.357949
2267.000000	767.419495	1.357453
2268.000000	767.744995	1.356843
2269.000000	768.075867	1.355699
2270.000000	768.398682	1.353143
2271.000000	768.744812	1.351541
2272.000000	769.087646	1.349595
2273.000000	769.403931	1.350053
2274.000000	769.744873	1.350015
2275.000000	770.080872	1.347383
2276.000000	770.401672	1.346353
2277.000000	770.730835	1.344331
2278.000000	771.071106	1.343873
2279.000000	771.406433	1.342538
2280.000000	771.733887	1.341088
2281.000000	772.052185	1.341546
2282.000000	772.392029	1.339982
2283.000000	772.720947	1.340173
2284.000000	773.072998	1.338761
2285.000000	773.402527	1.336854
2286.000000	773.730713	1.337044
2287.000000	774.054260	1.334527
2288.000000	774.363953	1.333001
2289.000000	774.679504	1.330979
2290.000000	775.045410	1.329491
2291.000000	775.386353	1.330178
2292.000000	775.708923	1.327660
2293.000000	776.033264	1.323655
2294.000000	776.362244	1.325562
2295.000000	776.706238	1.322777
2296.000000	777.022705	1.322434
2297.000000	777.361023	1.321099
2298.000000	777.689758	1.318657
2299.000000	778.026855	1.319535
2300.000000	778.363098	1.319039
2301.000000	778.699219	1.316826
2302.000000	779.016113	1.316826
2303.000000	779.343506	1.316445
2304.000000	779.679626	1.314690
2305.000000	779.996826	1.314690
2306.000000	780.328552	1.313812
2307.000000	780.654358	1.313088
2308.000000	781.018677	1.311753
2309.000000	781.346069	1.310608
2310.000000	781.663757	1.311409
2311.000000	781.984070	1.307365
2312.000000	782.324707	1.305611
2313.000000	782.654785	1.306068
2314.000000	782.971680	1.305267
2315.000000	783.319824	1.303398
2316.000000	783.649414	1.300690
2317.000000	783.960632	1.300194
2318.000000	784.295044	1.299240
2319.000000	784.628906	1.297905
2320.000000	784.970398	1.297333
2321.000000	785.303711	1.295883
2322.000000	785.618164	1.293289
2323.000000	785.935059	1.294510
2324.000000	786.266846	1.292374
2325.000000	786.620605	1.292259
2326.000000	786.970947	1.290161
2327.000000	787.283630	1.289780
2328.000000	787.615784	1.288635
2329.000000	787.985718	1.287109
2330.000000	788.328979	1.286461
2331.000000	788.662170	1.286919
2332.000000	788.988525	1.285889
2333.000000	789.285400	1.284286
2334.000000	789.606445	1.284363
2335.000000	789.958618	1.282341
2336.000000	790.321289	1.281235
2337.000000	790.649109	1.279556
2338.000000	790.975037	1.279403
2339.000000	791.312500	1.277305
2340.000000	791.631653	1.275703
2341.000000	791.989685	1.274787
2342.000000	792.357056	1.273948
2343.000000	792.663696	1.272842
2344.000000	792.979309	1.271201
2345.000000	793.312805	1.270591
2346.000000	793.649536	1.267387
2347.000000	793.964966	1.267158
2348.000000	794.303101	1.266738
2349.000000	794.641846	1.266967
2350.000000	794.988586	1.263687
2351.000000	795.332031	1.263686
2352.000000	795.654846	1.260787
2353.000000	795.976501	1.260940
2354.000000	796.284973	1.256744
2355.000000	796.629333	1.257278
2356.000000	796.973694	1.257468
2357.000000	797.304077	1.254798
2358.000000	797.653076	1.252815
2359.000000	797.963501	1.250869
2360.000000	798.293396	1.250182
2361.000000	798.618896	1.247474
2362.000000	798.947998	1.243926
2363.000000	799.253052	1.238585
2364.000000	799.575439	1.230041
2365.000000	799.907227	1.225730
2366.000000	800.247498	1.221266
2367.000000	800.584412	1.217337
2368.000000	800.914185	1.214781
2369.000000	801.254822	1.211615
2370.000000	801.582947	1.208258
2371.000000	801.923340	1.207686
2372.000000	802.257324	1.204672
2373.000000	802.604004	1.200896
2374.000000	802.912598	1.200896
2375.000000	803.256958	1.199713
2376.000000	803.602722	1.198225
2377.000000	803.936401	1.197958
2378.000000	804.239319	1.194754
2379.000000	804.576965	1.193800
2380.000000	804.921387	1.193648
2381.000000	805.267334	1.194220
2382.000000	805.600037	1.191893
2383.000000	805.928223	1.192579
2384.000000	806.262085	1.189451
2385.000000	806.587952	1.187353
2386.000000	806.921692	1.187925
2387.000000	807.265442	1.187696
2388.000000	807.604675	1.186628
2389.000000	807.939941	1.186056
2390.000000	808.278931	1.184607
2391.000000	808.626404	1.181517
2392.000000	808.947510	1.182470
2393.000000	809.273926	1.181173
2394.000000	809.610535	1.176939
