0.000000	22.880274	10.167173
1.000000	22.885698	10.166310
2.000000	22.887508	10.163918
3.000000	22.898117	10.163643
4.000000	22.905230	10.161053
5.000000	22.914152	10.160268
6.000000	22.929462	10.157483
7.000000	22.942127	10.159876
8.000000	22.956955	10.157914
9.000000	22.980463	10.159641
10.000000	23.000477	10.155209
11.000000	23.026283	10.157601
12.000000	23.058229	10.155247
13.000000	23.087767	10.153324
14.000000	23.119360	10.153050
15.000000	23.161554	10.150500
16.000000	23.200138	10.149403
17.000000	23.243177	10.150814
18.000000	23.286583	10.150226
19.000000	23.338305	10.148421
20.000000	23.382553	10.148107
21.000000	23.432953	10.145596
22.000000	23.485397	10.146616
23.000000	23.535431	10.145322
24.000000	23.584141	10.142497
25.000000	23.648281	10.142301
26.000000	23.711700	10.139397
27.000000	23.770416	10.137947
28.000000	23.839745	10.137397
29.000000	23.896769	10.136574
30.000000	23.967543	10.135436
31.000000	24.028069	10.133161
32.000000	24.109934	10.134023
33.000000	24.168283	10.132847
34.000000	24.233269	10.131160
35.000000	24.305008	10.129472
36.000000	24.379156	10.130179
37.000000	24.459576	10.128688
38.000000	24.532036	10.127472
39.000000	24.602327	10.126609
40.000000	24.678164	10.127355
41.000000	24.767141	10.126021
42.000000	24.837551	10.125196
43.000000	24.918091	10.124883
44.000000	24.995855	10.123981
45.000000	25.082062	10.123039
46.000000	25.170799	10.123470
47.000000	25.249527	10.122019
48.000000	25.330307	10.119900
49.000000	25.415064	10.117664
50.000000	25.494038	10.115193
51.000000	25.584221	10.116801
52.000000	25.668373	10.114840
53.000000	25.760368	10.114056
54.000000	25.854290	10.113035
55.000000	25.939651	10.112211
56.000000	26.032125	10.113113
57.000000	26.122549	10.110486
58.000000	26.210802	10.108092
59.000000	26.318468	10.108837
60.000000	26.413235	10.107778
61.000000	26.514996	10.106365
62.000000	26.617596	10.106248
63.000000	26.725258	10.105306
64.000000	26.843899	10.105621
65.000000	26.956264	10.104248
66.000000	27.075268	10.103972
67.000000	27.205359	10.102992
68.000000	27.329058	10.103698
69.000000	27.464455	10.102324
70.000000	27.607086	10.101853
71.000000	27.757189	10.101068
72.000000	27.909105	10.099148
73.000000	28.073559	10.099030
74.000000	28.238735	10.097577
75.000000	28.419222	10.097499
76.000000	28.592714	10.097263
77.000000	28.788275	10.095734
78.000000	28.984558	10.095537
79.000000	29.178671	10.095342
80.000000	29.400635	10.094360
81.000000	29.624044	10.093498
82.000000	29.856255	10.090986
83.000000	30.097893	10.093067
84.000000	30.350365	10.092909
85.000000	30.594580	10.091929
86.000000	30.875387	10.091145
87.000000	31.139095	10.091654
88.000000	31.423607	10.088124
89.000000	31.716133	10.090633
90.000000	32.025406	10.086475
91.000000	32.327137	10.085651
92.000000	32.643826	10.083925
93.000000	32.973663	10.084867
94.000000	33.315350	10.083337
95.000000	33.659775	10.082397
96.000000	34.010429	10.081847
97.000000	34.378300	10.080513
98.000000	34.758728	10.081101
99.000000	35.137127	10.077885
100.000000	35.526169	10.076863
101.000000	35.920826	10.075569
102.000000	36.326855	10.074903
103.000000	36.730606	10.073373
104.000000	37.148701	10.072628
105.000000	37.570751	10.070548
106.000000	37.992916	10.069018
107.000000	38.413174	10.068822
108.000000	38.841675	10.067370
109.000000	39.270187	10.064625
110.000000	39.720577	10.061840
111.000000	40.157097	10.061447
112.000000	40.595135	10.060976
113.000000	41.034161	10.059054
114.000000	41.472000	10.056740
115.000000	41.924915	10.056858
116.000000	42.368217	10.051991
117.000000	42.805817	10.051247
118.000000	43.245674	10.049679
119.000000	43.687313	10.047716
120.000000	44.131802	10.045675
121.000000	44.590656	10.042734
122.000000	45.017929	10.039870
123.000000	45.463840	10.038889
124.000000	45.901443	10.034495
125.000000	46.337742	10.030181
126.000000	46.755047	10.028885
127.000000	47.181961	10.028531
128.000000	47.608994	10.025001
129.000000	48.018108	10.021472
130.000000	48.432316	10.020687
131.000000	48.852943	10.017076
132.000000	49.257782	10.012840
133.000000	49.663925	10.009741
134.000000	50.059383	10.006248
135.000000	50.449249	10.004209
136.000000	50.835403	10.003426
137.000000	51.218506	10.000993
138.000000	51.595932	9.998718
139.000000	51.969810	9.995227
140.000000	52.346649	9.992558
141.000000	52.716515	9.990400
142.000000	53.068069	9.985693
143.000000	53.435223	9.983378
144.000000	53.785599	9.978473
145.000000	54.149334	9.975413
146.000000	54.487411	9.974276
147.000000	54.812279	9.970352
148.000000	55.155563	9.965568
149.000000	55.477585	9.962546
150.000000	55.810009	9.957721
151.000000	56.124119	9.956387
152.000000	56.450989	9.953836
153.000000	56.754692	9.950621
154.000000	57.084991	9.945952
155.000000	57.383743	9.944971
156.000000	57.691002	9.940264
157.000000	57.992233	9.933948
158.000000	58.292053	9.932339
159.000000	58.598007	9.928926
160.000000	58.897587	9.925355
161.000000	59.185001	9.923159
162.000000	59.473595	9.917156
163.000000	59.761600	9.916569
164.000000	60.044525	9.910526
165.000000	60.329926	9.908878
166.000000	60.614853	9.906799
167.000000	60.896576	9.903111
168.000000	61.186211	9.901699
169.000000	61.462029	9.898561
170.000000	61.740082	9.893854
171.000000	62.027897	9.891696
172.000000	62.299126	9.888361
173.000000	62.579411	9.884792
174.000000	62.856049	9.883223
175.000000	63.136688	9.879220
176.000000	63.403446	9.875141
177.000000	63.675613	9.873023
178.000000	63.961315	9.868039
179.000000	64.247017	9.865490
180.000000	64.511887	9.861958
181.000000	64.802765	9.857015
182.000000	65.078926	9.855250
183.000000	65.355690	9.852348
184.000000	65.632568	9.851130
185.000000	65.917442	9.848424
186.000000	66.200668	9.845051
187.000000	66.484955	9.841127
188.000000	66.775360	9.837322
189.000000	67.067062	9.832340
190.000000	67.362061	9.829358
191.000000	67.654350	9.828927
192.000000	67.954643	9.824062
193.000000	68.265869	9.822061
194.000000	68.571465	9.819394
195.000000	68.879517	9.813313
196.000000	69.192520	9.811117
197.000000	69.486931	9.808018
198.000000	69.805679	9.805506
199.000000	70.126343	9.802956
200.000000	70.440277	9.800720
201.000000	70.763863	9.798326
202.000000	71.092590	9.795227
203.000000	71.417122	9.792835
204.000000	71.747513	9.791422
205.000000	72.071541	9.785577
206.000000	72.400398	9.783811
207.000000	72.729599	9.780948
208.000000	73.077271	9.777024
209.000000	73.415298	9.775063
210.000000	73.754028	9.771611
211.000000	74.105225	9.768081
212.000000	74.445839	9.766041
213.000000	74.794334	9.760941
214.000000	75.155624	9.756664
215.000000	75.506592	9.754074
216.000000	75.858253	9.753330
217.000000	76.214737	9.749839
218.000000	76.576393	9.745601
219.000000	76.930885	9.744032
220.000000	77.290192	9.739128
221.000000	77.654442	9.734734
222.000000	78.022438	9.731125
223.000000	78.380341	9.729006
224.000000	78.751282	9.726574
225.000000	79.103302	9.725043
226.000000	79.469200	9.721239
227.000000	79.835907	9.719748
228.000000	80.199570	9.715393
229.000000	80.552521	9.711472
230.000000	80.917946	9.709312
231.000000	81.273849	9.706409
232.000000	81.645149	9.703310
233.000000	82.001396	9.699739
234.000000	82.365051	9.698406
235.000000	82.736115	9.695308
236.000000	83.082130	9.692012
237.000000	83.441322	9.690090
238.000000	83.806046	9.688442
239.000000	84.161827	9.685696
240.000000	84.517609	9.681224
241.000000	84.873726	9.678398
242.000000	85.208817	9.674122
243.000000	85.559662	9.672788
244.000000	85.930840	9.671376
245.000000	86.288490	9.666590
246.000000	86.645805	9.664314
247.000000	86.991714	9.659451
248.000000	87.353378	9.658273
249.000000	87.711151	9.653645
250.000000	88.059052	9.652429
251.000000	88.403900	9.649839
252.000000	88.749092	9.648858
253.000000	89.097824	9.646661
254.000000	89.442429	9.642620
255.000000	89.782806	9.637717
256.000000	90.110138	9.634815
257.000000	90.450043	9.631518
258.000000	90.794067	9.626811
259.000000	91.124565	9.626221
260.000000	91.459198	9.622573
261.000000	91.798653	9.623200
262.000000	92.124763	9.617826
263.000000	92.444870	9.613904
264.000000	92.780174	9.611589
265.000000	93.116898	9.610020
266.000000	93.438652	9.607431
267.000000	93.773956	9.605429
268.000000	94.102203	9.603980
269.000000	94.423599	9.602566
270.000000	94.745239	9.597858
271.000000	95.073593	9.596878
272.000000	95.398872	9.595230
273.000000	95.711433	9.593151
274.000000	96.042862	9.590523
275.000000	96.350464	9.588953
276.000000	96.658905	9.585423
277.000000	96.989494	9.583775
278.000000	97.308777	9.581185
279.000000	97.622986	9.580676
280.000000	97.951691	9.576321
281.000000	98.265915	9.573380
282.000000	98.590141	9.570240
283.000000	98.909302	9.570240
284.000000	99.219620	9.567062
285.000000	99.547737	9.562589
286.000000	99.852402	9.560863
287.000000	100.169556	9.560863
288.000000	100.491669	9.558117
289.000000	100.814369	9.555136
290.000000	101.131630	9.553528
291.000000	101.446083	9.552626
292.000000	101.766647	9.549447
293.000000	102.086792	9.550467
294.000000	102.398682	9.546897
295.000000	102.727234	9.544937
296.000000	103.040634	9.544073
297.000000	103.368477	9.539837
298.000000	103.691246	9.535954
299.000000	104.001228	9.536304
300.000000	104.320091	9.532304
301.000000	104.642136	9.530539
302.000000	104.971161	9.529636
303.000000	105.302429	9.526654
304.000000	105.616089	9.523673
305.000000	105.940735	9.524458
306.000000	106.266685	9.521201
307.000000	106.605408	9.519711
308.000000	106.942001	9.518142
309.000000	107.263802	9.515710
310.000000	107.590576	9.513512
311.000000	107.917122	9.511238
312.000000	108.248505	9.509119
313.000000	108.584503	9.508845
314.000000	108.910583	9.507746
315.000000	109.222687	9.503940
316.000000	109.589546	9.502762
317.000000	109.926727	9.502645
318.000000	110.249146	9.501665
319.000000	110.585724	9.500370
320.000000	110.920662	9.498566
321.000000	111.265045	9.496525
322.000000	111.599876	9.496055
323.000000	111.936386	9.493858
324.000000	112.269501	9.493153
325.000000	112.631065	9.489698
326.000000	112.965179	9.490210
327.000000	113.312134	9.488326
328.000000	113.657883	9.486247
329.000000	113.997932	9.485542
330.000000	114.343330	9.483932
331.000000	114.688965	9.481579
332.000000	115.041626	9.481618
333.000000	115.379181	9.478008
334.000000	115.726242	9.478518
335.000000	116.073776	9.474596
336.000000	116.416328	9.473263
337.000000	116.770050	9.473379
338.000000	117.113914	9.472007
339.000000	117.460495	9.468006
340.000000	117.810165	9.469065
341.000000	118.149017	9.467064
342.000000	118.495506	9.465494
343.000000	118.846497	9.462276
344.000000	119.182625	9.461650
345.000000	119.538361	9.458668
346.000000	119.883514	9.458550
347.000000	120.208725	9.457335
348.000000	120.569580	9.455020
349.000000	120.911385	9.453686
350.000000	121.259407	9.452470
351.000000	121.603851	9.452078
352.000000	121.946869	9.452941
353.000000	122.294968	9.450940
354.000000	122.649536	9.448391
355.000000	122.990341	9.447056
356.000000	123.325752	9.444938
357.000000	123.659393	9.445447
358.000000	124.011902	9.444192
359.000000	124.351509	9.444309
360.000000	124.699730	9.441641
361.000000	125.051643	9.440779
362.000000	125.387085	9.438857
363.000000	125.731819	9.437131
364.000000	126.067978	9.437758
365.000000	126.414619	9.435013
366.000000	126.753281	9.431717
367.000000	127.081055	9.431088
368.000000	127.423775	9.429638
369.000000	127.751915	9.429127
370.000000	128.062363	9.429285
371.000000	128.426590	9.428421
372.000000	128.760696	9.424694
373.000000	129.089417	9.424145
374.000000	129.424149	9.422694
375.000000	129.750366	9.421438
376.000000	130.084229	9.419830
377.000000	130.418823	9.417123
378.000000	130.741943	9.418575
379.000000	131.079651	9.417202
380.000000	131.400024	9.416142
381.000000	131.725647	9.415514
382.000000	132.054855	9.413082
383.000000	132.388550	9.411866
384.000000	132.706589	9.411513
385.000000	133.032257	9.408061
386.000000	133.353226	9.408532
387.000000	133.678650	9.410218
388.000000	134.013580	9.406218
389.000000	134.345963	9.406256
390.000000	134.665970	9.404687
391.000000	134.997162	9.403627
392.000000	135.319824	9.400921
393.000000	135.640671	9.401392
394.000000	135.965591	9.402883
395.000000	136.305939	9.399430
396.000000	136.615479	9.399391
397.000000	136.944031	9.397861
398.000000	137.269089	9.398606
399.000000	137.606537	9.398136
400.000000	137.916565	9.398293
401.000000	138.246445	9.397351
402.000000	138.573059	9.396253
403.000000	138.900635	9.394958
404.000000	139.220764	9.393977
405.000000	139.551239	9.394487
406.000000	139.868607	9.390368
407.000000	140.194504	9.392566
408.000000	140.538086	9.391349
409.000000	140.863129	9.390289
410.000000	141.185181	9.389662
411.000000	141.503998	9.388014
412.000000	141.833405	9.387347
413.000000	142.164597	9.388838
414.000000	142.490967	9.388406
415.000000	142.812134	9.387229
416.000000	143.147049	9.384443
417.000000	143.475708	9.383345
418.000000	143.804337	9.382050
419.000000	144.139374	9.382208
420.000000	144.460892	9.382286
421.000000	144.788437	9.381697
422.000000	145.132553	9.379736
423.000000	145.480621	9.379892
424.000000	145.820145	9.378441
425.000000	146.146011	9.376204
426.000000	146.483124	9.376911
427.000000	146.808014	9.377381
428.000000	147.148727	9.374165
429.000000	147.483292	9.375263
430.000000	147.829697	9.375342
431.000000	148.170044	9.373930
432.000000	148.507874	9.373145
433.000000	148.850769	9.373028
434.000000	149.193298	9.372910
435.000000	149.535217	9.372949
436.000000	149.868347	9.372165
437.000000	150.207733	9.370517
438.000000	150.548203	9.369301
439.000000	150.898346	9.367614
440.000000	151.237610	9.368673
441.000000	151.585953	9.367810
442.000000	151.936584	9.366280
443.000000	152.273926	9.365103
444.000000	152.616333	9.365612
445.000000	152.953049	9.366161
446.000000	153.283508	9.364241
447.000000	153.643951	9.364435
448.000000	153.980286	9.365103
449.000000	154.327393	9.362239
450.000000	154.670959	9.362592
451.000000	155.019775	9.360827
452.000000	155.353790	9.360945
453.000000	155.695679	9.359296
454.000000	156.047272	9.358669
455.000000	156.378372	9.358630
456.000000	156.716858	9.357650
457.000000	157.049408	9.359728
458.000000	157.389236	9.357413
459.000000	157.731125	9.356590
460.000000	158.056396	9.354078
461.000000	158.387604	9.354393
462.000000	158.718567	9.354981
463.000000	159.061462	9.355256
464.000000	159.405151	9.355531
465.000000	159.736359	9.353452
466.000000	160.074005	9.354315
467.000000	160.406677	9.351921
468.000000	160.739960	9.351961
469.000000	161.068008	9.351451
470.000000	161.397522	9.352314
471.000000	161.742691	9.352118
472.000000	162.077652	9.350862
473.000000	162.407166	9.351137
474.000000	162.742508	9.349175
475.000000	163.066483	9.350823
476.000000	163.406311	9.349097
477.000000	163.728455	9.349215
478.000000	164.061462	9.349294
479.000000	164.400314	9.348078
480.000000	164.730743	9.349529
481.000000	165.054474	9.349490
482.000000	165.391617	9.347057
483.000000	165.725464	9.348548
484.000000	166.056900	9.346861
485.000000	166.386719	9.344625
486.000000	166.712891	9.347096
487.000000	167.051498	9.344272
488.000000	167.377304	9.346821
489.000000	167.720169	9.345017
490.000000	168.050491	9.345371
491.000000	168.380066	9.344899
492.000000	168.717346	9.344312
493.000000	169.034485	9.345057
494.000000	169.377838	9.343410
495.000000	169.705353	9.343291
496.000000	170.045670	9.345096
497.000000	170.370865	9.341722
498.000000	170.709595	9.342663
499.000000	171.042969	9.341487
500.000000	171.380951	9.342350
501.000000	171.704437	9.339564
502.000000	172.039749	9.340192
503.000000	172.390060	9.340661
504.000000	172.720490	9.340388
505.000000	173.058853	9.337760
506.000000	173.384384	9.338661
507.000000	173.723801	9.338466
508.000000	174.061356	9.335876
509.000000	174.393936	9.337053
510.000000	174.724442	9.336937
511.000000	175.058365	9.336465
512.000000	175.394470	9.335602
513.000000	175.728256	9.336111
514.000000	176.063644	9.335366
515.000000	176.401825	9.333797
516.000000	176.740280	9.334661
517.000000	177.079681	9.335602
518.000000	177.417740	9.333797
519.000000	177.735291	9.334504
520.000000	178.070557	9.334542
521.000000	178.416565	9.333052
522.000000	178.746323	9.334268
523.000000	179.079880	9.334700
524.000000	179.415604	9.332659
525.000000	179.744400	9.331915
526.000000	180.080399	9.331679
527.000000	180.424698	9.331837
528.000000	180.757645	9.331326
529.000000	181.091431	9.331169
530.000000	181.428024	9.330502
531.000000	181.768539	9.330383
532.000000	182.095840	9.331638
533.000000	182.430740	9.330699
534.000000	182.757446	9.329992
535.000000	183.091736	9.330620
536.000000	183.431641	9.329914
537.000000	183.752853	9.329952
538.000000	184.098251	9.328894
539.000000	184.442184	9.328815
540.000000	184.777328	9.329247
541.000000	185.101700	9.327049
542.000000	185.442093	9.326695
543.000000	185.782257	9.327677
544.000000	186.126297	9.326932
545.000000	186.469254	9.328070
546.000000	186.807816	9.329638
547.000000	187.146378	9.325206
548.000000	187.480286	9.326264
549.000000	187.809799	9.327678
550.000000	188.157761	9.326969
551.000000	188.491440	9.328069
552.000000	188.829391	9.326069
553.000000	189.162933	9.325637
554.000000	189.493301	9.325088
555.000000	189.822693	9.325558
556.000000	190.157471	9.324656
557.000000	190.501770	9.324734
558.000000	190.832626	9.325872
559.000000	191.182663	9.325166
560.000000	191.504990	9.324499
561.000000	191.839401	9.325480
562.000000	192.167542	9.323048
563.000000	192.504288	9.325048
564.000000	192.847366	9.322851
565.000000	193.182388	9.324341
566.000000	193.515305	9.323951
567.000000	193.844193	9.322655
568.000000	194.176819	9.324068
569.000000	194.505493	9.323360
570.000000	194.833420	9.324773
571.000000	195.177368	9.323832
572.000000	195.517975	9.321439
573.000000	195.846298	9.321440
574.000000	196.185318	9.320772
575.000000	196.519516	9.322537
576.000000	196.842178	9.322224
577.000000	197.168198	9.321635
578.000000	197.484375	9.322420
579.000000	197.821136	9.321793
580.000000	198.154541	9.321556
581.000000	198.487885	9.321281
582.000000	198.822998	9.321164
583.000000	199.153885	9.322735
584.000000	199.466431	9.320066
585.000000	199.805603	9.320615
586.000000	200.149414	9.321673
587.000000	200.484665	9.319084
588.000000	200.822754	9.320184
589.000000	201.159821	9.320105
590.000000	201.494736	9.320693
591.000000	201.825943	9.320576
592.000000	202.140732	9.320850
593.000000	202.474380	9.320106
594.000000	202.827377	9.318536
595.000000	203.170670	9.319791
596.000000	203.508652	9.318104
597.000000	203.834717	9.318339
598.000000	204.177902	9.317477
599.000000	204.506363	9.316574
600.000000	204.842346	9.318692
601.000000	205.171158	9.315986
602.000000	205.498779	9.318184
603.000000	205.846970	9.318810
604.000000	206.179688	9.316850
605.000000	206.503357	9.318261
606.000000	206.841934	9.317320
607.000000	207.170044	9.315005
608.000000	207.501633	9.316692
609.000000	207.838135	9.313907
610.000000	208.171692	9.314691
611.000000	208.516724	9.313122
612.000000	208.846863	9.312965
613.000000	209.180069	9.314024
614.000000	209.514740	9.314575
615.000000	209.848557	9.312770
616.000000	210.192596	9.313358
617.000000	210.521896	9.314495
618.000000	210.863159	9.310416
619.000000	211.192078	9.311631
620.000000	211.534195	9.310768
621.000000	211.863617	9.311789
622.000000	212.198654	9.310691
623.000000	212.539978	9.311122
624.000000	212.866013	9.311043
625.000000	213.200439	9.309159
626.000000	213.530334	9.310847
627.000000	213.877930	9.310062
628.000000	214.210022	9.308414
629.000000	214.541260	9.308729
630.000000	214.881104	9.310298
631.000000	215.206436	9.308611
632.000000	215.545822	9.308885
633.000000	215.885025	9.307629
634.000000	216.229950	9.307669
635.000000	216.557587	9.306727
636.000000	216.906677	9.305629
637.000000	217.248703	9.306454
638.000000	217.577698	9.306806
639.000000	217.915833	9.306611
640.000000	218.244080	9.308140
641.000000	218.586441	9.304492
642.000000	218.929581	9.304296
643.000000	219.264664	9.306021
644.000000	219.594040	9.304335
645.000000	219.927673	9.303785
646.000000	220.277466	9.302334
647.000000	220.598480	9.302806
648.000000	220.929657	9.302844
649.000000	221.254654	9.302844
650.000000	221.601501	9.302727
651.000000	221.935272	9.305041
652.000000	222.267303	9.303904
653.000000	222.597046	9.301196
654.000000	222.936523	9.303159
655.000000	223.254089	9.301040
656.000000	223.595261	9.302490
657.000000	223.931046	9.301117
658.000000	224.267105	9.300882
659.000000	224.602341	9.301079
660.000000	224.927261	9.300058
661.000000	225.274338	9.300137
662.000000	225.609558	9.299745
663.000000	225.935638	9.298841
664.000000	226.254883	9.300058
665.000000	226.612350	9.300019
666.000000	226.942520	9.298019
667.000000	227.278290	9.299195
668.000000	227.603119	9.298607
669.000000	227.942154	9.297862
670.000000	228.273163	9.298804
671.000000	228.588547	9.297116
672.000000	228.945404	9.296410
673.000000	229.277756	9.297234
674.000000	229.612518	9.295587
675.000000	229.946716	9.297312
676.000000	230.275803	9.294920
677.000000	230.610931	9.294880
678.000000	230.943542	9.293468
679.000000	231.269958	9.294213
680.000000	231.619553	9.294292
681.000000	231.948608	9.293273
682.000000	232.275894	9.292213
683.000000	232.613937	9.293939
684.000000	232.943405	9.292763
685.000000	233.287369	9.291977
686.000000	233.628952	9.291310
687.000000	233.972702	9.291781
688.000000	234.294861	9.291035
689.000000	234.643356	9.290722
690.000000	234.966553	9.290133
691.000000	235.298767	9.289859
692.000000	235.617371	9.287230
693.000000	235.952881	9.289702
694.000000	236.281952	9.288956
695.000000	236.631927	9.290173
696.000000	236.954391	9.286917
697.000000	237.313782	9.286289
698.000000	237.646988	9.286054
699.000000	237.983810	9.284641
700.000000	238.315186	9.284603
701.000000	238.644287	9.285230
702.000000	238.976746	9.284053
703.000000	239.315125	9.280796
704.000000	239.647141	9.280954
705.000000	239.985275	9.281699
706.000000	240.315109	9.280405
707.000000	240.648407	9.278482
708.000000	240.987885	9.279737
709.000000	241.310593	9.279972
710.000000	241.658508	9.276325
711.000000	241.995575	9.275227
712.000000	242.315720	9.275972
713.000000	242.651733	9.276051
714.000000	242.984909	9.273618
715.000000	243.324600	9.274952
716.000000	243.654297	9.273421
717.000000	243.989716	9.271812
718.000000	244.320480	9.270322
719.000000	244.652344	9.269499
720.000000	244.993500	9.269931
721.000000	245.330368	9.272127
722.000000	245.677979	9.267811
723.000000	245.997971	9.266517
724.000000	246.338715	9.266556
725.000000	246.669281	9.265261
726.000000	246.991791	9.266085
727.000000	247.328003	9.262829
728.000000	247.659027	9.261142
729.000000	247.983246	9.261966
730.000000	248.319794	9.260160
731.000000	248.633789	9.261063
732.000000	248.976700	9.257572
733.000000	249.302094	9.257611
734.000000	249.635178	9.256003
735.000000	249.970184	9.256474
736.000000	250.302658	9.255650
737.000000	250.624313	9.253570
738.000000	250.959320	9.253884
739.000000	251.281708	9.251962
740.000000	251.616821	9.251804
741.000000	251.948700	9.250471
742.000000	252.284561	9.248981
743.000000	252.621826	9.248627
744.000000	252.963913	9.248039
745.000000	253.305756	9.246704
746.000000	253.631729	9.244781
747.000000	253.968307	9.245920
748.000000	254.321426	9.245136
749.000000	254.654999	9.243409
750.000000	254.992889	9.242311
751.000000	255.334961	9.242037
752.000000	255.679123	9.241291
753.000000	256.012634	9.239880
754.000000	256.351440	9.236897
755.000000	256.687378	9.233445
756.000000	257.017120	9.235955
757.000000	257.362030	9.233014
758.000000	257.681213	9.232426
759.000000	258.013824	9.230111
760.000000	258.351105	9.226973
761.000000	258.692993	9.229209
762.000000	259.047729	9.226542
763.000000	259.382568	9.224148
764.000000	259.730591	9.223990
765.000000	260.081024	9.222030
766.000000	260.423492	9.219558
767.000000	260.751221	9.218342
768.000000	261.084503	9.219204
769.000000	261.420319	9.214261
770.000000	261.764038	9.213556
771.000000	262.108826	9.210221
772.000000	262.446930	9.210064
773.000000	262.784424	9.206572
774.000000	263.113281	9.204453
775.000000	263.444702	9.203865
776.000000	263.779053	9.202648
777.000000	264.109253	9.200766
778.000000	264.413086	9.201000
779.000000	264.753204	9.198843
780.000000	265.098297	9.197431
781.000000	265.432648	9.194019
782.000000	265.757660	9.193587
783.000000	266.091797	9.192291
784.000000	266.420593	9.188643
785.000000	266.748047	9.189466
786.000000	267.077423	9.186132
787.000000	267.398712	9.185388
788.000000	267.726440	9.183975
789.000000	268.063934	9.180406
790.000000	268.381287	9.178327
791.000000	268.707214	9.176208
792.000000	269.047760	9.175149
793.000000	269.371704	9.171500
794.000000	269.694763	9.169734
795.000000	270.020905	9.169381
796.000000	270.373871	9.167577
797.000000	270.715485	9.161574
798.000000	271.056061	9.158868
799.000000	271.391266	9.157182
800.000000	271.721161	9.155926
801.000000	272.064819	9.153768
802.000000	272.415344	9.150551
803.000000	272.750366	9.149099
804.000000	273.090179	9.148982
805.000000	273.435150	9.144469
806.000000	273.786560	9.143959
807.000000	274.124146	9.140194
808.000000	274.476379	9.138114
809.000000	274.823608	9.134113
810.000000	275.163818	9.132309
811.000000	275.517700	9.126856
812.000000	275.851196	9.123638
813.000000	276.207153	9.123638
814.000000	276.557129	9.120539
815.000000	276.911255	9.119087
816.000000	277.240479	9.116499
817.000000	277.585602	9.113281
818.000000	277.920380	9.111203
819.000000	278.255737	9.106103
820.000000	278.599609	9.104377
821.000000	278.933990	9.097943
822.000000	279.288177	9.098179
823.000000	279.631836	9.096491
824.000000	279.971649	9.094531
825.000000	280.306763	9.090764
826.000000	280.639313	9.088528
827.000000	280.991089	9.087665
828.000000	281.327179	9.085388
829.000000	281.668457	9.081308
830.000000	281.995361	9.075895
831.000000	282.330719	9.072639
832.000000	282.661346	9.070873
833.000000	282.987915	9.066322
834.000000	283.330933	9.060830
835.000000	283.658966	9.059967
836.000000	283.989380	9.054593
837.000000	284.323547	9.053063
838.000000	284.650635	9.048237
839.000000	284.979980	9.045570
840.000000	285.303711	9.043255
841.000000	285.652374	9.038351
842.000000	285.967651	9.036273
843.000000	286.298248	9.030231
844.000000	286.628540	9.025600
845.000000	286.961731	9.021600
846.000000	287.266571	9.018187
847.000000	287.603546	9.014694
848.000000	287.939209	9.007398
849.000000	288.259033	9.003868
850.000000	288.591187	9.000533
851.000000	288.907715	8.999395
852.000000	289.250977	8.993039
853.000000	289.582733	8.992255
854.000000	289.906921	8.987038
855.000000	290.238403	8.984096
856.000000	290.578583	8.977937
857.000000	290.910431	8.974602
858.000000	291.241272	8.969737
859.000000	291.571411	8.964520
860.000000	291.905304	8.959026
861.000000	292.239014	8.954790
862.000000	292.579407	8.950239
863.000000	292.906647	8.946552
864.000000	293.251587	8.940275
865.000000	293.577942	8.937255
866.000000	293.917633	8.931763
867.000000	294.242462	8.926505
868.000000	294.579529	8.920816
869.000000	294.919037	8.917600
870.000000	295.259949	8.911010
871.000000	295.594513	8.903986
872.000000	295.925842	8.901239
873.000000	296.264282	8.897905
874.000000	296.584930	8.892884
875.000000	296.938507	8.888332
876.000000	297.260162	8.882684
877.000000	297.586731	8.877506
878.000000	297.916870	8.870837
879.000000	298.245911	8.866129
880.000000	298.577545	8.857538
881.000000	298.907349	8.853025
882.000000	299.233704	8.847925
883.000000	299.572510	8.843688
884.000000	299.901367	8.837451
885.000000	300.227325	8.829330
886.000000	300.560059	8.824269
887.000000	300.881836	8.816228
888.000000	301.226929	8.810422
889.000000	301.545593	8.805440
890.000000	301.890015	8.797437
891.000000	302.214355	8.794415
892.000000	302.555511	8.788530
893.000000	302.882111	8.783352
894.000000	303.220947	8.775937
895.000000	303.564850	8.769936
896.000000	303.908203	8.762794
897.000000	304.250000	8.755773
898.000000	304.592834	8.749849
899.000000	304.922241	8.743220
900.000000	305.243652	8.737924
901.000000	305.562256	8.727684
902.000000	305.903687	8.722938
903.000000	306.232239	8.714307
904.000000	306.582336	8.708423
905.000000	306.913757	8.701674
906.000000	307.274078	8.694299
907.000000	307.613251	8.690611
908.000000	307.957306	8.682570
909.000000	308.291718	8.674410
910.000000	308.629913	8.668093
911.000000	308.973358	8.661030
912.000000	309.310852	8.653224
913.000000	309.654114	8.646672
914.000000	309.982391	8.638395
915.000000	310.319275	8.632355
916.000000	310.649384	8.623567
917.000000	311.003204	8.616817
918.000000	311.344208	8.608658
919.000000	311.687103	8.601008
920.000000	312.027588	8.594299
921.000000	312.362640	8.589436
922.000000	312.679443	8.579981
923.000000	313.024414	8.572409
924.000000	313.367920	8.565269
925.000000	313.691284	8.557698
926.000000	314.037109	8.548321
927.000000	314.371643	8.543339
928.000000	314.709473	8.530667
929.000000	315.049194	8.521605
930.000000	315.377380	8.517212
931.000000	315.714905	8.507954
932.000000	316.050354	8.501951
933.000000	316.385132	8.495243
934.000000	316.721375	8.487240
935.000000	317.049927	8.480688
936.000000	317.376282	8.472449
937.000000	317.708801	8.463936
938.000000	318.033203	8.455031
939.000000	318.363464	8.447264
940.000000	318.682098	8.439221
941.000000	319.011108	8.431140
942.000000	319.343018	8.422861
943.000000	319.667755	8.415683
944.000000	319.997284	8.405993
945.000000	320.329102	8.397519
946.000000	320.632050	8.390380
947.000000	320.993378	8.385671
948.000000	321.326660	8.374687
949.000000	321.665039	8.366958
950.000000	321.981934	8.356836
951.000000	322.310791	8.348755
952.000000	322.636841	8.343303
953.000000	322.972961	8.335182
954.000000	323.313080	8.324471
955.000000	323.642365	8.316626
956.000000	323.969482	8.307681
957.000000	324.310425	8.297913
958.000000	324.642639	8.292027
959.000000	324.981354	8.282613
960.000000	325.302490	8.275707
961.000000	325.632141	8.265980
962.000000	325.968872	8.256603
963.000000	326.304626	8.247932
964.000000	326.633820	8.241264
965.000000	326.961884	8.233731
966.000000	327.287506	8.223139
967.000000	327.624512	8.214077
968.000000	327.949768	8.202739
969.000000	328.290894	8.195521
970.000000	328.623413	8.186419
971.000000	328.957947	8.176102
972.000000	329.295258	8.166451
973.000000	329.628296	8.158134
974.000000	329.956726	8.148758
975.000000	330.296448	8.140205
976.000000	330.633179	8.129143
977.000000	330.965240	8.118315
978.000000	331.314514	8.110470
979.000000	331.653229	8.098307
980.000000	331.988129	8.089166
981.000000	332.332275	8.079515
982.000000	332.667267	8.069748
983.000000	333.006226	8.060371
984.000000	333.352112	8.054565
985.000000	333.694275	8.044993
986.000000	334.027374	8.034401
987.000000	334.359344	8.025143
988.000000	334.709320	8.013608
989.000000	335.037109	8.002624
990.000000	335.374390	7.992346
991.000000	335.716400	7.986383
992.000000	336.064301	7.974064
993.000000	336.397522	7.966885
994.000000	336.737671	7.956842
995.000000	337.081299	7.947388
996.000000	337.412354	7.936991
997.000000	337.729523	7.928361
998.000000	338.084564	7.919260
999.000000	338.416443	7.908668
1000.000000	338.749268	7.898193
1001.000000	339.077271	7.890817
1002.000000	339.407928	7.882775
1003.000000	339.730347	7.872261
1004.000000	340.065308	7.861317
1005.000000	340.393768	7.852293
1006.000000	340.719238	7.842525
1007.000000	341.042603	7.832560
1008.000000	341.362091	7.821261
1009.000000	341.702148	7.809453
1010.000000	342.020538	7.798742
1011.000000	342.342468	7.793368
1012.000000	342.682678	7.781678
1013.000000	343.010742	7.772066
1014.000000	343.333130	7.763239
1015.000000	343.654968	7.748999
1016.000000	343.987457	7.741113
1017.000000	344.325897	7.730168
1018.000000	344.630798	7.717653
1019.000000	344.989655	7.708787
1020.000000	345.319000	7.697214
1021.000000	345.650818	7.689407
1022.000000	345.979675	7.679010
1023.000000	346.318237	7.666810
1024.000000	346.649841	7.658102
1025.000000	346.975708	7.645782
1026.000000	347.313477	7.636995
1027.000000	347.648315	7.623931
1028.000000	347.980225	7.614673
1029.000000	348.312622	7.602119
1030.000000	348.646851	7.591801
1031.000000	348.994995	7.582857
1032.000000	349.325470	7.568969
1033.000000	349.661926	7.557709
1034.000000	350.008209	7.544607
1035.000000	350.337189	7.534524
1036.000000	350.675781	7.521931
1037.000000	351.012817	7.512516
1038.000000	351.340363	7.499727
1039.000000	351.688202	7.490232
1040.000000	352.016479	7.480582
1041.000000	352.334991	7.469009
1042.000000	352.680206	7.456064
1043.000000	353.035431	7.442255
1044.000000	353.368164	7.432878
1045.000000	353.695496	7.418990
1046.000000	354.053314	7.407456
1047.000000	354.391998	7.394039
1048.000000	354.728760	7.384663
1049.000000	355.061035	7.369874
1050.000000	355.388306	7.359753
1051.000000	355.696442	7.346139
1052.000000	356.037933	7.333467
1053.000000	356.404022	7.318364
1054.000000	356.743103	7.310243
1055.000000	357.083069	7.295258
1056.000000	357.423126	7.285959
1057.000000	357.747101	7.273602
1058.000000	358.082672	7.260342
1059.000000	358.419891	7.245787
1060.000000	358.754761	7.233311
1061.000000	359.085388	7.218561
1062.000000	359.411377	7.207105
1063.000000	359.747772	7.194669
1064.000000	360.076111	7.182116
1065.000000	360.403107	7.165716
1066.000000	360.731201	7.151281
1067.000000	361.060944	7.138570
1068.000000	361.385834	7.125859
1069.000000	361.723755	7.113188
1070.000000	362.050354	7.097731
1071.000000	362.383270	7.085844
1072.000000	362.705688	7.070937
1073.000000	363.042328	7.056931
1074.000000	363.371948	7.042612
1075.000000	363.704529	7.028214
1076.000000	364.036835	7.013306
1077.000000	364.367493	6.996908
1078.000000	364.699341	6.984433
1079.000000	365.027069	6.970860
1080.000000	365.356323	6.955480
1081.000000	365.691681	6.941005
1082.000000	366.020020	6.922213
1083.000000	366.369476	6.907580
1084.000000	366.703247	6.891064
1085.000000	367.044312	6.880119
1086.000000	367.381897	6.863406
1087.000000	367.718719	6.846733
1088.000000	368.036743	6.832179
1089.000000	368.378967	6.814996
1090.000000	368.710663	6.795145
1091.000000	369.045715	6.782238
1092.000000	369.378052	6.765055
1093.000000	369.716125	6.747205
1094.000000	370.035461	6.732493
1095.000000	370.382233	6.713074
1096.000000	370.714600	6.695146
1097.000000	371.047577	6.680278
1098.000000	371.379028	6.662350
1099.000000	371.724518	6.646108
1100.000000	372.058746	6.625394
1101.000000	372.396942	6.605740
1102.000000	372.726868	6.587615
1103.000000	373.067474	6.568902
1104.000000	373.401581	6.550071
1105.000000	373.729767	6.531946
1106.000000	374.072021	6.510919
1107.000000	374.402679	6.492049
1108.000000	374.734467	6.472787
1109.000000	375.063202	6.452543
1110.000000	375.409393	6.431202
1111.000000	375.735626	6.409311
1112.000000	376.069244	6.388128
1113.000000	376.398956	6.368983
1114.000000	376.732513	6.347524
1115.000000	377.058105	6.325398
1116.000000	377.399200	6.301389
1117.000000	377.733429	6.282126
1118.000000	378.067841	6.258392
1119.000000	378.398682	6.237207
1120.000000	378.730133	6.213276
1121.000000	379.068970	6.189385
1122.000000	379.402313	6.167730
1123.000000	379.733826	6.141759
1124.000000	380.067261	6.116299
1125.000000	380.394592	6.093584
1126.000000	380.718872	6.070909
1127.000000	381.060059	6.045370
1128.000000	381.401123	6.019987
1129.000000	381.735687	5.992682
1130.000000	382.066925	5.967535
1131.000000	382.402100	5.940192
1132.000000	382.741974	5.912142
1133.000000	383.079254	5.886721
1134.000000	383.396973	5.862123
1135.000000	383.752228	5.832818
1136.000000	384.083862	5.805357
1137.000000	384.420898	5.776326
1138.000000	384.758209	5.747845
1139.000000	385.096069	5.717558
1140.000000	385.443115	5.690058
1141.000000	385.773102	5.661733
1142.000000	386.116882	5.631172
1143.000000	386.455688	5.598022
1144.000000	386.787048	5.569384
1145.000000	387.117859	5.541570
1146.000000	387.445526	5.511206
1147.000000	387.787445	5.478330
1148.000000	388.125000	5.446160
1149.000000	388.456696	5.417522
1150.000000	388.794830	5.384098
1151.000000	389.123779	5.352282
1152.000000	389.455688	5.318466
1153.000000	389.798737	5.286571
1154.000000	390.122681	5.252519
1155.000000	390.439423	5.221448
1156.000000	390.784119	5.188847
1157.000000	391.124390	5.155855
1158.000000	391.448547	5.121331
1159.000000	391.770752	5.087749
1160.000000	392.101166	5.054993
1161.000000	392.441559	5.020901
1162.000000	392.780304	4.986967
1163.000000	393.108643	4.954720
1164.000000	393.437225	4.919019
1165.000000	393.774597	4.885634
1166.000000	394.095734	4.851817
1167.000000	394.437012	4.817764
1168.000000	394.763519	4.783909
1169.000000	395.096252	4.751740
1170.000000	395.445679	4.715805
1171.000000	395.783539	4.682615
1172.000000	396.110931	4.650799
1173.000000	396.453491	4.616433
1174.000000	396.782227	4.580655
1175.000000	397.107758	4.551154
1176.000000	397.465729	4.515885
1177.000000	397.806152	4.482108
1178.000000	398.155365	4.453234
1179.000000	398.481293	4.420986
1180.000000	398.819458	4.389484
1181.000000	399.160614	4.356923
1182.000000	399.500000	4.324557
1183.000000	399.840454	4.294546
1184.000000	400.171387	4.266026
1185.000000	400.509460	4.234210
1186.000000	400.836884	4.202276
1187.000000	401.161896	4.175952
1188.000000	401.510254	4.146607
1189.000000	401.844635	4.116008
1190.000000	402.182037	4.088781
1191.000000	402.512360	4.062733
1192.000000	402.846954	4.034173
1193.000000	403.186432	4.007221
1194.000000	403.512573	3.982545
1195.000000	403.848602	3.957908
1196.000000	404.189575	3.928995
1197.000000	404.531464	3.905575
1198.000000	404.865601	3.881095
1199.000000	405.190704	3.859832
1200.000000	405.522919	3.835038
1201.000000	405.861450	3.814285
1202.000000	406.186218	3.790629
1203.000000	406.512390	3.770896
1204.000000	406.846985	3.750888
1205.000000	407.174561	3.730214
1206.000000	407.507446	3.711030
1207.000000	407.834625	3.691493
1208.000000	408.162537	3.673839
1209.000000	408.491272	3.658932
1210.000000	408.827698	3.641709
1211.000000	409.163818	3.625782
1212.000000	409.490356	3.609893
1213.000000	409.824890	3.594947
1214.000000	410.153351	3.580510
1215.000000	410.480957	3.567838
1216.000000	410.824097	3.556501
1217.000000	411.150024	3.542652
1218.000000	411.477081	3.527902
1219.000000	411.804810	3.518761
1220.000000	412.139404	3.504795
1221.000000	412.479187	3.492987
1222.000000	412.839386	3.482590
1223.000000	413.183533	3.474470
1224.000000	413.510101	3.464152
1225.000000	413.856689	3.455168
1226.000000	414.182648	3.448930
1227.000000	414.497406	3.441830
1228.000000	414.853455	3.432689
1229.000000	415.192505	3.425431
1230.000000	415.518646	3.422685
1231.000000	415.856720	3.412563
1232.000000	416.186523	3.403266
1233.000000	416.499146	3.400049
1234.000000	416.831177	3.392438
1235.000000	417.157715	3.387691
1236.000000	417.486206	3.380630
1237.000000	417.811371	3.376667
1238.000000	418.133423	3.373725
1239.000000	418.457855	3.366703
1240.000000	418.789886	3.365957
1241.000000	419.126312	3.361014
1242.000000	419.445007	3.357954
1243.000000	419.757446	3.352540
1244.000000	420.090607	3.350500
1245.000000	420.417419	3.345008
1246.000000	420.736664	3.342105
1247.000000	421.072937	3.338026
1248.000000	421.409180	3.331631
1249.000000	421.738617	3.330297
1250.000000	422.054779	3.325432
1251.000000	422.396667	3.323588
1252.000000	422.728851	3.321627
1253.000000	423.064301	3.317233
1254.000000	423.390961	3.311858
1255.000000	423.729584	3.305346
1256.000000	424.055115	3.302717
1257.000000	424.395386	3.300521
1258.000000	424.740082	3.299462
1259.000000	425.073364	3.298088
1260.000000	425.414734	3.295264
1261.000000	425.752716	3.291498
1262.000000	426.084656	3.288713
1263.000000	426.428833	3.287496
1264.000000	426.763611	3.283926
1265.000000	427.113464	3.279729
1266.000000	427.461792	3.274904
1267.000000	427.799500	3.275570
1268.000000	428.145020	3.272431
1269.000000	428.478546	3.269921
1270.000000	428.826447	3.267018
1271.000000	429.162231	3.266037
1272.000000	429.490753	3.263958
1273.000000	429.839966	3.259446
1274.000000	430.183838	3.258348
1275.000000	430.503906	3.252895
1276.000000	430.841095	3.252502
1277.000000	431.176453	3.252150
1278.000000	431.521484	3.247285
1279.000000	431.862976	3.246422
1280.000000	432.197357	3.242028
1281.000000	432.527679	3.239870
1282.000000	432.865112	3.236575
1283.000000	433.205597	3.232142
1284.000000	433.537292	3.230141
1285.000000	433.877563	3.229278
1286.000000	434.206055	3.224688
1287.000000	434.527710	3.222138
1288.000000	434.857941	3.222805
1289.000000	435.190063	3.218686
1290.000000	435.519623	3.215272
1291.000000	435.861664	3.212291
1292.000000	436.187866	3.207309
1293.000000	436.511169	3.204563
1294.000000	436.853943	3.201346
1295.000000	437.186462	3.199855
1296.000000	437.519470	3.195697
1297.000000	437.859222	3.195736
1298.000000	438.204956	3.194794
1299.000000	438.518494	3.190675
1300.000000	438.852051	3.188439
1301.000000	439.187195	3.183888
1302.000000	439.528656	3.183260
1303.000000	439.848633	3.179965
1304.000000	440.162628	3.179142
1305.000000	440.488861	3.175728
1306.000000	440.813599	3.174708
1307.000000	441.174408	3.172786
1308.000000	441.518097	3.171099
1309.000000	441.846619	3.168628
1310.000000	442.188812	3.165764
1311.000000	442.528015	3.164038
1312.000000	442.856781	3.162625
1313.000000	443.192261	3.160664
1314.000000	443.519379	3.156152
1315.000000	443.854736	3.155721
1316.000000	444.187866	3.151287
1317.000000	444.507660	3.148973
1318.000000	444.852966	3.147992
1319.000000	445.185181	3.145678
1320.000000	445.510376	3.144462
1321.000000	445.835052	3.141205
1322.000000	446.172455	3.139675
1323.000000	446.497070	3.135203
1324.000000	446.827423	3.131711
1325.000000	447.150635	3.128769
1326.000000	447.491089	3.127671
1327.000000	447.825928	3.125199
1328.000000	448.152527	3.123120
1329.000000	448.474701	3.121865
1330.000000	448.808624	3.118765
1331.000000	449.123413	3.120178
1332.000000	449.465210	3.115156
1333.000000	449.779877	3.112528
1334.000000	450.117554	3.106957
1335.000000	450.433624	3.103858
1336.000000	450.745605	3.103818
1337.000000	451.093109	3.101190
1338.000000	451.424591	3.098836
1339.000000	451.772980	3.098130
1340.000000	452.110779	3.096482
1341.000000	452.418640	3.093501
1342.000000	452.755402	3.093383
1343.000000	453.129181	3.091422
1344.000000	453.459351	3.088793
1345.000000	453.793701	3.082791
1346.000000	454.125580	3.082046
1347.000000	454.459656	3.079496
1348.000000	454.795929	3.077652
1349.000000	455.132935	3.075729
1350.000000	455.471069	3.073572
1351.000000	455.793457	3.073846
1352.000000	456.134888	3.070551
1353.000000	456.477386	3.070786
1354.000000	456.824646	3.068119
1355.000000	457.157257	3.066275
1356.000000	457.494568	3.063882
1357.000000	457.830597	3.062705
1358.000000	458.162354	3.060351
1359.000000	458.511108	3.057644
1360.000000	458.849304	3.053329
1361.000000	459.180603	3.051289
1362.000000	459.518799	3.049994
1363.000000	459.864502	3.048817
1364.000000	460.194214	3.046659
1365.000000	460.519287	3.046502
1366.000000	460.857941	3.042972
1367.000000	461.201996	3.038971
1368.000000	461.529785	3.037951
1369.000000	461.869232	3.034420
1370.000000	462.201355	3.034773
1371.000000	462.543060	3.030222
1372.000000	462.878265	3.027711
1373.000000	463.205688	3.027083
1374.000000	463.546509	3.024965
1375.000000	463.883545	3.023239
1376.000000	464.208496	3.022101
1377.000000	464.547638	3.020493
1378.000000	464.873566	3.021238
1379.000000	465.213959	3.016413
1380.000000	465.543457	3.015314
1381.000000	465.887970	3.014451
1382.000000	466.217072	3.010057
1383.000000	466.539978	3.011352
1384.000000	466.875732	3.004330
1385.000000	467.215698	3.003898
1386.000000	467.551849	3.001034
1387.000000	467.881195	2.998994
1388.000000	468.213409	2.998013
1389.000000	468.545776	2.995778
1390.000000	468.887451	2.996131
1391.000000	469.226318	2.993070
1392.000000	469.562256	2.989618
1393.000000	469.893890	2.989501
1394.000000	470.239014	2.986323
1395.000000	470.566742	2.985381
1396.000000	470.897797	2.982792
1397.000000	471.243591	2.979575
1398.000000	471.574097	2.978555
1399.000000	471.905518	2.976280
1400.000000	472.249786	2.974200
1401.000000	472.578308	2.974004
1402.000000	472.916687	2.971925
1403.000000	473.231384	2.972121
1404.000000	473.569031	2.969768
1405.000000	473.896240	2.968865
1406.000000	474.231812	2.966943
1407.000000	474.563171	2.965295
1408.000000	474.889984	2.964628
1409.000000	475.237000	2.962431
1410.000000	475.553314	2.961215
1411.000000	475.878265	2.959253
1412.000000	476.210449	2.957959
1413.000000	476.537872	2.955448
1414.000000	476.848969	2.953330
1415.000000	477.163361	2.951015
1416.000000	477.498962	2.949250
1417.000000	477.834900	2.949485
1418.000000	478.159119	2.947170
1419.000000	478.472900	2.946111
1420.000000	478.811798	2.945052
1421.000000	479.139435	2.941875
1422.000000	479.470551	2.938304
1423.000000	479.797852	2.937716
1424.000000	480.126831	2.936696
1425.000000	480.460083	2.936029
1426.000000	480.777191	2.931596
1427.000000	481.116241	2.931165
1428.000000	481.439087	2.927634
1429.000000	481.778809	2.928929
1430.000000	482.117310	2.927673
1431.000000	482.458740	2.924495
1432.000000	482.789154	2.924652
1433.000000	483.135864	2.922181
1434.000000	483.459167	2.922299
1435.000000	483.788422	2.921239
1436.000000	484.130798	2.919435
1437.000000	484.455444	2.916492
1438.000000	484.804443	2.915355
1439.000000	485.132111	2.914217
1440.000000	485.466309	2.911863
1441.000000	485.803833	2.908058
1442.000000	486.129150	2.907509
1443.000000	486.477631	2.905468
1444.000000	486.815186	2.902997
1445.000000	487.144409	2.902134
1446.000000	487.490753	2.899584
1447.000000	487.819031	2.898799
1448.000000	488.164246	2.897034
1449.000000	488.502930	2.896760
1450.000000	488.829529	2.895661
1451.000000	489.174255	2.895582
1452.000000	489.508820	2.892130
1453.000000	489.840942	2.892679
1454.000000	490.178345	2.891150
1455.000000	490.497101	2.889619
1456.000000	490.842804	2.886363
1457.000000	491.184814	2.884990
1458.000000	491.504639	2.883499
1459.000000	491.853119	2.881459
1460.000000	492.183105	2.879772
1461.000000	492.528992	2.878242
1462.000000	492.856964	2.878203
1463.000000	493.196136	2.876399
1464.000000	493.522705	2.875182
1465.000000	493.878998	2.873652
1466.000000	494.223022	2.871573
1467.000000	494.546631	2.871299
1468.000000	494.884857	2.868906
1469.000000	495.221924	2.868356
1470.000000	495.546661	2.867846
1471.000000	495.859131	2.867886
1472.000000	496.216431	2.864825
1473.000000	496.546753	2.864708
1474.000000	496.885040	2.862550
1475.000000	497.215027	2.862119
1476.000000	497.544708	2.861609
1477.000000	497.858582	2.859137
1478.000000	498.171661	2.858666
1479.000000	498.501404	2.857372
1480.000000	498.833771	2.856235
1481.000000	499.146027	2.853331
1482.000000	499.497681	2.852036
1483.000000	499.837006	2.851252
1484.000000	500.171722	2.850153
1485.000000	500.501251	2.848466
1486.000000	500.822754	2.847211
1487.000000	501.169922	2.846387
1488.000000	501.499451	2.845289
1489.000000	501.834076	2.844347
1490.000000	502.160400	2.842229
1491.000000	502.483490	2.842032
1492.000000	502.832031	2.839679
1493.000000	503.174164	2.839404
1494.000000	503.504883	2.835638
1495.000000	503.845703	2.834775
1496.000000	504.176117	2.834657
1497.000000	504.501953	2.831950
1498.000000	504.843353	2.832068
1499.000000	505.178650	2.829361
1500.000000	505.510437	2.826419
1501.000000	505.830322	2.826066
1502.000000	506.172302	2.826458
1503.000000	506.511322	2.826105
1504.000000	506.855408	2.825085
1505.000000	507.195099	2.822025
1506.000000	507.526459	2.820064
1507.000000	507.858490	2.819789
1508.000000	508.197754	2.819043
1509.000000	508.539398	2.819867
1510.000000	508.855408	2.819004
1511.000000	509.201752	2.813237
1512.000000	509.529572	2.814610
1513.000000	509.864624	2.815081
1514.000000	510.200714	2.810962
1515.000000	510.520111	2.810099
1516.000000	510.844849	2.810452
1517.000000	511.170990	2.806921
1518.000000	511.490845	2.805352
1519.000000	511.822510	2.807235
1520.000000	512.158325	2.802841
1521.000000	512.481384	2.800802
1522.000000	512.820068	2.802292
1523.000000	513.150574	2.799389
1524.000000	513.472900	2.798761
1525.000000	513.794617	2.798487
1526.000000	514.130920	2.795819
1527.000000	514.460083	2.796839
1528.000000	514.798523	2.796329
1529.000000	515.131836	2.792837
1530.000000	515.463623	2.792876
1531.000000	515.806091	2.790915
1532.000000	516.127686	2.786875
1533.000000	516.459167	2.787345
1534.000000	516.794006	2.785815
1535.000000	517.130615	2.785658
1536.000000	517.458984	2.783108
1537.000000	517.777649	2.781500
1538.000000	518.105225	2.780598
1539.000000	518.414795	2.779068
1540.000000	518.748169	2.777106
1541.000000	519.064026	2.775537
1542.000000	519.387939	2.777224
1543.000000	519.711121	2.775458
1544.000000	520.059204	2.773458
1545.000000	520.390930	2.773772
1546.000000	520.718628	2.773222
1547.000000	521.067749	2.771182
1548.000000	521.403076	2.770319
1549.000000	521.734741	2.770241
1550.000000	522.091553	2.768632
1551.000000	522.419312	2.766631
1552.000000	522.765564	2.767965
1553.000000	523.103760	2.764356
1554.000000	523.449951	2.763257
1555.000000	523.793823	2.762630
1556.000000	524.125366	2.761100
1557.000000	524.484558	2.762277
1558.000000	524.812256	2.758785
1559.000000	525.162170	2.757451
1560.000000	525.499023	2.756981
1561.000000	525.839966	2.756314
1562.000000	526.160706	2.754745
1563.000000	526.515564	2.754666
1564.000000	526.856995	2.751842
1565.000000	527.189026	2.751135
1566.000000	527.529602	2.749566
1567.000000	527.853333	2.748938
1568.000000	528.189819	2.747604
1569.000000	528.527893	2.745682
1570.000000	528.847656	2.745878
1571.000000	529.191589	2.744858
1572.000000	529.524902	2.744427
1573.000000	529.851501	2.743014
1574.000000	530.190918	2.743171
1575.000000	530.521179	2.740347
1576.000000	530.869385	2.740111
1577.000000	531.198975	2.737719
1578.000000	531.539429	2.735051
1579.000000	531.869141	2.736032
1580.000000	532.217529	2.735325
1581.000000	532.540588	2.732854
1582.000000	532.870300	2.732147
1583.000000	533.213135	2.730657
1584.000000	533.538696	2.728695
1585.000000	533.884583	2.727754
1586.000000	534.223328	2.727479
1587.000000	534.565186	2.725714
1588.000000	534.896667	2.723909
1589.000000	535.243652	2.723831
1590.000000	535.569885	2.723203
1591.000000	535.902283	2.723399
1592.000000	536.226379	2.723125
1593.000000	536.564575	2.721438
1594.000000	536.901550	2.717985
1595.000000	537.233826	2.717868
1596.000000	537.551514	2.716612
1597.000000	537.873962	2.716416
1598.000000	538.225403	2.715906
1599.000000	538.556091	2.714180
1600.000000	538.875000	2.714258
1601.000000	539.206055	2.709668
1602.000000	539.530212	2.708766
1603.000000	539.882690	2.708492
1604.000000	540.219666	2.707118
1605.000000	540.534912	2.704451
1606.000000	540.882446	2.701509
1607.000000	541.208252	2.701940
1608.000000	541.521790	2.701155
1609.000000	541.859863	2.700135
1610.000000	542.182312	2.698684
1611.000000	542.525513	2.698880
1612.000000	542.856201	2.695114
1613.000000	543.177856	2.696958
1614.000000	543.506287	2.696369
1615.000000	543.845642	2.693349
1616.000000	544.177612	2.693152
1617.000000	544.500610	2.692603
1618.000000	544.831482	2.690838
1619.000000	545.168213	2.689661
1620.000000	545.515625	2.688954
1621.000000	545.844727	2.688248
1622.000000	546.187195	2.685855
1623.000000	546.522949	2.683306
1624.000000	546.856934	2.682913
1625.000000	547.192993	2.680167
1626.000000	547.539063	2.680520
1627.000000	547.872314	2.681266
1628.000000	548.194336	2.680089
1629.000000	548.543396	2.678049
1630.000000	548.893555	2.676479
1631.000000	549.232544	2.675655
1632.000000	549.578979	2.674635
1633.000000	549.908936	2.674479
1634.000000	550.269897	2.672046
1635.000000	550.621887	2.672400
1636.000000	550.968994	2.672164
1637.000000	551.299561	2.671850
1638.000000	551.641113	2.669928
1639.000000	551.984131	2.669889
1640.000000	552.328552	2.667692
1641.000000	552.665527	2.667692
1642.000000	553.023071	2.666005
1643.000000	553.336914	2.665613
1644.000000	553.676880	2.664475
1645.000000	554.002991	2.662239
1646.000000	554.340332	2.663063
1647.000000	554.669739	2.662239
1648.000000	555.003052	2.660591
1649.000000	555.335754	2.661219
1650.000000	555.675781	2.659453
1651.000000	555.992676	2.658277
1652.000000	556.312012	2.658590
1653.000000	556.641785	2.656432
1654.000000	556.961060	2.654000
1655.000000	557.296631	2.654863
1656.000000	557.610962	2.651843
1657.000000	557.949707	2.651843
1658.000000	558.285034	2.649410
1659.000000	558.603516	2.649920
1660.000000	558.937683	2.647684
1661.000000	559.267944	2.646468
1662.000000	559.585449	2.647253
1663.000000	559.924744	2.644036
1664.000000	560.266785	2.644742
1665.000000	560.576172	2.642035
1666.000000	560.908142	2.642035
1667.000000	561.245300	2.641996
1668.000000	561.570068	2.641289
1669.000000	561.904968	2.639210
1670.000000	562.236267	2.637053
1671.000000	562.582642	2.636660
1672.000000	562.910339	2.634032
1673.000000	563.246216	2.634738
1674.000000	563.584961	2.631286
1675.000000	563.910889	2.630344
1676.000000	564.236267	2.627676
1677.000000	564.578186	2.628579
1678.000000	564.908813	2.627481
1679.000000	565.246826	2.626774
1680.000000	565.598511	2.626696
1681.000000	565.937622	2.626146
1682.000000	566.276855	2.623793
1683.000000	566.592834	2.624067
1684.000000	566.937744	2.622695
1685.000000	567.260803	2.621321
1686.000000	567.581055	2.619085
1687.000000	567.909424	2.621086
1688.000000	568.236206	2.619163
1689.000000	568.586243	2.617398
1690.000000	568.912354	2.616143
1691.000000	569.255493	2.614181
1692.000000	569.601501	2.614456
1693.000000	569.931396	2.613004
1694.000000	570.252014	2.613710
1695.000000	570.586426	2.613318
1696.000000	570.929688	2.611200
1697.000000	571.250061	2.609238
1698.000000	571.590576	2.606061
1699.000000	571.921509	2.607590
1700.000000	572.240967	2.606021
1701.000000	572.565063	2.604413
1702.000000	572.884888	2.604844
1703.000000	573.214172	2.602020
1704.000000	573.518738	2.601824
1705.000000	573.873779	2.599431
1706.000000	574.213684	2.598411
1707.000000	574.531006	2.596567
1708.000000	574.859558	2.596841
1709.000000	575.196838	2.597273
1710.000000	575.526550	2.594527
1711.000000	575.857544	2.594605
1712.000000	576.187378	2.593781
1713.000000	576.531799	2.593781
1714.000000	576.854980	2.592957
1715.000000	577.181458	2.590721
1716.000000	577.546387	2.589387
1717.000000	577.880798	2.588564
1718.000000	578.217590	2.588995
1719.000000	578.569824	2.585857
1720.000000	578.905029	2.584405
1721.000000	579.223511	2.584366
1722.000000	579.548767	2.582993
1723.000000	579.904968	2.580992
1724.000000	580.235107	2.578952
1725.000000	580.568665	2.579148
1726.000000	580.905762	2.576284
1727.000000	581.243774	2.575382
1728.000000	581.573059	2.577187
1729.000000	581.907959	2.573891
1730.000000	582.241089	2.575029
1731.000000	582.572510	2.573068
1732.000000	582.900818	2.572008
1733.000000	583.247742	2.571851
1734.000000	583.588318	2.570557
1735.000000	583.917236	2.571498
1736.000000	584.247925	2.568988
1737.000000	584.592468	2.569576
1738.000000	584.935425	2.567693
1739.000000	585.267456	2.567183
1740.000000	585.602356	2.568085
1741.000000	585.928955	2.566124
1742.000000	586.267517	2.566320
1743.000000	586.600098	2.562358
1744.000000	586.929932	2.562828
1745.000000	587.259827	2.560828
1746.000000	587.588074	2.562044
1747.000000	587.909424	2.560671
1748.000000	588.236816	2.559219
1749.000000	588.554382	2.557179
1750.000000	588.887024	2.557375
1751.000000	589.220093	2.556905
1752.000000	589.569763	2.554551
1753.000000	589.891724	2.554943
1754.000000	590.235779	2.553020
1755.000000	590.558167	2.553099
1756.000000	590.907898	2.549961
1757.000000	591.246887	2.551647
1758.000000	591.587585	2.550000
1759.000000	591.910645	2.550274
1760.000000	592.239502	2.546822
1761.000000	592.582642	2.545292
1762.000000	592.924316	2.545959
1763.000000	593.260010	2.544390
1764.000000	593.579773	2.544155
1765.000000	593.921387	2.543919
1766.000000	594.271423	2.542350
1767.000000	594.618713	2.542860
1768.000000	594.965027	2.541565
1769.000000	595.301270	2.540428
1770.000000	595.642151	2.540310
1771.000000	595.981689	2.540506
1772.000000	596.312744	2.537132
1773.000000	596.666199	2.534896
1774.000000	597.024597	2.535092
1775.000000	597.365723	2.533719
1776.000000	597.728027	2.532464
1777.000000	598.072510	2.530267
1778.000000	598.401855	2.529365
1779.000000	598.723145	2.527560
1780.000000	599.054443	2.526697
1781.000000	599.382263	2.525638
1782.000000	599.720032	2.525677
1783.000000	600.051941	2.526501
1784.000000	600.383057	2.524069
1785.000000	600.693054	2.521832
1786.000000	601.015137	2.523637
1787.000000	601.342163	2.521832
1788.000000	601.667664	2.519714
1789.000000	601.986206	2.520342
1790.000000	602.303955	2.518145
1791.000000	602.639465	2.516889
1792.000000	602.970337	2.518302
1793.000000	603.297241	2.517125
1794.000000	603.621094	2.515673
1795.000000	603.942017	2.512613
1796.000000	604.275696	2.513633
1797.000000	604.605164	2.512221
1798.000000	604.944946	2.510730
1799.000000	605.270203	2.511162
1800.000000	605.595032	2.509396
1801.000000	605.918152	2.507082
1802.000000	606.261108	2.506297
1803.000000	606.604797	2.505042
1804.000000	606.934021	2.503669
1805.000000	607.264404	2.503590
1806.000000	607.593262	2.501825
1807.000000	607.922974	2.501001
1808.000000	608.249146	2.499942
1809.000000	608.571899	2.501158
1810.000000	608.898499	2.498176
1811.000000	609.216064	2.498804
1812.000000	609.545532	2.495901
1813.000000	609.881775	2.495979
1814.000000	610.218994	2.494920
1815.000000	610.554077	2.494057
1816.000000	610.895264	2.492763
1817.000000	611.233643	2.492331
1818.000000	611.567261	2.490879
1819.000000	611.900208	2.492017
1820.000000	612.227722	2.491076
1821.000000	612.567017	2.491507
1822.000000	612.907227	2.490683
1823.000000	613.245605	2.488957
1824.000000	613.585510	2.488682
1825.000000	613.910767	2.487741
1826.000000	614.250488	2.484916
1827.000000	614.597412	2.484288
1828.000000	614.929504	2.484093
1829.000000	615.278076	2.482445
1830.000000	615.616821	2.481307
1831.000000	615.958069	2.477227
1832.000000	616.275635	2.478443
1833.000000	616.621277	2.477855
1834.000000	616.957458	2.478992
1835.000000	617.281189	2.476403
1836.000000	617.613525	2.475540
1837.000000	617.950439	2.474442
1838.000000	618.273926	2.473069
1839.000000	618.601379	2.473696
1840.000000	618.949707	2.472951
1841.000000	619.276184	2.471656
1842.000000	619.615967	2.469499
1843.000000	619.944946	2.469342
1844.000000	620.267212	2.469420
1845.000000	620.603577	2.469146
1846.000000	620.921936	2.467812
1847.000000	621.273865	2.468008
1848.000000	621.604614	2.467263
1849.000000	621.934143	2.466203
1850.000000	622.257019	2.465144
1851.000000	622.596191	2.465419
1852.000000	622.928040	2.464752
1853.000000	623.268311	2.464909
1854.000000	623.595520	2.462202
1855.000000	623.926514	2.460554
1856.000000	624.263184	2.460475
1857.000000	624.601807	2.460358
1858.000000	624.911743	2.458985
1859.000000	625.261475	2.458789
1860.000000	625.580139	2.458279
1861.000000	625.919189	2.457259
1862.000000	626.241943	2.457612
1863.000000	626.571228	2.457180
1864.000000	626.894287	2.454944
1865.000000	627.231506	2.452669
1866.000000	627.561035	2.451217
1867.000000	627.883667	2.453296
1868.000000	628.233765	2.452198
1869.000000	628.572327	2.450825
1870.000000	628.879700	2.449216
1871.000000	629.213135	2.447804
1872.000000	629.553528	2.445725
1873.000000	629.866699	2.445607
1874.000000	630.216125	2.446509
1875.000000	630.546021	2.444940
1876.000000	630.870483	2.443096
1877.000000	631.188965	2.444274
1878.000000	631.535645	2.442508
1879.000000	631.867004	2.442704
1880.000000	632.192261	2.441135
1881.000000	632.523987	2.441175
1882.000000	632.858887	2.439252
1883.000000	633.188721	2.437683
1884.000000	633.526245	2.437643
1885.000000	633.856384	2.436545
1886.000000	634.180908	2.434858
1887.000000	634.531250	2.434426
1888.000000	634.867859	2.433210
1889.000000	635.192627	2.431563
1890.000000	635.531250	2.432230
1891.000000	635.853516	2.430582
1892.000000	636.197327	2.429444
1893.000000	636.527771	2.428895
1894.000000	636.846008	2.428228
1895.000000	637.169922	2.426306
1896.000000	637.500305	2.425404
1897.000000	637.832397	2.424148
1898.000000	638.165283	2.425639
1899.000000	638.494629	2.424266
1900.000000	638.836792	2.423011
1901.000000	639.169922	2.422696
1902.000000	639.510315	2.421402
1903.000000	639.825989	2.420931
1904.000000	640.141602	2.419048
1905.000000	640.502441	2.421755
1906.000000	640.847961	2.420303
1907.000000	641.156006	2.419127
1908.000000	641.485901	2.418891
1909.000000	641.816650	2.415243
1910.000000	642.164368	2.418459
1911.000000	642.495361	2.415792
1912.000000	642.839172	2.416263
1913.000000	643.189941	2.415556
1914.000000	643.513123	2.414536
1915.000000	643.837769	2.414183
1916.000000	644.187927	2.413870
1917.000000	644.519714	2.411712
1918.000000	644.856018	2.411869
1919.000000	645.210510	2.409319
1920.000000	645.514587	2.409358
1921.000000	645.866638	2.406259
1922.000000	646.194397	2.406377
1923.000000	646.516724	2.404768
1924.000000	646.859497	2.403395
1925.000000	647.194763	2.404846
1926.000000	647.535095	2.402375
1927.000000	647.873779	2.402532
1928.000000	648.205566	2.402689
1929.000000	648.536194	2.400767
1930.000000	648.851990	2.399315
1931.000000	649.188477	2.399629
1932.000000	649.525879	2.398374
1933.000000	649.857605	2.397197
1934.000000	650.177246	2.397471
1935.000000	650.500732	2.395000
1936.000000	650.833679	2.393901
1937.000000	651.153076	2.393940
1938.000000	651.488037	2.394254
1939.000000	651.819153	2.393666
1940.000000	652.150513	2.392607
1941.000000	652.481506	2.392332
1942.000000	652.809265	2.392136
1943.000000	653.126221	2.390645
1944.000000	653.465820	2.390527
1945.000000	653.794678	2.389468
1946.000000	654.140137	2.388919
1947.000000	654.479919	2.389311
1948.000000	654.817444	2.387978
1949.000000	655.155396	2.386369
1950.000000	655.488037	2.386408
1951.000000	655.817200	2.387350
1952.000000	656.152039	2.385153
1953.000000	656.487854	2.384015
1954.000000	656.831360	2.383544
1955.000000	657.175232	2.383584
1956.000000	657.498779	2.380092
1957.000000	657.806885	2.378837
1958.000000	658.145508	2.379504
1959.000000	658.480835	2.380485
1960.000000	658.823853	2.378680
1961.000000	659.160217	2.378366
1962.000000	659.484375	2.376875
1963.000000	659.818420	2.377032
1964.000000	660.155762	2.375816
1965.000000	660.493408	2.375698
1966.000000	660.817627	2.372913
1967.000000	661.164795	2.372481
1968.000000	661.494995	2.371696
1969.000000	661.825562	2.371540
1970.000000	662.145508	2.371775
1971.000000	662.483948	2.370402
1972.000000	662.815430	2.370637
1973.000000	663.149536	2.371461
1974.000000	663.472900	2.369264
1975.000000	663.802307	2.368127
1976.000000	664.151428	2.367185
1977.000000	664.479004	2.367303
1978.000000	664.802429	2.366126
1979.000000	665.149292	2.366597
1980.000000	665.466003	2.366950
1981.000000	665.805176	2.365694
1982.000000	666.148865	2.366009
1983.000000	666.464966	2.363105
1984.000000	666.798218	2.363184
1985.000000	667.133606	2.363929
1986.000000	667.485107	2.361575
1987.000000	667.827148	2.361654
1988.000000	668.157227	2.362870
1989.000000	668.490906	2.360947
1990.000000	668.846375	2.359104
1991.000000	669.191040	2.359692
1992.000000	669.515137	2.358593
1993.000000	669.852783	2.358908
1994.000000	670.190247	2.357417
1995.000000	670.518555	2.355887
1996.000000	670.848389	2.355573
1997.000000	671.176636	2.356907
1998.000000	671.525024	2.354984
1999.000000	671.854736	2.354514
2000.000000	672.186523	2.353807
2001.000000	672.530029	2.351689
2002.000000	672.875977	2.353807
2003.000000	673.203430	2.353023
2004.000000	673.532043	2.350630
2005.000000	673.867798	2.349335
2006.000000	674.207336	2.348825
2007.000000	674.531555	2.347295
2008.000000	674.867859	2.349296
2009.000000	675.202637	2.347923
2010.000000	675.546570	2.347374
2011.000000	675.866760	2.348315
2012.000000	676.209229	2.346354
2013.000000	676.553955	2.348080
2014.000000	676.883911	2.347727
2015.000000	677.227234	2.346118
2016.000000	677.566467	2.342705
2017.000000	677.895752	2.344980
2018.000000	678.229248	2.344157
2019.000000	678.569336	2.343961
2020.000000	678.890198	2.342195
2021.000000	679.233459	2.341057
2022.000000	679.574036	2.340194
2023.000000	679.901306	2.340783
2024.000000	680.249451	2.340155
2025.000000	680.565186	2.339841
2026.000000	680.884766	2.339606
2027.000000	681.241516	2.338468
2028.000000	681.571777	2.335918
2029.000000	681.918579	2.339017
2030.000000	682.248718	2.335173
2031.000000	682.589966	2.335134
2032.000000	682.912720	2.335683
2033.000000	683.223694	2.332898
2034.000000	683.556091	2.332976
2035.000000	683.876709	2.332584
2036.000000	684.196289	2.332623
2037.000000	684.549072	2.333290
2038.000000	684.892090	2.329759
2039.000000	685.206238	2.332348
2040.000000	685.542175	2.328347
2041.000000	685.876770	2.329524
2042.000000	686.193115	2.329328
2043.000000	686.528809	2.328425
2044.000000	686.860474	2.326150
2045.000000	687.189697	2.326267
2046.000000	687.526611	2.326111
2047.000000	687.845398	2.324738
2048.000000	688.185303	2.324738
2049.000000	688.521423	2.323129
2050.000000	688.844360	2.323953
2051.000000	689.174377	2.323325
2052.000000	689.505005	2.324738
2053.000000	689.833496	2.321442
2054.000000	690.157715	2.321874
2055.000000	690.490356	2.322031
2056.000000	690.825439	2.320932
2057.000000	691.163086	2.321835
2058.000000	691.489075	2.320344
2059.000000	691.814209	2.320226
2060.000000	692.160767	2.319912
2061.000000	692.477661	2.318814
2062.000000	692.817688	2.319206
2063.000000	693.173889	2.319441
2064.000000	693.509521	2.318539
2065.000000	693.836609	2.318735
2066.000000	694.166809	2.317755
2067.000000	694.505737	2.315597
2068.000000	694.812378	2.313478
2069.000000	695.143982	2.314106
2070.000000	695.464600	2.314224
2071.000000	695.797058	2.314891
2072.000000	696.129272	2.313714
2073.000000	696.462402	2.313086
2074.000000	696.790710	2.312184
2075.000000	697.140381	2.310928
2076.000000	697.475281	2.310968
2077.000000	697.820313	2.310889
2078.000000	698.153442	2.309987
2079.000000	698.490723	2.309791
2080.000000	698.833435	2.306652
2081.000000	699.177490	2.307045
2082.000000	699.499512	2.308339
2083.000000	699.853882	2.305711
2084.000000	700.179199	2.306142
2085.000000	700.528076	2.305436
2086.000000	700.860596	2.305946
2087.000000	701.196472	2.304181
2088.000000	701.547119	2.302847
2089.000000	701.873291	2.303082
2090.000000	702.217468	2.300650
2091.000000	702.541992	2.304338
2092.000000	702.895264	2.301984
2093.000000	703.237732	2.300219
2094.000000	703.584717	2.298571
2095.000000	703.928711	2.301631
2096.000000	704.278687	2.301239
2097.000000	704.623535	2.299669
2098.000000	704.959229	2.299316
2099.000000	705.288513	2.296335
2100.000000	705.616333	2.297590
2101.000000	705.926147	2.297708
2102.000000	706.261230	2.296492
2103.000000	706.578369	2.295981
2104.000000	706.905273	2.296178
2105.000000	707.227722	2.294608
2106.000000	707.562561	2.294530
2107.000000	707.885803	2.295118
2108.000000	708.239502	2.294922
2109.000000	708.568787	2.295707
2110.000000	708.891602	2.293353
2111.000000	709.196533	2.293353
2112.000000	709.541870	2.293667
2113.000000	709.857666	2.292372
2114.000000	710.193665	2.293510
2115.000000	710.536377	2.291313
2116.000000	710.872070	2.291706
2117.000000	711.199158	2.292098
2118.000000	711.518799	2.291862
2119.000000	711.855469	2.290372
2120.000000	712.166626	2.290882
2121.000000	712.508179	2.291548
2122.000000	712.843018	2.289351
2123.000000	713.184753	2.290725
2124.000000	713.513428	2.287508
2125.000000	713.839600	2.288371
2126.000000	714.158203	2.286723
2127.000000	714.471497	2.287233
2128.000000	714.787415	2.286252
2129.000000	715.111572	2.286174
2130.000000	715.436829	2.287194
2131.000000	715.772156	2.285076
2132.000000	716.106812	2.285743
2133.000000	716.427734	2.284134
2134.000000	716.762634	2.282722
2135.000000	717.095154	2.283153
2136.000000	717.424194	2.281662
2137.000000	717.753723	2.282526
2138.000000	718.068298	2.281349
2139.000000	718.398376	2.281466
2140.000000	718.728699	2.280133
2141.000000	719.076782	2.280093
2142.000000	719.416260	2.281545
2143.000000	719.757263	2.279740
2144.000000	720.081787	2.279583
2145.000000	720.418213	2.276915
2146.000000	720.764893	2.277740
2147.000000	721.090637	2.277308
2148.000000	721.422729	2.276131
2149.000000	721.767151	2.276406
2150.000000	722.104614	2.275503
2151.000000	722.430420	2.275150
2152.000000	722.753174	2.274837
2153.000000	723.096313	2.276524
2154.000000	723.418457	2.274562
2155.000000	723.746094	2.273071
2156.000000	724.065308	2.275974
2157.000000	724.403076	2.273463
2158.000000	724.735718	2.273346
2159.000000	725.075684	2.271855
2160.000000	725.410522	2.271423
2161.000000	725.738037	2.272247
2162.000000	726.064575	2.272365
2163.000000	726.401367	2.271776
2164.000000	726.715759	2.273071
2165.000000	727.033264	2.269658
2166.000000	727.361328	2.269814
2167.000000	727.694397	2.269814
2168.000000	728.021973	2.270325
2169.000000	728.347412	2.267971
2170.000000	728.682983	2.269658
2171.000000	729.009033	2.268403
2172.000000	729.343628	2.268246
2173.000000	729.665771	2.268795
2174.000000	729.977295	2.268952
2175.000000	730.273438	2.267893
2176.000000	730.567200	2.267226
2177.000000	730.902100	2.266441
2178.000000	731.205444	2.266755
2179.000000	731.556091	2.265696
2180.000000	731.940796	2.265970
2181.000000	732.304382	2.265931
2182.000000	732.643799	2.266009
2183.000000	732.970947	2.265264
2184.000000	733.307983	2.265617
2185.000000	733.658203	2.262871
2186.000000	734.002258	2.264126
2187.000000	734.352722	2.265421
2188.000000	734.683960	2.264166
2189.000000	735.019897	2.265068
2190.000000	735.333496	2.262322
2191.000000	735.669373	2.262322
2192.000000	735.977661	2.262989
2193.000000	736.311584	2.261773
2194.000000	736.636841	2.261694
2195.000000	736.953857	2.261537
2196.000000	737.281006	2.260439
2197.000000	737.602600	2.259733
2198.000000	737.918945	2.261145
2199.000000	738.257324	2.260517
2200.000000	738.585754	2.258948
2201.000000	738.920349	2.260360
2202.000000	739.249146	2.259419
2203.000000	739.585449	2.260517
2204.000000	739.926147	2.258438
2205.000000	740.243896	2.258634
2206.000000	740.595520	2.259105
2207.000000	740.919312	2.256516
2208.000000	741.250732	2.257653
2209.000000	741.588379	2.256908
2210.000000	741.921143	2.254907
2211.000000	742.254089	2.254358
2212.000000	742.582703	2.255221
2213.000000	742.917847	2.254868
2214.000000	743.245544	2.254279
2215.000000	743.583740	2.253142
2216.000000	743.919128	2.253416
2217.000000	744.254944	2.252514
2218.000000	744.609924	2.252985
2219.000000	744.937866	2.251062
2220.000000	745.263428	2.250749
2221.000000	745.578003	2.252121
2222.000000	745.894287	2.251180
2223.000000	746.258179	2.249336
2224.000000	746.593323	2.249768
2225.000000	746.918701	2.248944
2226.000000	747.242065	2.249650
2227.000000	747.578918	2.249729
2228.000000	747.929504	2.248042
2229.000000	748.251282	2.249572
2230.000000	748.581055	2.249336
2231.000000	748.927002	2.247885
2232.000000	749.261230	2.247689
2233.000000	749.607483	2.244825
2234.000000	749.946472	2.247650
2235.000000	750.274780	2.246119
2236.000000	750.611755	2.244040
2237.000000	750.940979	2.245021
2238.000000	751.277344	2.244550
2239.000000	751.610413	2.244080
2240.000000	751.940857	2.244590
2241.000000	752.266724	2.243413
2242.000000	752.606812	2.243020
2243.000000	752.936890	2.244001
2244.000000	753.258728	2.242196
2245.000000	753.608093	2.242157
2246.000000	753.951843	2.242510
2247.000000	754.275452	2.241137
2248.000000	754.604492	2.240195
2249.000000	754.931763	2.241490
2250.000000	755.254639	2.241059
2251.000000	755.573242	2.238822
2252.000000	755.932861	2.239490
2253.000000	756.269775	2.239176
2254.000000	756.561096	2.239411
2255.000000	756.876038	2.240705
2256.000000	757.216797	2.237881
2257.000000	757.555420	2.237763
2258.000000	757.895508	2.239686
2259.000000	758.205078	2.238077
2260.000000	758.543091	2.235214
2261.000000	758.876221	2.236508
2262.000000	759.208191	2.236076
2263.000000	759.540100	2.236116
2264.000000	759.862549	2.236351
2265.000000	760.196106	2.235488
2266.000000	760.539307	2.233997
2267.000000	760.862366	2.234625
2268.000000	761.203857	2.231212
2269.000000	761.535767	2.234115
2270.000000	761.873901	2.231997
2271.000000	762.205139	2.232114
2272.000000	762.548096	2.232702
2273.000000	762.859863	2.230427
2274.000000	763.218750	2.231722
2275.000000	763.560425	2.231447
2276.000000	763.892273	2.230152
2277.000000	764.216858	2.229172
2278.000000	764.542969	2.229486
2279.000000	764.862183	2.229839
2280.000000	765.185303	2.229094
2281.000000	765.515869	2.229290
2282.000000	765.869629	2.228270
2283.000000	766.204956	2.225876
2284.000000	766.520447	2.226386
2285.000000	766.846313	2.227407
2286.000000	767.180420	2.225288
2287.000000	767.525146	2.226661
2288.000000	767.856934	2.224660
2289.000000	768.201538	2.224778
2290.000000	768.548340	2.224778
2291.000000	768.870239	2.224582
2292.000000	769.206116	2.226269
2293.000000	769.527344	2.223993
2294.000000	769.869324	2.223248
2295.000000	770.182129	2.223287
2296.000000	770.523621	2.223601
2297.000000	770.859375	2.221561
2298.000000	771.195007	2.222228
2299.000000	771.525574	2.222542
2300.000000	771.850098	2.222502
2301.000000	772.210754	2.219560
2302.000000	772.532776	2.221797
2303.000000	772.860840	2.220580
2304.000000	773.198486	2.222149
2305.000000	773.525391	2.222071
2306.000000	773.850708	2.219521
2307.000000	774.204834	2.219600
2308.000000	774.545166	2.219992
2309.000000	774.860229	2.219286
2310.000000	775.184692	2.219207
2311.000000	775.516785	2.219090
2312.000000	775.860901	2.218815
2313.000000	776.194580	2.219639
2314.000000	776.533386	2.217834
2315.000000	776.847534	2.218462
2316.000000	777.184937	2.218148
2317.000000	777.521851	2.215755
2318.000000	777.856445	2.217324
2319.000000	778.191223	2.216422
2320.000000	778.527100	2.215912
2321.000000	778.859192	2.215010
2322.000000	779.167419	2.216971
2323.000000	779.516602	2.215598
2324.000000	779.843079	2.216657
2325.000000	780.173340	2.216187
2326.000000	780.489136	2.215951
2327.000000	780.846558	2.214735
2328.000000	781.176941	2.216030
2329.000000	781.506775	2.214421
2330.000000	781.843384	2.215402
2331.000000	782.186157	2.214460
2332.000000	782.498230	2.214303
2333.000000	782.817383	2.212695
2334.000000	783.156433	2.214068
2335.000000	783.479004	2.210106
2336.000000	783.800415	2.212146
2337.000000	784.111328	2.212891
2338.000000	784.462952	2.210851
2339.000000	784.794617	2.210773
2340.000000	785.135559	2.210890
2341.000000	785.444519	2.207673
2342.000000	785.795959	2.209007
2343.000000	786.142578	2.209046
2344.000000	786.495056	2.209439
2345.000000	786.807251	2.209635
2346.000000	787.134766	2.208772
2347.000000	787.470215	2.209164
2348.000000	787.794128	2.208968
2349.000000	788.125732	2.207517
2350.000000	788.488770	2.208262
2351.000000	788.821594	2.209243
2352.000000	789.144714	2.206457
2353.000000	789.453125	2.206850
2354.000000	789.791504	2.206732
2355.000000	790.136047	2.204457
2356.000000	790.477051	2.204653
2357.000000	790.803894	2.203751
2358.000000	791.134766	2.201985
2359.000000	791.478088	2.204731
2360.000000	791.816101	2.204653
2361.000000	792.134033	2.203279
2362.000000	792.466614	2.203005
2363.000000	792.782166	2.200416
2364.000000	793.124634	2.201397
2365.000000	793.460754	2.201279
2366.000000	793.784180	2.200181
2367.000000	794.126953	2.200534
2368.000000	794.457520	2.201279
2369.000000	794.810303	2.201397
2370.000000	795.158813	2.200063
2371.000000	795.471130	2.198337
2372.000000	795.806396	2.200377
2373.000000	796.149414	2.197866
2374.000000	796.488708	2.199396
2375.000000	796.805969	2.197670
2376.000000	797.151855	2.197513
2377.000000	797.486328	2.195747
2378.000000	797.820007	2.196924
2379.000000	798.138062	2.197081
2380.000000	798.478760	2.195434
2381.000000	798.806458	2.197042
2382.000000	799.125916	2.195080
2383.000000	799.472046	2.194571
2384.000000	799.789612	2.194178
2385.000000	800.151978	2.195590
2386.000000	800.478027	2.193982
2387.000000	800.810181	2.193629
2388.000000	801.149536	2.194688
2389.000000	801.481323	2.192099
2390.000000	801.809082	2.192569
2391.000000	802.142151	2.192648
2392.000000	802.476013	2.192844
2393.000000	802.820618	2.192060
2394.000000	803.135010	2.192334
2395.000000	803.469238	2.191864
2396.000000	803.775208	2.190687
2397.000000	804.124756	2.191432
2398.000000	804.450623	2.190883
2399.000000	804.781616	2.191118
2400.000000	805.112122	2.189902
2401.000000	805.453003	2.191354
2402.000000	805.786560	2.191393
2403.000000	806.106445	2.188333
2404.000000	806.445557	2.187783
2405.000000	806.787537	2.189745
2406.000000	807.121643	2.191079
2407.000000	807.452393	2.189235
2408.000000	807.773376	2.189235
2409.000000	808.107178	2.191589
2410.000000	808.442627	2.187705
2411.000000	808.791016	2.188097
2412.000000	809.152588	2.187470
2413.000000	809.491211	2.184292
2414.000000	809.817505	2.186842
