0.000000	26.830032	10.189064
1.000000	26.865120	10.185768
2.000000	26.903336	10.184318
3.000000	26.939993	10.182827
4.000000	26.968323	10.181061
5.000000	27.003048	10.178158
6.000000	27.051271	10.176353
7.000000	27.091423	10.172626
8.000000	27.137115	10.171646
9.000000	27.195955	10.168939
10.000000	27.245989	10.168351
11.000000	27.294577	10.165957
12.000000	27.351727	10.164152
13.000000	27.414303	10.163250
14.000000	27.474459	10.161877
15.000000	27.551018	10.160347
16.000000	27.603832	10.158856
17.000000	27.681597	10.159445
18.000000	27.751162	10.156934
19.000000	27.828085	10.156032
20.000000	27.895962	10.154894
21.000000	27.968542	10.153404
22.000000	28.043900	10.150107
23.000000	28.125521	10.150303
24.000000	28.204372	10.147518
25.000000	28.293350	10.146067
26.000000	28.388115	10.145478
27.000000	28.466360	10.144929
28.000000	28.554861	10.141163
29.000000	28.642269	10.140262
30.000000	28.731005	10.137123
31.000000	28.823845	10.134102
32.000000	28.906673	10.137829
33.000000	29.011566	10.134142
34.000000	29.100302	10.131237
35.000000	29.198442	10.130336
36.000000	29.305508	10.129943
37.000000	29.407385	10.129003
38.000000	29.504082	10.128806
39.000000	29.605597	10.125118
40.000000	29.709524	10.123274
41.000000	29.798500	10.122568
42.000000	29.897369	10.119155
43.000000	30.004671	10.119666
44.000000	30.102448	10.116331
45.000000	30.217257	10.113388
46.000000	30.319389	10.113819
47.000000	30.410759	10.112957
48.000000	30.513494	10.111466
49.000000	30.626152	10.110643
50.000000	30.719912	10.109074
51.000000	30.830416	10.108445
52.000000	30.939968	10.105620
53.000000	31.037676	10.103462
54.000000	31.147820	10.102050
55.000000	31.263351	10.100951
56.000000	31.380911	10.098990
57.000000	31.506964	10.098166
58.000000	31.603119	10.095655
59.000000	31.726061	10.094989
60.000000	31.860367	10.091812
61.000000	31.991320	10.091496
62.000000	32.122993	10.087497
63.000000	32.248928	10.087574
64.000000	32.383347	10.087104
65.000000	32.535355	10.085457
66.000000	32.701588	10.085180
67.000000	32.848930	10.083886
68.000000	33.013371	10.082122
69.000000	33.170635	10.081925
70.000000	33.345963	10.080983
71.000000	33.531094	10.079806
72.000000	33.726036	10.077414
73.000000	33.916061	10.076079
74.000000	34.121891	10.074039
75.000000	34.338120	10.072941
76.000000	34.558887	10.069332
77.000000	34.795444	10.069567
78.000000	35.032005	10.070235
79.000000	35.276810	10.068391
80.000000	35.535614	10.068274
81.000000	35.796089	10.065331
82.000000	36.066254	10.064664
83.000000	36.356750	10.062309
84.000000	36.637436	10.063251
85.000000	36.943832	10.061604
86.000000	37.261002	10.060859
87.000000	37.570633	10.058740
88.000000	37.901546	10.057602
89.000000	38.237610	10.056662
90.000000	38.596748	10.054071
91.000000	38.945724	10.053915
92.000000	39.309292	10.051483
93.000000	39.671421	10.051247
94.000000	40.051254	10.046345
95.000000	40.444565	10.043949
96.000000	40.823788	10.037908
97.000000	41.223278	10.037163
98.000000	41.624317	10.032690
99.000000	42.025475	10.029395
100.000000	42.431259	10.027591
101.000000	42.847015	10.025784
102.000000	43.272980	10.022334
103.000000	43.696930	10.018764
104.000000	44.128952	10.016213
105.000000	44.561329	10.014449
106.000000	44.995491	10.011977
107.000000	45.425385	10.010918
108.000000	45.864876	10.007270
109.000000	46.303432	10.005543
110.000000	46.741394	10.003738
111.000000	47.176266	9.998482
112.000000	47.624550	9.997030
113.000000	48.066425	9.994284
114.000000	48.500702	9.991342
115.000000	48.936996	9.986595
116.000000	49.373890	9.984751
117.000000	49.798790	9.980592
118.000000	50.221077	9.977768
119.000000	50.647034	9.976002
120.000000	51.070251	9.968588
121.000000	51.490795	9.967803
122.000000	51.915947	9.965292
123.000000	52.327396	9.962743
124.000000	52.730339	9.959330
125.000000	53.137421	9.956976
126.000000	53.543900	9.950974
127.000000	53.940472	9.948384
128.000000	54.330536	9.945951
129.000000	54.729462	9.940499
130.000000	55.109375	9.938067
131.000000	55.484680	9.933163
132.000000	55.851471	9.929318
133.000000	56.226181	9.926807
134.000000	56.587540	9.920804
135.000000	56.941345	9.915154
136.000000	57.316406	9.913547
137.000000	57.681084	9.908878
138.000000	58.031689	9.906212
139.000000	58.376629	9.901307
140.000000	58.718857	9.896523
141.000000	59.055058	9.890872
142.000000	59.391251	9.886321
143.000000	59.726627	9.883654
144.000000	60.051727	9.879104
145.000000	60.372803	9.876358
146.000000	60.687859	9.872081
147.000000	61.005119	9.865528
148.000000	61.315411	9.863333
149.000000	61.626060	9.860664
150.000000	61.912231	9.856545
151.000000	62.237469	9.852621
152.000000	62.527397	9.849640
153.000000	62.824871	9.842932
154.000000	63.131287	9.841441
155.000000	63.428398	9.836968
156.000000	63.715385	9.832615
157.000000	64.003082	9.828574
158.000000	64.292671	9.821747
159.000000	64.581543	9.818648
160.000000	64.863945	9.812803
161.000000	65.146942	9.810724
162.000000	65.431824	9.806369
163.000000	65.697281	9.803308
164.000000	65.982040	9.797345
165.000000	66.264801	9.792089
166.000000	66.544495	9.787107
167.000000	66.829376	9.783340
168.000000	67.110130	9.779182
169.000000	67.394066	9.774946
170.000000	67.661880	9.771690
171.000000	67.936874	9.767452
172.000000	68.229866	9.763923
173.000000	68.514862	9.759293
174.000000	68.798676	9.756939
175.000000	69.072495	9.753016
176.000000	69.354546	9.751095
177.000000	69.643776	9.747916
178.000000	69.927238	9.740461
179.000000	70.227539	9.735558
180.000000	70.506874	9.732498
181.000000	70.804817	9.727751
182.000000	71.100952	9.722886
183.000000	71.395607	9.720493
184.000000	71.702003	9.715314
185.000000	71.996292	9.712294
186.000000	72.293175	9.707390
187.000000	72.602859	9.704802
188.000000	72.912781	9.700524
189.000000	73.225182	9.694759
190.000000	73.528648	9.692914
191.000000	73.842102	9.688324
192.000000	74.154724	9.683537
193.000000	74.473236	9.679499
194.000000	74.799736	9.675457
195.000000	75.129303	9.671454
196.000000	75.452148	9.666512
197.000000	75.781471	9.664982
198.000000	76.112915	9.659098
199.000000	76.436951	9.656195
200.000000	76.767334	9.654781
201.000000	77.098076	9.651525
202.000000	77.447868	9.646427
203.000000	77.781532	9.642268
204.000000	78.130852	9.638658
205.000000	78.491577	9.635756
206.000000	78.829948	9.632893
207.000000	79.184082	9.628223
208.000000	79.525513	9.623751
209.000000	79.870598	9.617394
210.000000	80.224136	9.613275
211.000000	80.593910	9.610765
212.000000	80.944878	9.606293
213.000000	81.292419	9.605195
214.000000	81.649025	9.601074
215.000000	82.013275	9.595230
216.000000	82.366928	9.590757
217.000000	82.725647	9.585343
218.000000	83.096596	9.582520
219.000000	83.455200	9.579304
220.000000	83.806984	9.575928
221.000000	84.174515	9.572594
222.000000	84.536995	9.568867
223.000000	84.890892	9.564747
224.000000	85.256195	9.560902
225.000000	85.606689	9.557450
226.000000	85.992920	9.556195
227.000000	86.347633	9.550389
228.000000	86.720116	9.548035
229.000000	87.071655	9.546506
230.000000	87.447319	9.543093
231.000000	87.811676	9.540268
232.000000	88.171326	9.536187
233.000000	88.523232	9.531441
234.000000	88.886894	9.528694
235.000000	89.242432	9.524929
236.000000	89.595863	9.520927
237.000000	89.938362	9.517829
238.000000	90.294960	9.514416
239.000000	90.645805	9.511707
240.000000	90.994881	9.509394
241.000000	91.347137	9.508492
242.000000	91.685158	9.503194
243.000000	92.030479	9.496682
244.000000	92.379929	9.493308
245.000000	92.721008	9.491896
246.000000	93.067390	9.489425
247.000000	93.397522	9.484600
248.000000	93.730118	9.482011
249.000000	94.064590	9.481265
250.000000	94.400726	9.478127
251.000000	94.740639	9.474987
252.000000	95.076294	9.472163
253.000000	95.408783	9.468712
254.000000	95.736084	9.466162
255.000000	96.063133	9.463455
256.000000	96.388771	9.462906
257.000000	96.717834	9.459688
258.000000	97.040298	9.458432
259.000000	97.369827	9.455727
260.000000	97.700188	9.453294
261.000000	98.020287	9.451763
262.000000	98.328262	9.449215
263.000000	98.648476	9.445800
264.000000	98.971992	9.445055
265.000000	99.286209	9.443485
266.000000	99.598892	9.439365
267.000000	99.922302	9.437992
268.000000	100.231667	9.435836
269.000000	100.550354	9.432619
270.000000	100.869522	9.431678
271.000000	101.172066	9.429793
272.000000	101.480858	9.428108
273.000000	101.794861	9.425518
274.000000	102.121674	9.422772
275.000000	102.440758	9.423321
276.000000	102.755951	9.419359
277.000000	103.065941	9.417397
278.000000	103.376289	9.413239
279.000000	103.693367	9.414965
280.000000	104.007370	9.411905
281.000000	104.324104	9.409669
282.000000	104.625816	9.408807
283.000000	104.941010	9.407747
284.000000	105.271568	9.405864
285.000000	105.580368	9.406374
286.000000	105.898643	9.403039
287.000000	106.217621	9.402138
288.000000	106.536011	9.401196
289.000000	106.864082	9.398605
290.000000	107.188843	9.398056
291.000000	107.504517	9.398174
292.000000	107.820663	9.397037
293.000000	108.151436	9.395939
294.000000	108.472664	9.392094
295.000000	108.803108	9.390250
296.000000	109.125633	9.391035
297.000000	109.456200	9.387465
298.000000	109.778366	9.386915
299.000000	110.109039	9.385738
300.000000	110.432869	9.384404
301.000000	110.763290	9.383659
302.000000	111.096344	9.382953
303.000000	111.420410	9.381971
304.000000	111.744934	9.381108
305.000000	112.092514	9.379892
306.000000	112.428352	9.380324
307.000000	112.755951	9.378479
308.000000	113.093384	9.376755
309.000000	113.427620	9.375225
310.000000	113.760895	9.374479
311.000000	114.107361	9.373421
312.000000	114.447067	9.374479
313.000000	114.789368	9.372478
314.000000	115.125862	9.370949
315.000000	115.462830	9.369144
316.000000	115.811188	9.370046
317.000000	116.148277	9.368438
318.000000	116.486435	9.366986
319.000000	116.822083	9.366791
320.000000	117.167969	9.367496
321.000000	117.515633	9.366554
322.000000	117.852814	9.363965
323.000000	118.203682	9.363063
324.000000	118.559418	9.365535
325.000000	118.894249	9.362592
326.000000	119.231209	9.361690
327.000000	119.583382	9.360709
328.000000	119.936020	9.363298
329.000000	120.280708	9.362709
330.000000	120.627899	9.361219
331.000000	120.967125	9.359375
332.000000	121.312523	9.360905
333.000000	121.665291	9.361180
334.000000	122.014496	9.359768
335.000000	122.350449	9.358356
336.000000	122.700684	9.357924
337.000000	123.046738	9.357649
338.000000	123.389679	9.356981
339.000000	123.730247	9.357964
340.000000	124.071419	9.357180
341.000000	124.412582	9.357924
342.000000	124.757324	9.358866
343.000000	125.105186	9.357021
344.000000	125.445015	9.358315
345.000000	125.784637	9.357258
346.000000	126.136787	9.356826
347.000000	126.472809	9.356904
348.000000	126.818756	9.355373
349.000000	127.153221	9.355923
350.000000	127.476364	9.356002
351.000000	127.827087	9.355413
352.000000	128.151138	9.354589
353.000000	128.491943	9.355178
354.000000	128.827621	9.355138
355.000000	129.150513	9.355139
356.000000	129.492493	9.354237
357.000000	129.829361	9.354355
358.000000	130.165863	9.354550
359.000000	130.498291	9.354589
360.000000	130.832764	9.352981
361.000000	131.153244	9.353255
362.000000	131.491180	9.354511
363.000000	131.812027	9.354511
364.000000	132.132172	9.355178
365.000000	132.463623	9.354393
366.000000	132.800659	9.352078
367.000000	133.125259	9.354630
368.000000	133.458984	9.352981
369.000000	133.781265	9.354000
370.000000	134.108261	9.350744
371.000000	134.440292	9.352784
372.000000	134.761734	9.352982
373.000000	135.090881	9.351568
374.000000	135.416306	9.352118
375.000000	135.731033	9.351058
376.000000	136.067871	9.353020
377.000000	136.398102	9.353413
378.000000	136.721954	9.352314
379.000000	137.046051	9.351334
380.000000	137.373520	9.352313
381.000000	137.697495	9.352158
382.000000	138.018707	9.351176
383.000000	138.344849	9.351883
384.000000	138.667282	9.352000
385.000000	138.992691	9.350941
386.000000	139.304291	9.352470
387.000000	139.631042	9.350078
388.000000	139.958740	9.351921
389.000000	140.280563	9.353177
390.000000	140.602966	9.352431
391.000000	140.931519	9.350431
392.000000	141.264633	9.351137
393.000000	141.595459	9.352353
394.000000	141.922668	9.351921
395.000000	142.239685	9.349725
396.000000	142.569824	9.351685
397.000000	142.885559	9.349764
398.000000	143.227249	9.351921
399.000000	143.556732	9.350822
400.000000	143.881027	9.351569
401.000000	144.206055	9.350666
402.000000	144.539642	9.350745
403.000000	144.869736	9.349646
404.000000	145.197647	9.349960
405.000000	145.543701	9.351020
406.000000	145.865936	9.351451
407.000000	146.202072	9.352432
408.000000	146.530334	9.352157
409.000000	146.859589	9.352236
410.000000	147.196320	9.351843
411.000000	147.530640	9.351804
412.000000	147.864471	9.351215
413.000000	148.200485	9.351412
414.000000	148.539871	9.350549
415.000000	148.871674	9.351334
416.000000	149.221085	9.350430
417.000000	149.547791	9.351333
418.000000	149.883789	9.350941
419.000000	150.223785	9.349529
420.000000	150.565842	9.350822
421.000000	150.889999	9.349998
422.000000	151.233749	9.350078
423.000000	151.577118	9.350548
424.000000	151.922806	9.351059
425.000000	152.244797	9.349607
426.000000	152.596512	9.349567
427.000000	152.931641	9.350822
428.000000	153.271240	9.353374
429.000000	153.610474	9.350744
430.000000	153.954651	9.351137
431.000000	154.290482	9.351215
432.000000	154.629105	9.351059
433.000000	154.972946	9.350704
434.000000	155.327332	9.349804
435.000000	155.664978	9.350822
436.000000	155.997742	9.350588
437.000000	156.331421	9.350903
438.000000	156.669312	9.351490
439.000000	157.004501	9.351058
440.000000	157.342407	9.351254
441.000000	157.674561	9.351843
442.000000	158.006882	9.350038
443.000000	158.354248	9.350391
444.000000	158.687378	9.351293
445.000000	159.029037	9.352510
446.000000	159.364380	9.349881
447.000000	159.688049	9.350313
448.000000	160.029709	9.349450
449.000000	160.363831	9.349294
450.000000	160.692139	9.351725
451.000000	161.031616	9.349567
452.000000	161.367310	9.349333
453.000000	161.696335	9.349568
454.000000	162.031311	9.349411
455.000000	162.355347	9.348587
456.000000	162.667389	9.349882
457.000000	163.005402	9.349725
458.000000	163.343903	9.349293
459.000000	163.665207	9.347567
460.000000	164.006241	9.347724
461.000000	164.330215	9.349057
462.000000	164.655167	9.349490
463.000000	164.979050	9.350194
464.000000	165.318237	9.349842
465.000000	165.639786	9.349764
466.000000	165.976196	9.349255
467.000000	166.307373	9.348665
468.000000	166.625122	9.349097
469.000000	166.944962	9.349372
470.000000	167.272476	9.350353
471.000000	167.613159	9.349960
472.000000	167.924576	9.348273
473.000000	168.243195	9.349567
474.000000	168.575943	9.349136
475.000000	168.899185	9.347488
476.000000	169.236084	9.349096
477.000000	169.549820	9.349255
478.000000	169.878922	9.350784
479.000000	170.202408	9.350156
480.000000	170.531021	9.350430
481.000000	170.859985	9.349058
482.000000	171.185669	9.349528
483.000000	171.507828	9.351097
484.000000	171.829971	9.350823
485.000000	172.153961	9.348469
486.000000	172.479263	9.348980
487.000000	172.800568	9.348510
488.000000	173.120911	9.348351
489.000000	173.449051	9.348783
490.000000	173.781723	9.348625
491.000000	174.104385	9.348274
492.000000	174.417267	9.349098
493.000000	174.765121	9.347096
494.000000	175.088531	9.348587
495.000000	175.415115	9.350549
496.000000	175.735092	9.348625
497.000000	176.054230	9.350980
498.000000	176.383011	9.349254
499.000000	176.700317	9.348705
500.000000	177.032272	9.346626
501.000000	177.358597	9.349216
502.000000	177.681046	9.348038
503.000000	178.016434	9.350273
504.000000	178.334579	9.348941
505.000000	178.673004	9.349018
506.000000	179.009384	9.348587
507.000000	179.335098	9.348117
508.000000	179.667557	9.350038
509.000000	179.993896	9.347764
510.000000	180.323410	9.347763
511.000000	180.651947	9.346705
512.000000	180.982193	9.348469
513.000000	181.326126	9.349293
514.000000	181.648804	9.348194
515.000000	181.979660	9.347724
516.000000	182.315170	9.345528
517.000000	182.652390	9.348824
518.000000	182.982376	9.347645
519.000000	183.294189	9.347725
520.000000	183.644852	9.345214
521.000000	183.978394	9.346664
522.000000	184.325134	9.348666
523.000000	184.657593	9.347841
524.000000	184.993942	9.347568
525.000000	185.337387	9.348234
526.000000	185.672287	9.345566
527.000000	186.027084	9.346861
528.000000	186.355148	9.346783
529.000000	186.690765	9.347920
530.000000	187.042633	9.347018
531.000000	187.383530	9.347215
532.000000	187.737473	9.345605
533.000000	188.075424	9.347803
534.000000	188.407883	9.347019
535.000000	188.745209	9.346352
536.000000	189.080093	9.346155
537.000000	189.415222	9.346585
538.000000	189.759903	9.344822
539.000000	190.097855	9.347683
540.000000	190.445450	9.346626
541.000000	190.780945	9.346508
542.000000	191.115723	9.345527
543.000000	191.454269	9.347724
544.000000	191.801880	9.346233
545.000000	192.135178	9.346154
546.000000	192.469101	9.344233
547.000000	192.820358	9.344978
548.000000	193.156357	9.347057
549.000000	193.493195	9.345723
550.000000	193.833084	9.345489
551.000000	194.170456	9.345017
552.000000	194.506104	9.346939
553.000000	194.843292	9.346272
554.000000	195.179688	9.345881
555.000000	195.518707	9.345646
556.000000	195.852036	9.345135
557.000000	196.200836	9.346469
558.000000	196.544800	9.343448
559.000000	196.863297	9.343683
560.000000	197.195175	9.345173
561.000000	197.532242	9.344036
562.000000	197.886337	9.345566
563.000000	198.233047	9.344742
564.000000	198.559784	9.347057
565.000000	198.900146	9.344233
566.000000	199.247528	9.343958
567.000000	199.587891	9.342232
568.000000	199.922089	9.344469
569.000000	200.257202	9.342938
570.000000	200.586868	9.343998
571.000000	200.923950	9.343998
572.000000	201.253723	9.344939
573.000000	201.594360	9.342977
574.000000	201.923523	9.342272
575.000000	202.268311	9.341918
576.000000	202.586594	9.341801
577.000000	202.914307	9.342311
578.000000	203.256256	9.342978
579.000000	203.596924	9.343133
580.000000	203.931168	9.342232
581.000000	204.263962	9.342977
582.000000	204.600327	9.342546
583.000000	204.929855	9.343212
584.000000	205.270874	9.340270
585.000000	205.595917	9.341056
586.000000	205.933243	9.342468
587.000000	206.265350	9.341250
588.000000	206.589157	9.341330
589.000000	206.922745	9.341055
590.000000	207.252655	9.342311
591.000000	207.583054	9.341447
592.000000	207.922974	9.341055
593.000000	208.252747	9.342232
594.000000	208.584854	9.341762
595.000000	208.917694	9.339563
596.000000	209.250290	9.340938
597.000000	209.574097	9.339603
598.000000	209.915939	9.340114
599.000000	210.251831	9.339408
600.000000	210.585388	9.339760
601.000000	210.909103	9.339918
602.000000	211.252777	9.339329
603.000000	211.578903	9.340153
604.000000	211.904434	9.338584
605.000000	212.238373	9.338543
606.000000	212.567429	9.338348
607.000000	212.900391	9.337564
608.000000	213.224579	9.337092
609.000000	213.541077	9.338192
610.000000	213.879517	9.338426
611.000000	214.218185	9.336975
612.000000	214.541153	9.336740
613.000000	214.884857	9.336622
614.000000	215.207687	9.335680
615.000000	215.530945	9.335758
616.000000	215.861908	9.337485
617.000000	216.199066	9.335641
618.000000	216.545471	9.336112
619.000000	216.885544	9.335209
620.000000	217.219284	9.336662
621.000000	217.536469	9.333758
622.000000	217.874481	9.334072
623.000000	218.205811	9.335405
624.000000	218.542114	9.334347
625.000000	218.883881	9.333131
626.000000	219.222717	9.333954
627.000000	219.545654	9.334818
628.000000	219.883179	9.336111
629.000000	220.213638	9.334347
630.000000	220.556854	9.333797
631.000000	220.873596	9.333170
632.000000	221.214645	9.333366
633.000000	221.555191	9.332622
634.000000	221.885544	9.331875
635.000000	222.222427	9.332111
636.000000	222.546478	9.332542
637.000000	222.891281	9.331483
638.000000	223.221771	9.331954
639.000000	223.561691	9.331287
640.000000	223.898727	9.329679
641.000000	224.225403	9.331875
642.000000	224.565109	9.331639
643.000000	224.902557	9.330345
644.000000	225.232971	9.329639
645.000000	225.562302	9.329874
646.000000	225.889587	9.329129
647.000000	226.234055	9.328815
648.000000	226.567383	9.328620
649.000000	226.900238	9.329168
650.000000	227.236832	9.329206
651.000000	227.581558	9.327717
652.000000	227.914154	9.328344
653.000000	228.244064	9.327991
654.000000	228.584320	9.327049
655.000000	228.912689	9.329010
656.000000	229.252289	9.329365
657.000000	229.589981	9.326580
658.000000	229.923462	9.325912
659.000000	230.261490	9.325832
660.000000	230.607193	9.326031
661.000000	230.944885	9.326656
662.000000	231.285339	9.324067
663.000000	231.617966	9.323321
664.000000	231.971649	9.324224
665.000000	232.308472	9.324499
666.000000	232.644226	9.323282
667.000000	232.974060	9.323833
668.000000	233.322510	9.322890
669.000000	233.659119	9.323676
670.000000	234.004532	9.322616
671.000000	234.341522	9.323283
672.000000	234.671692	9.323126
673.000000	235.015793	9.319517
674.000000	235.346451	9.319007
675.000000	235.683121	9.317672
676.000000	236.019836	9.319791
677.000000	236.356750	9.320026
678.000000	236.686371	9.316223
679.000000	237.016418	9.317831
680.000000	237.353363	9.316692
681.000000	237.683533	9.315868
682.000000	238.006607	9.315044
683.000000	238.341354	9.316065
684.000000	238.672379	9.313907
685.000000	239.000626	9.315907
686.000000	239.325745	9.314849
687.000000	239.660324	9.315437
688.000000	239.992737	9.312572
689.000000	240.319550	9.312023
690.000000	240.659271	9.311906
691.000000	240.993576	9.313004
692.000000	241.313004	9.310926
693.000000	241.650650	9.310454
694.000000	241.984222	9.310651
695.000000	242.313324	9.311357
696.000000	242.647476	9.308336
697.000000	242.976608	9.309003
698.000000	243.308563	9.308964
699.000000	243.644058	9.308807
700.000000	243.973282	9.306571
701.000000	244.298264	9.308572
702.000000	244.630249	9.306178
703.000000	244.973038	9.306963
704.000000	245.313080	9.305433
705.000000	245.650726	9.305041
706.000000	245.994598	9.304610
707.000000	246.334885	9.302139
708.000000	246.675903	9.302177
709.000000	246.983765	9.300687
710.000000	247.322327	9.300019
711.000000	247.666870	9.301628
712.000000	247.994507	9.299078
713.000000	248.328064	9.298764
714.000000	248.659119	9.297508
715.000000	249.002625	9.296646
716.000000	249.333664	9.294998
717.000000	249.676697	9.294801
718.000000	250.008118	9.295547
719.000000	250.335907	9.293036
720.000000	250.671036	9.290760
721.000000	250.996429	9.290291
722.000000	251.322067	9.290446
723.000000	251.656342	9.289349
724.000000	252.001648	9.287739
725.000000	252.323822	9.287464
726.000000	252.666275	9.286995
727.000000	253.004120	9.284838
728.000000	253.343567	9.284092
729.000000	253.687592	9.283778
730.000000	254.012863	9.282799
731.000000	254.335007	9.282013
732.000000	254.673019	9.281267
733.000000	255.010300	9.281464
734.000000	255.336670	9.280562
735.000000	255.678391	9.278954
736.000000	256.006104	9.278522
737.000000	256.325745	9.275971
738.000000	256.652222	9.275971
739.000000	256.979828	9.273499
740.000000	257.307373	9.273540
741.000000	257.628510	9.272755
742.000000	257.949005	9.270322
743.000000	258.284943	9.269812
744.000000	258.613556	9.267498
745.000000	258.930969	9.266987
746.000000	259.266327	9.265810
747.000000	259.606689	9.262671
748.000000	259.935913	9.263653
749.000000	260.270203	9.262082
750.000000	260.601471	9.262359
751.000000	260.919250	9.261689
752.000000	261.249664	9.259140
753.000000	261.586914	9.258199
754.000000	261.912720	9.257533
755.000000	262.253784	9.258710
756.000000	262.578369	9.254473
757.000000	262.923157	9.253375
758.000000	263.253357	9.253021
759.000000	263.589905	9.252433
760.000000	263.931824	9.250510
761.000000	264.262238	9.250040
762.000000	264.599609	9.247490
763.000000	264.925293	9.247607
764.000000	265.272827	9.245254
765.000000	265.608887	9.243881
766.000000	265.945313	9.240624
767.000000	266.261475	9.242704
768.000000	266.600006	9.238741
769.000000	266.919434	9.237408
770.000000	267.256165	9.234348
771.000000	267.596375	9.233052
772.000000	267.925293	9.232898
773.000000	268.266907	9.232229
774.000000	268.602936	9.229365
775.000000	268.920074	9.228699
776.000000	269.242218	9.224933
777.000000	269.583618	9.223678
778.000000	269.929047	9.222423
779.000000	270.263062	9.219165
780.000000	270.579010	9.216969
781.000000	270.909576	9.216616
782.000000	271.246460	9.213713
783.000000	271.579315	9.213203
784.000000	271.904419	9.211594
785.000000	272.236725	9.210417
786.000000	272.578186	9.207748
787.000000	272.898865	9.205865
788.000000	273.215729	9.204414
789.000000	273.577393	9.203473
790.000000	273.906372	9.202454
791.000000	274.227814	9.200099
792.000000	274.565887	9.199393
793.000000	274.910828	9.195744
794.000000	275.243195	9.195235
795.000000	275.573853	9.190958
796.000000	275.909271	9.190566
797.000000	276.232056	9.188525
798.000000	276.568054	9.185858
799.000000	276.904633	9.184720
800.000000	277.235229	9.181190
801.000000	277.557709	9.179699
802.000000	277.897247	9.177267
803.000000	278.228577	9.173815
804.000000	278.563232	9.173815
805.000000	278.899811	9.171382
806.000000	279.218597	9.169499
807.000000	279.559448	9.166595
808.000000	279.894226	9.164870
809.000000	280.223175	9.162085
810.000000	280.564270	9.159732
811.000000	280.893738	9.157653
812.000000	281.232422	9.155690
813.000000	281.569824	9.152788
814.000000	281.922180	9.152552
815.000000	282.242859	9.150277
816.000000	282.584869	9.148118
817.000000	282.921021	9.144823
818.000000	283.248657	9.143019
819.000000	283.584167	9.139565
820.000000	283.927612	9.138977
821.000000	284.260986	9.135211
822.000000	284.599457	9.132072
823.000000	284.938141	9.131329
824.000000	285.272583	9.127640
825.000000	285.615021	9.124227
826.000000	285.930786	9.119912
827.000000	286.285614	9.116421
828.000000	286.620728	9.115283
829.000000	286.947876	9.112144
830.000000	287.295868	9.110340
831.000000	287.638916	9.107946
832.000000	287.985199	9.106024
833.000000	288.315460	9.099669
834.000000	288.652161	9.095630
835.000000	288.988831	9.093275
836.000000	289.335480	9.089233
837.000000	289.668823	9.085388
838.000000	290.009460	9.082721
839.000000	290.352814	9.079975
840.000000	290.686035	9.077110
841.000000	291.027618	9.075109
842.000000	291.351044	9.072482
843.000000	291.703003	9.065068
844.000000	292.032928	9.062007
845.000000	292.356995	9.060673
846.000000	292.698120	9.057692
847.000000	293.039551	9.054005
848.000000	293.379425	9.050709
849.000000	293.703735	9.047768
850.000000	294.035645	9.043296
851.000000	294.368164	9.040941
852.000000	294.715057	9.036156
853.000000	295.044861	9.032937
854.000000	295.382874	9.028740
855.000000	295.712402	9.024464
856.000000	296.022095	9.017128
857.000000	296.362061	9.016422
858.000000	296.719543	9.009949
859.000000	297.055176	9.005516
860.000000	297.375244	9.002613
861.000000	297.711914	8.999944
862.000000	298.031403	8.992844
863.000000	298.373901	8.990059
864.000000	298.716675	8.983467
865.000000	299.053589	8.978877
866.000000	299.399292	8.973779
867.000000	299.738007	8.968796
868.000000	300.080139	8.961655
869.000000	300.422272	8.959340
870.000000	300.765839	8.955104
871.000000	301.104126	8.950985
872.000000	301.439880	8.946512
873.000000	301.776947	8.941688
874.000000	302.122406	8.936430
875.000000	302.459839	8.929684
876.000000	302.794769	8.926190
877.000000	303.135742	8.917873
878.000000	303.480469	8.911716
879.000000	303.813568	8.908028
880.000000	304.154419	8.902496
881.000000	304.495148	8.897160
882.000000	304.828705	8.889118
883.000000	305.162689	8.882998
884.000000	305.503174	8.878800
885.000000	305.850372	8.873230
886.000000	306.177246	8.866718
887.000000	306.516754	8.860088
888.000000	306.851227	8.854752
889.000000	307.177704	8.848711
890.000000	307.503510	8.843021
891.000000	307.842163	8.835175
892.000000	308.166870	8.832077
893.000000	308.497742	8.822544
894.000000	308.824463	8.816031
895.000000	309.156616	8.808891
896.000000	309.495270	8.802379
897.000000	309.828186	8.795238
898.000000	310.155762	8.789786
899.000000	310.486572	8.779860
900.000000	310.820313	8.773819
901.000000	311.137451	8.766562
902.000000	311.476440	8.757774
903.000000	311.815369	8.753105
904.000000	312.133331	8.747064
905.000000	312.472717	8.739571
906.000000	312.812073	8.731097
907.000000	313.136719	8.723211
908.000000	313.470459	8.713404
909.000000	313.800171	8.707245
910.000000	314.131104	8.700263
911.000000	314.463959	8.690023
912.000000	314.795898	8.679470
913.000000	315.129517	8.674644
914.000000	315.445068	8.665817
915.000000	315.795258	8.656402
916.000000	316.122009	8.650282
917.000000	316.459717	8.640593
918.000000	316.794800	8.632197
919.000000	317.124908	8.624115
920.000000	317.463867	8.613955
921.000000	317.787354	8.605991
922.000000	318.133636	8.599949
923.000000	318.467072	8.589905
924.000000	318.791473	8.578176
925.000000	319.120392	8.567467
926.000000	319.449432	8.560405
927.000000	319.782837	8.551460
928.000000	320.114502	8.542122
929.000000	320.445801	8.532120
930.000000	320.782532	8.523567
931.000000	321.111603	8.512230
932.000000	321.441193	8.504070
933.000000	321.775238	8.490417
934.000000	322.107788	8.481354
935.000000	322.441254	8.472645
936.000000	322.782379	8.461426
937.000000	323.115326	8.453148
938.000000	323.468140	8.442712
939.000000	323.807526	8.432082
940.000000	324.129639	8.420900
941.000000	324.450317	8.412191
942.000000	324.797729	8.399755
943.000000	325.131836	8.389202
944.000000	325.469696	8.376413
945.000000	325.802551	8.366722
946.000000	326.140350	8.355739
947.000000	326.477509	8.344361
948.000000	326.798981	8.335299
949.000000	327.143188	8.323962
950.000000	327.468750	8.309132
951.000000	327.805267	8.297285
952.000000	328.146851	8.284731
953.000000	328.478424	8.274179
954.000000	328.816132	8.261898
955.000000	329.159790	8.252052
956.000000	329.484467	8.240870
957.000000	329.818817	8.227299
958.000000	330.152130	8.215215
959.000000	330.485748	8.202308
960.000000	330.838165	8.191520
961.000000	331.181366	8.176063
962.000000	331.517395	8.162332
963.000000	331.853912	8.151464
964.000000	332.182129	8.139812
965.000000	332.502472	8.128397
966.000000	332.858002	8.113725
967.000000	333.192505	8.100426
968.000000	333.527283	8.087793
969.000000	333.858643	8.073749
970.000000	334.188354	8.061470
971.000000	334.516357	8.047817
972.000000	334.868469	8.034988
973.000000	335.199341	8.021297
974.000000	335.523682	8.004429
975.000000	335.859283	7.995170
976.000000	336.193146	7.980028
977.000000	336.529144	7.964610
978.000000	336.847412	7.951272
979.000000	337.178680	7.938208
980.000000	337.509308	7.923496
981.000000	337.843781	7.908627
982.000000	338.157227	7.896702
983.000000	338.474243	7.878499
984.000000	338.806274	7.867711
985.000000	339.150177	7.853391
986.000000	339.465973	7.840994
987.000000	339.791718	7.823929
988.000000	340.136993	7.810081
989.000000	340.465424	7.793878
990.000000	340.800446	7.776813
991.000000	341.118683	7.762298
992.000000	341.467163	7.748646
993.000000	341.793427	7.735503
994.000000	342.129272	7.720242
995.000000	342.460815	7.703255
996.000000	342.805450	7.687602
997.000000	343.131378	7.672891
998.000000	343.461060	7.655591
999.000000	343.796112	7.645351
1000.000000	344.123291	7.628599
1001.000000	344.458862	7.611377
1002.000000	344.799347	7.596823
1003.000000	345.139679	7.580227
1004.000000	345.481750	7.564693
1005.000000	345.806763	7.548883
1006.000000	346.148682	7.534995
1007.000000	346.463379	7.518283
1008.000000	346.809082	7.502160
1009.000000	347.156494	7.485212
1010.000000	347.479919	7.469716
1011.000000	347.811279	7.454023
1012.000000	348.150055	7.436684
1013.000000	348.493164	7.422050
1014.000000	348.844635	7.403141
1015.000000	349.188568	7.387331
1016.000000	349.511169	7.371561
1017.000000	349.846130	7.352416
1018.000000	350.179413	7.336332
1019.000000	350.532532	7.319580
1020.000000	350.873627	7.302633
1021.000000	351.195221	7.284194
1022.000000	351.547119	7.266148
1023.000000	351.883392	7.247827
1024.000000	352.219360	7.235666
1025.000000	352.562012	7.218365
1026.000000	352.885681	7.200436
1027.000000	353.229553	7.182508
1028.000000	353.571777	7.162814
1029.000000	353.891998	7.147240
1030.000000	354.227783	7.130056
1031.000000	354.567505	7.110599
1032.000000	354.900116	7.093337
1033.000000	355.226532	7.073800
1034.000000	355.565308	7.054380
1035.000000	355.897614	7.039434
1036.000000	356.224976	7.019348
1037.000000	356.558746	7.000714
1038.000000	356.881836	6.982235
1039.000000	357.211731	6.963248
1040.000000	357.536621	6.945398
1041.000000	357.868256	6.928764
1042.000000	358.193115	6.908207
1043.000000	358.514252	6.888828
1044.000000	358.825714	6.868192
1045.000000	359.172394	6.850538
1046.000000	359.490479	6.833002
1047.000000	359.820374	6.811426
1048.000000	360.143280	6.792164
1049.000000	360.468292	6.771959
1050.000000	360.798370	6.752266
1051.000000	361.118225	6.736024
1052.000000	361.425629	6.714918
1053.000000	361.773193	6.693851
1054.000000	362.101227	6.672432
1055.000000	362.426758	6.653405
1056.000000	362.734894	6.637399
1057.000000	363.078979	6.615194
1058.000000	363.417114	6.594913
1059.000000	363.762695	6.571609
1060.000000	364.103516	6.550699
1061.000000	364.441040	6.531790
1062.000000	364.777924	6.509311
1063.000000	365.105469	6.487303
1064.000000	365.459747	6.464353
1065.000000	365.793243	6.444031
1066.000000	366.137085	6.424416
1067.000000	366.479736	6.402447
1068.000000	366.814880	6.376554
1069.000000	367.130646	6.354585
1070.000000	367.469727	6.333204
1071.000000	367.809662	6.311863
1072.000000	368.140106	6.289266
1073.000000	368.500824	6.263100
1074.000000	368.828339	6.243131
1075.000000	369.163452	6.221986
1076.000000	369.481476	6.198133
1077.000000	369.830566	6.173183
1078.000000	370.152924	6.149488
1079.000000	370.482391	6.127204
1080.000000	370.810242	6.102175
1081.000000	371.151337	6.076636
1082.000000	371.490082	6.052706
1083.000000	371.811768	6.029089
1084.000000	372.148560	6.003902
1085.000000	372.482666	5.979815
1086.000000	372.809082	5.954001
1087.000000	373.136810	5.930817
1088.000000	373.472198	5.904963
1089.000000	373.813171	5.878483
1090.000000	374.147858	5.853061
1091.000000	374.472107	5.828071
1092.000000	374.801636	5.802179
1093.000000	375.137939	5.776757
1094.000000	375.476563	5.748354
1095.000000	375.809845	5.723051
1096.000000	376.151855	5.693863
1097.000000	376.483398	5.667735
1098.000000	376.831146	5.640117
1099.000000	377.178467	5.613008
1100.000000	377.517822	5.585783
1101.000000	377.851074	5.557772
1102.000000	378.193481	5.529958
1103.000000	378.542511	5.504771
1104.000000	378.885712	5.473269
1105.000000	379.245270	5.444160
1106.000000	379.581055	5.417287
1107.000000	379.921509	5.387433
1108.000000	380.254791	5.357382
1109.000000	380.598389	5.328861
1110.000000	380.940552	5.299478
1111.000000	381.284088	5.266014
1112.000000	381.613892	5.237846
1113.000000	381.946655	5.208541
1114.000000	382.269775	5.180883
1115.000000	382.605347	5.147341
1116.000000	382.944092	5.119841
1117.000000	383.266876	5.087083
1118.000000	383.613464	5.054874
1119.000000	383.936890	5.028237
1120.000000	384.277557	4.994303
1121.000000	384.610901	4.963271
1122.000000	384.948059	4.930317
1123.000000	385.284180	4.899129
1124.000000	385.621643	4.865940
1125.000000	385.948364	4.835104
1126.000000	386.284851	4.804505
1127.000000	386.610535	4.771944
1128.000000	386.950836	4.736910
1129.000000	387.290894	4.705448
1130.000000	387.625092	4.673435
1131.000000	387.943329	4.639658
1132.000000	388.275543	4.606939
1133.000000	388.607666	4.574378
1134.000000	388.940674	4.542052
1135.000000	389.281372	4.510001
1136.000000	389.604279	4.475360
1137.000000	389.940643	4.441151
1138.000000	390.272552	4.411689
1139.000000	390.607391	4.375557
1140.000000	390.938843	4.344997
1141.000000	391.250610	4.312474
1142.000000	391.600708	4.276107
1143.000000	391.928711	4.243938
1144.000000	392.261078	4.213142
1145.000000	392.585571	4.179012
1146.000000	392.920532	4.143665
1147.000000	393.251892	4.112437
1148.000000	393.587646	4.079052
1149.000000	393.924896	4.046021
1150.000000	394.260651	4.015224
1151.000000	394.589600	3.983408
1152.000000	394.933319	3.948415
1153.000000	395.264679	3.917265
1154.000000	395.619415	3.887411
1155.000000	395.949036	3.855164
1156.000000	396.289215	3.824368
1157.000000	396.630981	3.795062
1158.000000	396.974243	3.762579
1159.000000	397.308960	3.730449
1160.000000	397.638550	3.702164
1161.000000	397.990692	3.670347
1162.000000	398.327911	3.641553
1163.000000	398.655426	3.615268
1164.000000	398.982788	3.585060
1165.000000	399.319458	3.555128
1166.000000	399.660767	3.529824
1167.000000	400.016205	3.501578
1168.000000	400.338196	3.475842
1169.000000	400.664612	3.449715
1170.000000	400.999817	3.423666
1171.000000	401.324951	3.399186
1172.000000	401.651794	3.375648
1173.000000	401.975800	3.350030
1174.000000	402.310364	3.328610
1175.000000	402.640228	3.305386
1176.000000	402.964203	3.282985
1177.000000	403.298218	3.260427
1178.000000	403.624390	3.237948
1179.000000	403.961670	3.222491
1180.000000	404.284393	3.202679
1181.000000	404.613220	3.183653
1182.000000	404.945129	3.162900
1183.000000	405.290375	3.147561
1184.000000	405.620575	3.131437
1185.000000	405.940430	3.115038
1186.000000	406.284180	3.101308
1187.000000	406.622589	3.087460
1188.000000	406.948547	3.074435
1189.000000	407.278748	3.059096
1190.000000	407.629517	3.048229
1191.000000	407.962158	3.037323
1192.000000	408.299774	3.026691
1193.000000	408.632690	3.019277
1194.000000	408.973175	3.004761
1195.000000	409.309296	2.996994
1196.000000	409.640869	2.989108
1197.000000	409.983276	2.981419
1198.000000	410.311523	2.974515
1199.000000	410.640869	2.967100
1200.000000	410.982208	2.956350
1201.000000	411.328400	2.952035
1202.000000	411.655457	2.944111
1203.000000	411.988525	2.937167
1204.000000	412.318481	2.932263
1205.000000	412.651398	2.928379
1206.000000	412.984863	2.925201
1207.000000	413.314240	2.918885
1208.000000	413.640564	2.914649
1209.000000	413.966492	2.910372
1210.000000	414.303741	2.904684
1211.000000	414.631622	2.901781
1212.000000	414.956818	2.896641
1213.000000	415.284210	2.893385
1214.000000	415.626221	2.887462
1215.000000	415.954773	2.886755
1216.000000	416.272247	2.882048
1217.000000	416.612885	2.879184
1218.000000	416.953888	2.875889
1219.000000	417.270691	2.872437
1220.000000	417.615173	2.869415
1221.000000	417.957031	2.863335
1222.000000	418.303650	2.861138
1223.000000	418.643066	2.859137
1224.000000	418.961670	2.855175
1225.000000	419.279541	2.852546
1226.000000	419.632660	2.848270
1227.000000	419.955811	2.847054
1228.000000	420.282227	2.842739
1229.000000	420.612793	2.842072
1230.000000	420.966095	2.838384
1231.000000	421.277344	2.835128
1232.000000	421.606476	2.830813
1233.000000	421.936157	2.830263
1234.000000	422.276489	2.828812
1235.000000	422.602325	2.827478
1236.000000	422.949646	2.824026
1237.000000	423.267090	2.821319
1238.000000	423.601013	2.819083
1239.000000	423.938660	2.818730
1240.000000	424.271179	2.815395
1241.000000	424.604614	2.815277
1242.000000	424.933868	2.810256
1243.000000	425.265656	2.806803
1244.000000	425.604431	2.802802
1245.000000	425.932068	2.802723
1246.000000	426.272552	2.798173
1247.000000	426.604614	2.796682
1248.000000	426.941925	2.793936
1249.000000	427.268433	2.789895
1250.000000	427.594360	2.789385
1251.000000	427.938324	2.785894
1252.000000	428.272095	2.784285
1253.000000	428.601654	2.781657
1254.000000	428.944122	2.779577
1255.000000	429.283447	2.776910
1256.000000	429.620392	2.774752
1257.000000	429.951111	2.773850
1258.000000	430.289154	2.771456
1259.000000	430.633667	2.768004
1260.000000	430.980225	2.766278
1261.000000	431.318878	2.765180
1262.000000	431.656921	2.762277
1263.000000	431.966492	2.759335
1264.000000	432.312378	2.755725
1265.000000	432.642456	2.755333
1266.000000	432.992706	2.753764
1267.000000	433.329041	2.753803
1268.000000	433.663330	2.750272
1269.000000	433.990967	2.746663
1270.000000	434.338806	2.743995
1271.000000	434.672943	2.740347
1272.000000	434.994019	2.738386
1273.000000	435.332550	2.736934
1274.000000	435.681091	2.734344
1275.000000	436.020294	2.731834
1276.000000	436.353394	2.729912
1277.000000	436.679779	2.727714
1278.000000	437.016693	2.727675
1279.000000	437.356812	2.726459
1280.000000	437.684357	2.725008
1281.000000	438.013672	2.721908
1282.000000	438.353394	2.720182
1283.000000	438.682709	2.719319
1284.000000	439.026978	2.713827
1285.000000	439.358002	2.715867
1286.000000	439.693695	2.711316
1287.000000	440.018982	2.709237
1288.000000	440.357361	2.707628
1289.000000	440.688324	2.705353
1290.000000	441.010040	2.702960
1291.000000	441.354584	2.701312
1292.000000	441.678833	2.699743
1293.000000	442.013275	2.698409
1294.000000	442.345398	2.695349
1295.000000	442.679474	2.691544
1296.000000	443.009399	2.690210
1297.000000	443.317413	2.688562
1298.000000	443.655304	2.686601
1299.000000	443.992279	2.685032
1300.000000	444.321411	2.681775
1301.000000	444.641357	2.679657
1302.000000	444.964630	2.678755
1303.000000	445.291534	2.678088
1304.000000	445.624115	2.675185
1305.000000	445.951294	2.672752
1306.000000	446.274994	2.668751
1307.000000	446.597992	2.669183
1308.000000	446.939728	2.665063
1309.000000	447.273926	2.663690
1310.000000	447.599060	2.661572
1311.000000	447.929779	2.660395
1312.000000	448.262787	2.658276
1313.000000	448.603363	2.656354
1314.000000	448.933929	2.655530
1315.000000	449.261322	2.654353
1316.000000	449.613525	2.651176
1317.000000	449.958771	2.648822
1318.000000	450.288422	2.648155
1319.000000	450.632568	2.647057
1320.000000	450.967072	2.643447
1321.000000	451.324463	2.644271
1322.000000	451.674164	2.641093
1323.000000	452.015381	2.639171
1324.000000	452.361572	2.636660
1325.000000	452.714966	2.634385
1326.000000	453.065765	2.632855
1327.000000	453.413422	2.632384
1328.000000	453.753265	2.629716
1329.000000	454.091064	2.628971
1330.000000	454.430298	2.627284
1331.000000	454.764771	2.627284
1332.000000	455.121704	2.624264
1333.000000	455.447266	2.621007
1334.000000	455.790619	2.622145
1335.000000	456.130402	2.619359
1336.000000	456.468262	2.618536
1337.000000	456.813019	2.615437
1338.000000	457.142670	2.615201
1339.000000	457.477386	2.613161
1340.000000	457.817902	2.609983
1341.000000	458.143677	2.607669
1342.000000	458.474854	2.608258
1343.000000	458.824341	2.606061
1344.000000	459.123230	2.603667
1345.000000	459.453400	2.603157
1346.000000	459.768555	2.601902
1347.000000	460.097778	2.602883
1348.000000	460.420502	2.597391
1349.000000	460.748322	2.596370
1350.000000	461.073761	2.594370
1351.000000	461.371765	2.594291
1352.000000	461.707367	2.588838
1353.000000	462.011597	2.587583
1354.000000	462.328369	2.586053
1355.000000	462.647156	2.585111
1356.000000	462.982605	2.583110
1357.000000	463.291046	2.582757
1358.000000	463.618164	2.582090
1359.000000	463.943542	2.578756
1360.000000	464.276123	2.577736
1361.000000	464.601746	2.577304
1362.000000	464.927856	2.576716
1363.000000	465.257904	2.574715
1364.000000	465.588806	2.573538
1365.000000	465.907562	2.572636
1366.000000	466.241333	2.569497
1367.000000	466.575867	2.566791
1368.000000	466.903259	2.564986
1369.000000	467.229584	2.566673
1370.000000	467.558289	2.561063
1371.000000	467.897247	2.558984
1372.000000	468.248810	2.559102
1373.000000	468.570801	2.556512
1374.000000	468.894226	2.554668
1375.000000	469.230804	2.554158
1376.000000	469.545990	2.553334
1377.000000	469.913330	2.552236
1378.000000	470.252319	2.549882
1379.000000	470.608337	2.549254
1380.000000	470.945892	2.547293
1381.000000	471.287292	2.546234
1382.000000	471.618744	2.545174
1383.000000	471.961945	2.540467
1384.000000	472.289886	2.538937
1385.000000	472.625488	2.538898
1386.000000	472.942749	2.536505
1387.000000	473.292725	2.534543
1388.000000	473.614502	2.535092
1389.000000	473.944092	2.531287
1390.000000	474.266785	2.530581
1391.000000	474.625336	2.529992
1392.000000	474.980469	2.528148
1393.000000	475.303589	2.529325
1394.000000	475.651489	2.527599
1395.000000	475.982788	2.525990
1396.000000	476.302856	2.525441
1397.000000	476.637299	2.524186
1398.000000	476.972504	2.523715
1399.000000	477.286743	2.523480
1400.000000	477.595093	2.519400
1401.000000	477.934906	2.518341
1402.000000	478.288177	2.516968
1403.000000	478.588318	2.517556
1404.000000	478.943695	2.513398
1405.000000	479.278320	2.512378
1406.000000	479.613892	2.510652
1407.000000	479.940186	2.508611
1408.000000	480.264893	2.508807
1409.000000	480.599396	2.506964
1410.000000	480.914154	2.505120
1411.000000	481.253204	2.504728
1412.000000	481.572021	2.503316
1413.000000	481.913940	2.502570
1414.000000	482.266235	2.500256
1415.000000	482.587585	2.499235
1416.000000	482.910004	2.498451
1417.000000	483.227081	2.498294
1418.000000	483.562622	2.494488
1419.000000	483.890167	2.492959
1420.000000	484.217407	2.490526
1421.000000	484.541534	2.490487
1422.000000	484.881592	2.489546
1423.000000	485.217896	2.486956
1424.000000	485.524841	2.486564
1425.000000	485.858154	2.484956
1426.000000	486.184265	2.482523
1427.000000	486.530518	2.482641
1428.000000	486.872650	2.482053
1429.000000	487.211060	2.480680
1430.000000	487.560669	2.479856
1431.000000	487.895782	2.478953
1432.000000	488.235687	2.477345
1433.000000	488.588135	2.475109
1434.000000	488.910980	2.474952
1435.000000	489.253906	2.474285
1436.000000	489.601929	2.473461
1437.000000	489.945587	2.470832
1438.000000	490.284363	2.470244
1439.000000	490.623383	2.468125
1440.000000	490.965210	2.464595
1441.000000	491.310425	2.464320
1442.000000	491.667969	2.463457
1443.000000	492.008392	2.460672
1444.000000	492.342773	2.459260
1445.000000	492.678497	2.458318
1446.000000	493.013611	2.455729
1447.000000	493.353149	2.453963
1448.000000	493.687500	2.456043
1449.000000	494.049591	2.454238
1450.000000	494.383057	2.453532
1451.000000	494.717072	2.451727
1452.000000	495.045013	2.450393
1453.000000	495.366943	2.450354
1454.000000	495.704681	2.450864
1455.000000	496.031769	2.450550
1456.000000	496.365814	2.448236
1457.000000	496.689972	2.446509
1458.000000	497.026886	2.445803
1459.000000	497.361908	2.442704
1460.000000	497.706909	2.441645
1461.000000	498.040039	2.438899
1462.000000	498.369568	2.439252
1463.000000	498.703217	2.439527
1464.000000	499.040222	2.436388
1465.000000	499.376465	2.433760
1466.000000	499.704346	2.435093
1467.000000	500.040771	2.433720
1468.000000	500.371704	2.432622
1469.000000	500.704102	2.430072
1470.000000	501.022064	2.428503
1471.000000	501.343048	2.428307
1472.000000	501.679382	2.430307
1473.000000	502.016357	2.427875
1474.000000	502.344421	2.426620
1475.000000	502.672699	2.426306
1476.000000	503.020111	2.425404
1477.000000	503.348022	2.424658
1478.000000	503.708771	2.422814
1479.000000	504.060181	2.423481
1480.000000	504.395996	2.421402
1481.000000	504.723755	2.419479
1482.000000	505.068787	2.417675
1483.000000	505.406921	2.417949
1484.000000	505.745972	2.418067
1485.000000	506.088715	2.416537
1486.000000	506.424927	2.415360
1487.000000	506.755737	2.412810
1488.000000	507.092041	2.411869
1489.000000	507.402039	2.411045
1490.000000	507.737640	2.409436
1491.000000	508.074951	2.407789
1492.000000	508.406097	2.404179
1493.000000	508.734894	2.404964
1494.000000	509.055939	2.403866
1495.000000	509.380310	2.402453
1496.000000	509.703949	2.402924
1497.000000	510.048615	2.400923
1498.000000	510.372192	2.400295
1499.000000	510.697601	2.399904
1500.000000	511.033691	2.398060
1501.000000	511.370117	2.397393
1502.000000	511.690857	2.398256
1503.000000	512.018555	2.394411
1504.000000	512.347290	2.396020
1505.000000	512.688965	2.394176
1506.000000	512.996094	2.389860
1507.000000	513.345459	2.388448
1508.000000	513.665955	2.390017
1509.000000	514.004272	2.388330
1510.000000	514.337280	2.387546
1511.000000	514.664246	2.386330
1512.000000	515.008972	2.382485
1513.000000	515.343506	2.383740
1514.000000	515.677307	2.382406
1515.000000	515.994446	2.380366
1516.000000	516.331787	2.380759
1517.000000	516.665161	2.379386
1518.000000	517.010498	2.377738
1519.000000	517.330566	2.377738
1520.000000	517.682129	2.376443
1521.000000	518.020142	2.375463
1522.000000	518.349609	2.376051
1523.000000	518.682434	2.375659
1524.000000	519.019775	2.373462
1525.000000	519.359619	2.370912
1526.000000	519.692749	2.371265
1527.000000	520.031982	2.369186
1528.000000	520.360718	2.368833
1529.000000	520.700195	2.366754
1530.000000	521.037231	2.365106
1531.000000	521.381348	2.363733
1532.000000	521.703857	2.361928
1533.000000	522.041687	2.361065
1534.000000	522.382507	2.363693
1535.000000	522.708557	2.358005
1536.000000	523.036804	2.358123
1537.000000	523.365723	2.357378
1538.000000	523.705078	2.356475
1539.000000	524.038208	2.354788
1540.000000	524.371765	2.353768
1541.000000	524.716919	2.352278
1542.000000	525.053833	2.352513
1543.000000	525.390930	2.351532
1544.000000	525.730896	2.350748
1545.000000	526.063843	2.350081
1546.000000	526.378784	2.348904
1547.000000	526.711670	2.348629
1548.000000	527.027344	2.346785
1549.000000	527.374878	2.346040
1550.000000	527.720154	2.344431
1551.000000	528.044495	2.342352
1552.000000	528.387268	2.341254
1553.000000	528.721436	2.340979
1554.000000	529.062500	2.338625
1555.000000	529.389038	2.338233
1556.000000	529.716614	2.337213
1557.000000	530.056396	2.334310
1558.000000	530.394775	2.333682
1559.000000	530.709839	2.333957
1560.000000	531.066345	2.331367
1561.000000	531.418762	2.332937
1562.000000	531.750793	2.330897
1563.000000	532.090515	2.330151
1564.000000	532.418701	2.329092
1565.000000	532.763794	2.328543
1566.000000	533.091248	2.326621
1567.000000	533.421143	2.328739
1568.000000	533.761230	2.325248
1569.000000	534.103455	2.325562
1570.000000	534.429260	2.325915
1571.000000	534.750427	2.324973
1572.000000	535.108398	2.323286
1573.000000	535.435303	2.321717
1574.000000	535.763489	2.321089
1575.000000	536.086365	2.320853
1576.000000	536.398438	2.318775
1577.000000	536.733643	2.319520
1578.000000	537.046875	2.319520
1579.000000	537.377014	2.317127
1580.000000	537.693848	2.316735
1581.000000	538.013489	2.314734
1582.000000	538.322388	2.314498
1583.000000	538.655090	2.312027
1584.000000	538.978027	2.312929
1585.000000	539.287964	2.311713
1586.000000	539.597839	2.310497
1587.000000	539.930542	2.307712
1588.000000	540.261475	2.306339
1589.000000	540.589722	2.306103
1590.000000	540.930908	2.304769
1591.000000	541.246216	2.304848
1592.000000	541.586426	2.303710
1593.000000	541.910950	2.302023
1594.000000	542.250610	2.301984
1595.000000	542.593994	2.300728
1596.000000	542.924561	2.299708
1597.000000	543.264648	2.298610
1598.000000	543.613708	2.295275
1599.000000	543.957703	2.297198
1600.000000	544.285767	2.296099
1601.000000	544.626953	2.293863
1602.000000	544.951904	2.292765
1603.000000	545.287109	2.292451
1604.000000	545.639221	2.288724
1605.000000	545.975098	2.289156
1606.000000	546.318909	2.287508
1607.000000	546.650513	2.288253
1608.000000	546.981079	2.285585
1609.000000	547.313965	2.285193
1610.000000	547.621033	2.283349
1611.000000	547.937256	2.281858
1612.000000	548.284851	2.284291
1613.000000	548.609619	2.280878
1614.000000	548.933838	2.281113
1615.000000	549.271729	2.278014
1616.000000	549.596924	2.278681
1617.000000	549.932373	2.278250
1618.000000	550.279358	2.275699
1619.000000	550.627991	2.275660
1620.000000	550.958252	2.275503
1621.000000	551.283997	2.274954
1622.000000	551.623657	2.273542
1623.000000	551.948547	2.272953
1624.000000	552.282471	2.273816
1625.000000	552.609253	2.272875
1626.000000	552.928467	2.270050
1627.000000	553.281067	2.267422
1628.000000	553.623413	2.264401
1629.000000	553.968262	2.263342
1630.000000	554.310486	2.262361
1631.000000	554.655212	2.262910
1632.000000	555.013916	2.263146
1633.000000	555.349243	2.261380
1634.000000	555.665588	2.258006
1635.000000	555.996277	2.258163
1636.000000	556.343323	2.257693
1637.000000	556.677307	2.256123
1638.000000	557.016602	2.255260
1639.000000	557.362000	2.255103
1640.000000	557.694275	2.253965
1641.000000	558.029907	2.252671
1642.000000	558.364746	2.252985
1643.000000	558.684082	2.250827
1644.000000	559.003113	2.249022
1645.000000	559.337708	2.250474
1646.000000	559.669250	2.249101
1647.000000	560.006714	2.247806
1648.000000	560.349243	2.246669
1649.000000	560.670166	2.247100
1650.000000	560.992371	2.246119
1651.000000	561.312195	2.244511
1652.000000	561.638794	2.242589
1653.000000	561.979492	2.242118
1654.000000	562.305969	2.240549
1655.000000	562.637756	2.236077
1656.000000	562.959045	2.238587
1657.000000	563.281189	2.238548
1658.000000	563.613953	2.236900
1659.000000	563.935547	2.233723
1660.000000	564.271545	2.233919
1661.000000	564.602112	2.233291
1662.000000	564.924805	2.233409
1663.000000	565.243958	2.231839
1664.000000	565.558105	2.232585
1665.000000	565.914551	2.230270
1666.000000	566.246826	2.229721
1667.000000	566.578247	2.230035
1668.000000	566.917358	2.228230
1669.000000	567.240967	2.226465
1670.000000	567.583252	2.226190
1671.000000	567.912598	2.225837
1672.000000	568.239258	2.225248
1673.000000	568.572083	2.224268
1674.000000	568.899902	2.224778
1675.000000	569.231201	2.222738
1676.000000	569.572693	2.222895
1677.000000	569.896301	2.220227
1678.000000	570.223267	2.220423
1679.000000	570.562683	2.219286
1680.000000	570.900635	2.217402
1681.000000	571.202820	2.216422
1682.000000	571.512878	2.216030
1683.000000	571.838074	2.214539
1684.000000	572.148987	2.216736
1685.000000	572.486816	2.213009
1686.000000	572.799438	2.212970
1687.000000	573.139832	2.213087
1688.000000	573.446533	2.212028
1689.000000	573.757874	2.210302
1690.000000	574.090576	2.209753
1691.000000	574.430725	2.208850
1692.000000	574.762512	2.206300
1693.000000	575.071594	2.207634
1694.000000	575.420105	2.206575
1695.000000	575.758606	2.206810
1696.000000	576.097595	2.202927
1697.000000	576.443848	2.200298
1698.000000	576.785095	2.201436
1699.000000	577.134888	2.199553
1700.000000	577.449280	2.198925
1701.000000	577.804932	2.197630
1702.000000	578.147705	2.196924
1703.000000	578.475159	2.196257
1704.000000	578.809570	2.197984
1705.000000	579.147339	2.197356
1706.000000	579.479797	2.193668
1707.000000	579.829712	2.191550
1708.000000	580.177612	2.190373
1709.000000	580.491150	2.189274
1710.000000	580.837402	2.187509
1711.000000	581.173645	2.187901
1712.000000	581.512817	2.186646
1713.000000	581.838623	2.186842
1714.000000	582.178650	2.185038
1715.000000	582.525635	2.183429
1716.000000	582.861450	2.182958
1717.000000	583.219727	2.180133
1718.000000	583.564148	2.182409
1719.000000	583.905823	2.180016
1720.000000	584.256104	2.178760
1721.000000	584.597900	2.179820
1722.000000	584.947205	2.178094
1723.000000	585.285767	2.177348
1724.000000	585.631104	2.175583
1725.000000	585.952148	2.174838
1726.000000	586.329163	2.176485
1727.000000	586.685364	2.174092
1728.000000	587.011414	2.174406
1729.000000	587.355469	2.172327
1730.000000	587.706299	2.172366
1731.000000	588.037781	2.172797
1732.000000	588.369446	2.170130
1733.000000	588.705566	2.168129
1734.000000	589.043945	2.167619
1735.000000	589.373352	2.166324
1736.000000	589.704346	2.165658
1737.000000	590.033264	2.166246
1738.000000	590.373108	2.163696
1739.000000	590.683167	2.163029
1740.000000	591.006042	2.161852
1741.000000	591.358093	2.161303
1742.000000	591.699219	2.159538
1743.000000	592.031921	2.158008
1744.000000	592.353699	2.158635
1745.000000	592.652405	2.156085
1746.000000	592.981934	2.155144
1747.000000	593.297363	2.154948
1748.000000	593.633545	2.154594
1749.000000	593.956909	2.153457
1750.000000	594.281311	2.151025
1751.000000	594.596924	2.151887
1752.000000	594.918945	2.151534
1753.000000	595.261780	2.149808
1754.000000	595.570557	2.148553
1755.000000	595.888245	2.147611
1756.000000	596.234741	2.147455
1757.000000	596.562256	2.146905
1758.000000	596.900879	2.144120
1759.000000	597.228516	2.144669
1760.000000	597.557861	2.142629
1761.000000	597.884155	2.141609
1762.000000	598.224060	2.141217
1763.000000	598.561279	2.139216
1764.000000	598.889893	2.138628
1765.000000	599.220093	2.139373
1766.000000	599.552002	2.135136
1767.000000	599.883179	2.136470
1768.000000	600.220947	2.134547
1769.000000	600.558777	2.132704
1770.000000	600.878479	2.132664
1771.000000	601.231201	2.132272
1772.000000	601.573730	2.130154
1773.000000	601.912354	2.129409
1774.000000	602.247803	2.129644
1775.000000	602.582886	2.127957
1776.000000	602.923340	2.128232
1777.000000	603.261108	2.126819
1778.000000	603.588745	2.124740
1779.000000	603.912476	2.125211
1780.000000	604.259949	2.124701
1781.000000	604.608215	2.123877
1782.000000	604.925354	2.124348
1783.000000	605.244446	2.124348
1784.000000	605.591553	2.123602
1785.000000	605.916870	2.123837
1786.000000	606.257324	2.122857
1787.000000	606.602600	2.120621
1788.000000	606.936523	2.119287
1789.000000	607.270569	2.117012
1790.000000	607.606323	2.118306
1791.000000	607.939697	2.118345
1792.000000	608.258911	2.114226
1793.000000	608.598755	2.114893
1794.000000	608.929443	2.114226
1795.000000	609.256409	2.113638
1796.000000	609.578552	2.111833
1797.000000	609.906006	2.112853
1798.000000	610.251892	2.112186
1799.000000	610.572754	2.108655
1800.000000	610.898926	2.107635
1801.000000	611.236267	2.106262
1802.000000	611.577148	2.107518
1803.000000	611.906311	2.106184
1804.000000	612.248779	2.105281
1805.000000	612.560608	2.104065
1806.000000	612.882874	2.102575
1807.000000	613.206543	2.101947
1808.000000	613.534119	2.102182
1809.000000	613.868164	2.101947
1810.000000	614.216125	2.101633
1811.000000	614.557678	2.099632
1812.000000	614.890503	2.098338
1813.000000	615.250916	2.097357
1814.000000	615.593994	2.097161
1815.000000	615.926453	2.095003
1816.000000	616.262451	2.094964
1817.000000	616.600037	2.094376
1818.000000	616.928711	2.095199
1819.000000	617.256592	2.093944
1820.000000	617.593079	2.091119
1821.000000	617.937744	2.088295
1822.000000	618.278748	2.086843
1823.000000	618.615906	2.088334
1824.000000	618.968811	2.086804
1825.000000	619.303223	2.086176
1826.000000	619.619385	2.084528
1827.000000	619.951477	2.084018
1828.000000	620.278259	2.082214
1829.000000	620.597778	2.083156
1830.000000	620.909241	2.082135
1831.000000	621.254944	2.080645
1832.000000	621.556763	2.081390
1833.000000	621.875244	2.079311
1834.000000	622.193176	2.076996
1835.000000	622.519043	2.077899
1836.000000	622.842651	2.076996
1837.000000	623.174072	2.076055
1838.000000	623.512390	2.075152
1839.000000	623.828491	2.073662
1840.000000	624.128174	2.074093
1841.000000	624.434814	2.073465
1842.000000	624.790771	2.072406
1843.000000	625.133545	2.070053
1844.000000	625.472595	2.069189
1845.000000	625.813477	2.069072
1846.000000	626.145813	2.069033
1847.000000	626.468750	2.066483
1848.000000	626.813416	2.065384
1849.000000	627.143982	2.063344
1850.000000	627.449036	2.062049
1851.000000	627.791748	2.060833
1852.000000	628.145752	2.062520
1853.000000	628.500488	2.061265
1854.000000	628.843262	2.062010
1855.000000	629.187317	2.058990
1856.000000	629.546753	2.058950
1857.000000	629.862122	2.056949
1858.000000	630.206055	2.055302
1859.000000	630.540039	2.055223
1860.000000	630.858643	2.056243
1861.000000	631.203247	2.054439
1862.000000	631.533447	2.053419
1863.000000	631.881775	2.052595
1864.000000	632.222412	2.053380
1865.000000	632.548218	2.051065
1866.000000	632.873047	2.052085
1867.000000	633.215332	2.050516
1868.000000	633.547058	2.049339
1869.000000	633.902832	2.048750
1870.000000	634.228088	2.047966
1871.000000	634.554504	2.047103
1872.000000	634.890320	2.046200
1873.000000	635.224426	2.045494
1874.000000	635.553894	2.043062
1875.000000	635.908142	2.043140
1876.000000	636.197998	2.043533
1877.000000	636.542786	2.040512
1878.000000	636.876343	2.041532
1879.000000	637.208984	2.039805
1880.000000	637.532654	2.038354
1881.000000	637.861572	2.037766
1882.000000	638.183472	2.038197
1883.000000	638.515137	2.036236
1884.000000	638.850708	2.036589
1885.000000	639.193115	2.034274
1886.000000	639.521729	2.034117
1887.000000	639.850586	2.033725
1888.000000	640.186035	2.030508
1889.000000	640.515747	2.031763
1890.000000	640.838928	2.031057
1891.000000	641.166504	2.030194
1892.000000	641.502136	2.028037
1893.000000	641.809448	2.028860
1894.000000	642.135071	2.028193
1895.000000	642.475220	2.026114
1896.000000	642.815430	2.027369
1897.000000	643.147400	2.025800
1898.000000	643.475952	2.025133
1899.000000	643.819885	2.025957
1900.000000	644.145752	2.025447
1901.000000	644.470886	2.024780
1902.000000	644.813721	2.023682
1903.000000	645.160156	2.022623
1904.000000	645.467773	2.024506
1905.000000	645.814026	2.022897
1906.000000	646.189697	2.020857
1907.000000	646.531860	2.020936
1908.000000	646.872559	2.020348
1909.000000	647.227539	2.018072
1910.000000	647.563660	2.019994
1911.000000	647.882324	2.018739
1912.000000	648.241516	2.017758
1913.000000	648.569275	2.016934
1914.000000	648.865845	2.014345
1915.000000	649.194580	2.015483
1916.000000	649.530457	2.014227
1917.000000	649.866516	2.012580
1918.000000	650.207275	2.013129
1919.000000	650.535034	2.011952
1920.000000	650.852295	2.011559
1921.000000	651.174377	2.012658
1922.000000	651.508606	2.009245
1923.000000	651.841980	2.007715
1924.000000	652.151367	2.007833
1925.000000	652.483643	2.007283
1926.000000	652.817627	2.005087
1927.000000	653.139404	2.005479
1928.000000	653.477966	2.006028
1929.000000	653.807739	2.003282
1930.000000	654.144958	2.003361
1931.000000	654.496460	2.002497
1932.000000	654.844727	2.000810
1933.000000	655.179688	2.001791
1934.000000	655.512939	1.999516
1935.000000	655.839111	2.000104
1936.000000	656.155273	2.000144
1937.000000	656.495605	1.998574
1938.000000	656.845825	1.998025
1939.000000	657.172302	1.995867
1940.000000	657.499390	1.996024
1941.000000	657.844666	1.996377
1942.000000	658.188599	1.997005
1943.000000	658.492432	1.996966
1944.000000	658.782471	1.993082
1945.000000	659.135742	1.992141
1946.000000	659.512573	1.991631
1947.000000	659.825317	1.991591
1948.000000	660.142761	1.991905
1949.000000	660.471191	1.990728
1950.000000	660.810608	1.987707
1951.000000	661.133301	1.990061
1952.000000	661.469971	1.986178
1953.000000	661.798096	1.985275
1954.000000	662.127441	1.984648
1955.000000	662.448242	1.983745
1956.000000	662.781555	1.984216
1957.000000	663.142395	1.982921
1958.000000	663.470520	1.983078
1959.000000	663.824402	1.982529
1960.000000	664.153015	1.980803
1961.000000	664.489685	1.981588
1962.000000	664.819458	1.980685
1963.000000	665.145752	1.979352
1964.000000	665.491577	1.979234
1965.000000	665.798889	1.978253
1966.000000	666.162415	1.977194
1967.000000	666.506104	1.976762
1968.000000	666.820801	1.977037
1969.000000	667.167236	1.976645
1970.000000	667.505493	1.976684
1971.000000	667.853577	1.975350
1972.000000	668.180420	1.971780
1973.000000	668.511597	1.971780
1974.000000	668.862793	1.973231
1975.000000	669.194763	1.971427
1976.000000	669.537170	1.969858
1977.000000	669.865967	1.970250
1978.000000	670.186829	1.970485
1979.000000	670.525085	1.969073
1980.000000	670.869690	1.970171
1981.000000	671.205322	1.969151
1982.000000	671.538330	1.968249
1983.000000	671.889893	1.965581
1984.000000	672.218689	1.963424
1985.000000	672.544922	1.965385
1986.000000	672.890869	1.965150
1987.000000	673.207520	1.962286
1988.000000	673.538269	1.963620
1989.000000	673.867249	1.962914
1990.000000	674.168884	1.960756
1991.000000	674.497070	1.959658
1992.000000	674.841553	1.958873
1993.000000	675.162415	1.959344
1994.000000	675.495972	1.956754
1995.000000	675.832520	1.959305
1996.000000	676.177307	1.958284
1997.000000	676.519287	1.957108
1998.000000	676.841614	1.958010
1999.000000	677.172302	1.954087
2000.000000	677.488831	1.955225
2001.000000	677.800842	1.954008
2002.000000	678.137207	1.953145
2003.000000	678.458008	1.954048
2004.000000	678.780273	1.952008
2005.000000	679.133911	1.953341
2006.000000	679.472717	1.951851
2007.000000	679.794678	1.951419
2008.000000	680.103882	1.949222
2009.000000	680.435059	1.951184
2010.000000	680.763794	1.948830
2011.000000	681.123901	1.949536
2012.000000	681.453979	1.947496
2013.000000	681.785889	1.949222
2014.000000	682.108765	1.948634
2015.000000	682.440857	1.946712
2016.000000	682.762817	1.946712
2017.000000	683.094360	1.946672
2018.000000	683.424683	1.944358
2019.000000	683.762451	1.945064
2020.000000	684.106384	1.945456
2021.000000	684.424866	1.941141
2022.000000	684.720764	1.945770
2023.000000	685.040955	1.942357
2024.000000	685.361084	1.943455
2025.000000	685.689941	1.941886
2026.000000	686.016663	1.940513
2027.000000	686.322998	1.941180
2028.000000	686.662598	1.939297
2029.000000	686.993652	1.939689
2030.000000	687.328369	1.937335
2031.000000	687.666016	1.934824
2032.000000	688.005310	1.934824
2033.000000	688.362183	1.934314
2034.000000	688.695068	1.933451
2035.000000	689.019043	1.933648
2036.000000	689.339783	1.932470
2037.000000	689.682434	1.930862
2038.000000	690.001892	1.929372
2039.000000	690.342712	1.930195
2040.000000	690.684021	1.929175
2041.000000	691.023499	1.928195
2042.000000	691.349304	1.929293
2043.000000	691.672302	1.928352
2044.000000	692.025391	1.926390
2045.000000	692.358948	1.926351
2046.000000	692.704590	1.927371
2047.000000	693.035217	1.925880
2048.000000	693.352600	1.926822
2049.000000	693.689331	1.925174
2050.000000	694.015564	1.924821
2051.000000	694.355286	1.923879
2052.000000	694.705627	1.922192
2053.000000	695.048462	1.924232
2054.000000	695.387817	1.922663
2055.000000	695.719482	1.923487
2056.000000	696.066467	1.922310
2057.000000	696.378113	1.922742
2058.000000	696.713867	1.920348
2059.000000	697.060730	1.920427
2060.000000	697.388306	1.917799
2061.000000	697.732666	1.917955
2062.000000	698.101379	1.920662
2063.000000	698.415161	1.917877
2064.000000	698.747498	1.917446
2065.000000	699.070923	1.917485
2066.000000	699.416260	1.917485
2067.000000	699.741516	1.915406
2068.000000	700.077209	1.915092
2069.000000	700.413574	1.914739
2070.000000	700.741333	1.914346
2071.000000	701.069275	1.914503
2072.000000	701.410889	1.914189
2073.000000	701.777649	1.913405
2074.000000	702.102539	1.914346
2075.000000	702.417908	1.913797
2076.000000	702.743591	1.911482
2077.000000	703.102600	1.910266
2078.000000	703.418457	1.909286
2079.000000	703.755005	1.910031
2080.000000	704.080627	1.907952
2081.000000	704.422546	1.907599
2082.000000	704.751953	1.907638
2083.000000	705.104736	1.907324
2084.000000	705.462341	1.905755
2085.000000	705.786987	1.903636
2086.000000	706.116455	1.904656
2087.000000	706.442139	1.904382
2088.000000	706.764221	1.902695
2089.000000	707.092773	1.902381
2090.000000	707.456665	1.902773
2091.000000	707.802246	1.901557
2092.000000	708.135193	1.899870
2093.000000	708.480652	1.900929
2094.000000	708.805664	1.901008
2095.000000	709.126587	1.899085
2096.000000	709.461426	1.900380
2097.000000	709.798523	1.899399
2098.000000	710.132141	1.897712
2099.000000	710.481934	1.897830
2100.000000	710.802734	1.897242
2101.000000	711.112488	1.896379
2102.000000	711.446228	1.895084
2103.000000	711.766602	1.895908
2104.000000	712.095947	1.893829
2105.000000	712.429321	1.894378
2106.000000	712.759766	1.894182
2107.000000	713.073303	1.892770
2108.000000	713.394775	1.893750
2109.000000	713.735352	1.891828
2110.000000	714.094055	1.890612
2111.000000	714.414551	1.888690
2112.000000	714.766479	1.889670
2113.000000	715.125732	1.886963
2114.000000	715.429443	1.884727
2115.000000	715.733154	1.887395
2116.000000	716.062744	1.887669
2117.000000	716.392578	1.885237
2118.000000	716.741882	1.884649
2119.000000	717.063538	1.883943
2120.000000	717.375000	1.885512
2121.000000	717.717468	1.884296
2122.000000	718.045349	1.884296
2123.000000	718.354980	1.884139
2124.000000	718.677246	1.881667
2125.000000	719.028564	1.882099
2126.000000	719.348816	1.880412
2127.000000	719.674866	1.881393
2128.000000	720.006592	1.881628
2129.000000	720.336548	1.879588
2130.000000	720.677002	1.878529
2131.000000	721.002441	1.878764
2132.000000	721.327026	1.879313
2133.000000	721.670593	1.878097
2134.000000	722.006104	1.877352
2135.000000	722.337769	1.876057
2136.000000	722.654968	1.876489
2137.000000	723.005859	1.875704
2138.000000	723.350098	1.874096
2139.000000	723.679626	1.875233
2140.000000	724.024109	1.873900
2141.000000	724.379639	1.873468
2142.000000	724.719116	1.873311
2143.000000	725.030518	1.872487
2144.000000	725.339844	1.870016
2145.000000	725.684326	1.870996
2146.000000	726.019287	1.868250
2147.000000	726.355774	1.868486
2148.000000	726.692383	1.869388
2149.000000	727.003601	1.866524
2150.000000	727.378906	1.866210
2151.000000	727.697998	1.865386
2152.000000	728.024475	1.864602
2153.000000	728.367493	1.863033
2154.000000	728.702881	1.864327
2155.000000	729.029602	1.861895
2156.000000	729.390259	1.864249
2157.000000	729.735901	1.862837
2158.000000	730.065491	1.861660
2159.000000	730.355591	1.859619
2160.000000	730.686768	1.859071
2161.000000	731.038757	1.858600
2162.000000	731.407959	1.859423
2163.000000	731.763489	1.858639
2164.000000	732.105591	1.855226
2165.000000	732.408569	1.856324
2166.000000	732.732300	1.854048
2167.000000	733.088135	1.854637
2168.000000	733.418762	1.854716
2169.000000	733.736084	1.853186
2170.000000	734.058838	1.854206
2171.000000	734.398865	1.854009
2172.000000	734.716675	1.851381
2173.000000	735.053040	1.852166
2174.000000	735.385742	1.850714
2175.000000	735.725708	1.849694
2176.000000	736.042664	1.850714
2177.000000	736.363342	1.849969
2178.000000	736.660889	1.850126
2179.000000	736.971436	1.848870
2180.000000	737.352539	1.849302
2181.000000	737.711060	1.846517
2182.000000	737.997498	1.846673
2183.000000	738.326233	1.847340
2184.000000	738.681641	1.846752
2185.000000	739.044006	1.845732
2186.000000	739.411438	1.847379
2187.000000	739.759888	1.845810
2188.000000	740.068909	1.845340
2189.000000	740.378235	1.843967
2190.000000	740.696167	1.843339
2191.000000	741.048401	1.844084
2192.000000	741.382324	1.841809
2193.000000	741.721069	1.842829
2194.000000	742.042664	1.842201
2195.000000	742.389465	1.842044
2196.000000	742.710754	1.842083
2197.000000	743.071838	1.839887
2198.000000	743.412109	1.838631
2199.000000	743.730530	1.838710
2200.000000	744.052002	1.836434
2201.000000	744.396973	1.836316
2202.000000	744.734802	1.836434
2203.000000	745.056641	1.836120
2204.000000	745.399170	1.837611
2205.000000	745.735352	1.835571
2206.000000	746.076355	1.833845
2207.000000	746.395752	1.833335
2208.000000	746.736450	1.833531
2209.000000	747.117676	1.831413
2210.000000	747.452393	1.829726
2211.000000	747.777832	1.832040
2212.000000	748.109314	1.831217
2213.000000	748.429688	1.830471
2214.000000	748.717957	1.828627
2215.000000	749.052246	1.829412
2216.000000	749.445068	1.830471
2217.000000	749.796509	1.826980
2218.000000	750.140015	1.826823
2219.000000	750.470886	1.825606
2220.000000	750.800720	1.826077
2221.000000	751.116821	1.825881
2222.000000	751.444214	1.825450
2223.000000	751.773682	1.824900
2224.000000	752.087524	1.823841
2225.000000	752.425049	1.824744
2226.000000	752.769775	1.822351
2227.000000	753.126404	1.823684
2228.000000	753.496338	1.823174
2229.000000	753.827026	1.822664
2230.000000	754.105347	1.821723
2231.000000	754.413330	1.821056
2232.000000	754.741638	1.819643
2233.000000	755.065186	1.819487
2234.000000	755.408630	1.821017
2235.000000	755.714355	1.819055
2236.000000	756.034668	1.819055
2237.000000	756.370056	1.818937
2238.000000	756.690369	1.818780
2239.000000	757.006104	1.817564
2240.000000	757.364807	1.819800
2241.000000	757.669495	1.816623
2242.000000	758.005493	1.817839
2243.000000	758.367615	1.814543
2244.000000	758.674438	1.815564
2245.000000	759.026978	1.816466
2246.000000	759.374817	1.815093
2247.000000	759.713440	1.814700
2248.000000	760.055176	1.813524
2249.000000	760.381836	1.813327
2250.000000	760.717102	1.812856
2251.000000	761.033508	1.812150
2252.000000	761.382019	1.810934
2253.000000	761.707214	1.810032
2254.000000	762.013306	1.808345
2255.000000	762.360962	1.808031
2256.000000	762.704651	1.807286
2257.000000	763.045898	1.806776
2258.000000	763.385498	1.805678
2259.000000	763.697205	1.805168
2260.000000	763.998474	1.805167
2261.000000	764.365051	1.805403
2262.000000	764.724304	1.802303
2263.000000	765.047485	1.800970
2264.000000	765.362366	1.801754
2265.000000	765.684021	1.801990
2266.000000	766.074951	1.800577
2267.000000	766.421021	1.801127
2268.000000	766.765381	1.797831
2269.000000	767.098206	1.798694
2270.000000	767.404114	1.798930
2271.000000	767.774658	1.796733
2272.000000	768.155884	1.797321
2273.000000	768.498962	1.795713
2274.000000	768.846741	1.795713
2275.000000	769.128906	1.794458
2276.000000	769.466919	1.792967
2277.000000	769.782959	1.792928
2278.000000	770.128296	1.791397
2279.000000	770.446594	1.792221
2280.000000	770.755127	1.792339
2281.000000	771.084290	1.791515
2282.000000	771.438110	1.791397
2283.000000	771.786560	1.789867
2284.000000	772.135803	1.789397
2285.000000	772.511230	1.786729
2286.000000	772.866211	1.787082
2287.000000	773.195007	1.784218
2288.000000	773.515686	1.788063
2289.000000	773.864075	1.783904
2290.000000	774.197937	1.782688
2291.000000	774.554077	1.781394
2292.000000	774.900146	1.780727
2293.000000	775.246826	1.780648
2294.000000	775.589600	1.781472
2295.000000	775.913757	1.781864
2296.000000	776.244202	1.779746
2297.000000	776.534119	1.778844
2298.000000	776.851318	1.778804
2299.000000	777.184570	1.777627
2300.000000	777.505615	1.778373
2301.000000	777.835571	1.776019
2302.000000	778.126221	1.777745
2303.000000	778.436523	1.776882
2304.000000	778.759338	1.776215
2305.000000	779.126648	1.775666
2306.000000	779.480042	1.775195
2307.000000	779.750244	1.774921
2308.000000	780.041260	1.773273
2309.000000	780.344727	1.772763
2310.000000	780.681030	1.773940
2311.000000	781.039856	1.772998
2312.000000	781.368713	1.771194
2313.000000	781.693359	1.771194
2314.000000	782.056274	1.769428
2315.000000	782.410156	1.769821
2316.000000	782.738281	1.769624
2317.000000	783.003357	1.770095
2318.000000	783.351013	1.767349
2319.000000	783.713074	1.768448
2320.000000	784.069946	1.766643
2321.000000	784.410583	1.764838
2322.000000	784.715515	1.765035
2323.000000	785.037415	1.764289
2324.000000	785.382813	1.763426
2325.000000	785.727600	1.763269
2326.000000	785.982056	1.760366
2327.000000	786.234558	1.761308
2328.000000	786.591797	1.760366
2329.000000	786.965942	1.760052
2330.000000	787.330811	1.757816
2331.000000	787.686584	1.758522
2332.000000	788.013367	1.754599
2333.000000	788.348267	1.756247
2334.000000	788.687378	1.753893
2335.000000	789.036499	1.754638
2336.000000	789.362671	1.753383
2337.000000	789.686829	1.752324
2338.000000	790.021912	1.753187
2339.000000	790.379639	1.752951
2340.000000	790.716064	1.751461
2341.000000	791.049561	1.750127
2342.000000	791.367981	1.750558
2343.000000	791.688477	1.750048
2344.000000	792.009277	1.749107
2345.000000	792.353027	1.748989
2346.000000	792.727539	1.750009
2347.000000	793.072266	1.747145
2348.000000	793.357788	1.745498
2349.000000	793.636047	1.747106
2350.000000	794.018860	1.746596
2351.000000	794.361938	1.746557
2352.000000	794.695801	1.743968
2353.000000	795.036499	1.745733
2354.000000	795.391418	1.743497
2355.000000	795.694458	1.744242
2356.000000	796.028320	1.741889
2357.000000	796.346130	1.741418
2358.000000	796.636719	1.740908
2359.000000	796.994385	1.739534
2360.000000	797.323425	1.739731
2361.000000	797.651733	1.736475
2362.000000	797.995972	1.737652
2363.000000	798.340515	1.737926
2364.000000	798.661011	1.734396
2365.000000	798.983704	1.734003
2366.000000	799.299072	1.734788
2367.000000	799.615662	1.735376
2368.000000	799.983704	1.732591
2369.000000	800.366455	1.730355
2370.000000	800.705811	1.731924
2371.000000	801.033630	1.732198
2372.000000	801.380798	1.728511
2373.000000	801.719849	1.729256
2374.000000	802.039490	1.728981
2375.000000	802.357239	1.729138
2376.000000	802.711731	1.731296
2377.000000	803.057129	1.729021
2378.000000	803.396301	1.726942
2379.000000	803.746338	1.725765
2380.000000	804.052002	1.726039
2381.000000	804.357361	1.724352
2382.000000	804.725464	1.724431
2383.000000	805.074585	1.725059
2384.000000	805.392639	1.725059
2385.000000	805.712097	1.723685
2386.000000	806.006836	1.721881
2387.000000	806.340210	1.724117
2388.000000	806.658325	1.723646
2389.000000	807.005737	1.721959
2390.000000	807.362366	1.721685
2391.000000	807.679932	1.722195
2392.000000	808.037292	1.721175
2393.000000	808.402954	1.719919
2394.000000	808.739319	1.719566
2395.000000	808.981689	1.719841
2396.000000	809.262634	1.718703
2397.000000	809.601685	1.718193
