0.000000	29.705908	10.384394
1.000000	29.708559	10.384786
2.000000	29.708679	10.382980
3.000000	29.728573	10.383138
4.000000	29.743883	10.380432
5.000000	29.757631	10.381411
6.000000	29.770290	10.378195
7.000000	29.785240	10.377803
8.000000	29.806938	10.373566
9.000000	29.832504	10.372389
10.000000	29.864212	10.371212
11.000000	29.892183	10.370858
12.000000	29.926424	10.370388
13.000000	29.962835	10.369211
14.000000	30.014559	10.366308
15.000000	30.056633	10.366897
16.000000	30.088589	10.366701
17.000000	30.137289	10.364189
18.000000	30.184011	10.364857
19.000000	30.227303	10.363640
20.000000	30.283154	10.363013
21.000000	30.341040	10.361835
22.000000	30.389833	10.361954
23.000000	30.457882	10.361640
24.000000	30.508471	10.361641
25.000000	30.561089	10.360973
26.000000	30.623873	10.359756
27.000000	30.688461	10.359207
28.000000	30.752325	10.358070
29.000000	30.820848	10.356422
30.000000	30.897270	10.356736
31.000000	30.964844	10.357482
32.000000	31.029541	10.356619
33.000000	31.103333	10.354107
34.000000	31.176641	10.353049
35.000000	31.254738	10.353519
36.000000	31.325298	10.352813
37.000000	31.396816	10.350380
38.000000	31.469290	10.349557
39.000000	31.546190	10.348105
40.000000	31.626083	10.346771
41.000000	31.695684	10.345791
42.000000	31.769955	10.342299
43.000000	31.859768	10.343906
44.000000	31.940258	10.342925
45.000000	32.018230	10.338924
46.000000	32.107685	10.338061
47.000000	32.187336	10.337708
48.000000	32.257416	10.336414
49.000000	32.349987	10.336101
50.000000	32.438843	10.333864
51.000000	32.523750	10.332176
52.000000	32.609264	10.333747
53.000000	32.696209	10.332333
54.000000	32.784107	10.330372
55.000000	32.860291	10.328568
56.000000	32.964458	10.327744
57.000000	33.068024	10.325665
58.000000	33.144089	10.324566
59.000000	33.245026	10.323232
60.000000	33.339146	10.322370
61.000000	33.456467	10.319348
62.000000	33.555012	10.320564
63.000000	33.667667	10.320370
64.000000	33.773037	10.318683
65.000000	33.892265	10.316052
66.000000	34.004452	10.317152
67.000000	34.144737	10.315151
68.000000	34.271027	10.315465
69.000000	34.394924	10.314171
70.000000	34.550156	10.313740
71.000000	34.691635	10.312758
72.000000	34.837189	10.312798
73.000000	34.994450	10.311659
74.000000	35.166550	10.309973
75.000000	35.330986	10.308914
76.000000	35.526409	10.310247
77.000000	35.708553	10.310090
78.000000	35.905640	10.308758
79.000000	36.098305	10.307619
80.000000	36.321472	10.307226
81.000000	36.535904	10.307698
82.000000	36.762894	10.305305
83.000000	36.995140	10.303970
84.000000	37.248085	10.305382
85.000000	37.499950	10.302283
86.000000	37.778244	10.302716
87.000000	38.040157	10.303304
88.000000	38.335075	10.302205
89.000000	38.622341	10.303107
90.000000	38.929939	10.298517
91.000000	39.255112	10.298244
92.000000	39.559723	10.296791
93.000000	39.886574	10.298714
94.000000	40.236736	10.294594
95.000000	40.582550	10.295498
96.000000	40.938469	10.292633
97.000000	41.282166	10.294203
98.000000	41.663734	10.289574
99.000000	42.034851	10.287964
100.000000	42.422832	10.288319
101.000000	42.800953	10.285494
102.000000	43.214100	10.283689
103.000000	43.633652	10.283217
104.000000	44.040504	10.282001
105.000000	44.448429	10.281257
106.000000	44.889236	10.280157
107.000000	45.307846	10.276470
108.000000	45.738914	10.273644
109.000000	46.174149	10.273056
110.000000	46.617092	10.270350
111.000000	47.060627	10.269723
112.000000	47.497406	10.267643
113.000000	47.942959	10.263798
114.000000	48.382935	10.264347
115.000000	48.824692	10.260503
116.000000	49.283424	10.259366
117.000000	49.722687	10.258307
118.000000	50.177856	10.254345
119.000000	50.616959	10.251872
120.000000	51.065758	10.248224
121.000000	51.513237	10.245635
122.000000	51.942642	10.244105
123.000000	52.379490	10.239083
124.000000	52.806061	10.236494
125.000000	53.234753	10.233709
126.000000	53.667942	10.232336
127.000000	54.096165	10.230766
128.000000	54.519302	10.227707
129.000000	54.932293	10.225039
130.000000	55.356384	10.221664
131.000000	55.770905	10.217702
132.000000	56.177513	10.214798
133.000000	56.572662	10.213112
134.000000	56.980797	10.208992
135.000000	57.372875	10.209189
136.000000	57.756207	10.205462
137.000000	58.151237	10.203304
138.000000	58.541069	10.200989
139.000000	58.914124	10.197930
140.000000	59.265686	10.195224
141.000000	59.654449	10.191811
142.000000	60.016644	10.188515
143.000000	60.373993	10.185846
144.000000	60.728714	10.183376
145.000000	61.071251	10.178786
146.000000	61.411896	10.175686
147.000000	61.751255	10.172431
148.000000	62.080963	10.167957
149.000000	62.407848	10.165093
150.000000	62.733795	10.162269
151.000000	63.057617	10.158620
152.000000	63.376030	10.155758
153.000000	63.696793	10.153011
154.000000	64.016266	10.149363
155.000000	64.325500	10.145400
156.000000	64.627899	10.142614
157.000000	64.939377	10.137319
158.000000	65.234726	10.134612
159.000000	65.539253	10.131513
160.000000	65.834366	10.128452
161.000000	66.135246	10.125079
162.000000	66.430588	10.122372
163.000000	66.715240	10.116292
164.000000	67.001053	10.114330
165.000000	67.287811	10.110839
166.000000	67.566803	10.108524
167.000000	67.853798	10.105190
168.000000	68.144669	10.103148
169.000000	68.421310	10.098324
170.000000	68.707016	10.097264
171.000000	68.980835	10.093301
172.000000	69.271584	10.091654
173.000000	69.545761	10.086672
174.000000	69.829811	10.083691
175.000000	70.108566	10.078590
176.000000	70.375198	10.075648
177.000000	70.650322	10.071726
178.000000	70.926483	10.068156
179.000000	71.212547	10.065605
180.000000	71.498604	10.062153
181.000000	71.761856	10.059799
182.000000	72.048386	10.057288
183.000000	72.336792	10.054031
184.000000	72.625671	10.049639
185.000000	72.900909	10.043831
186.000000	73.202484	10.041243
187.000000	73.485603	10.036928
188.000000	73.776489	10.035201
189.000000	74.060432	10.031945
190.000000	74.353294	10.028649
191.000000	74.647003	10.025158
192.000000	74.954811	10.021549
193.000000	75.260399	10.016449
194.000000	75.558792	10.015979
195.000000	75.860489	10.011938
196.000000	76.180885	10.008485
197.000000	76.492455	10.008603
198.000000	76.813072	10.006289
199.000000	77.127937	10.001542
200.000000	77.450096	10.001307
201.000000	77.769188	9.995815
202.000000	78.098984	9.991264
203.000000	78.420204	9.986634
204.000000	78.743294	9.984554
205.000000	79.070389	9.983259
206.000000	79.414764	9.981456
207.000000	79.731384	9.976826
208.000000	80.083405	9.973962
209.000000	80.420250	9.968312
210.000000	80.765572	9.966233
211.000000	81.106178	9.962154
212.000000	81.460556	9.959761
213.000000	81.799988	9.957251
214.000000	82.152710	9.953248
215.000000	82.511551	9.951876
216.000000	82.853210	9.947442
217.000000	83.211700	9.942893
218.000000	83.573242	9.940380
219.000000	83.921852	9.937950
220.000000	84.283630	9.935555
221.000000	84.647644	9.932300
222.000000	85.027046	9.926807
223.000000	85.372597	9.923393
224.000000	85.739899	9.917863
225.000000	86.101898	9.915273
226.000000	86.459930	9.912723
227.000000	86.828049	9.908644
228.000000	87.196648	9.906525
229.000000	87.563705	9.904563
230.000000	87.932671	9.901504
231.000000	88.293968	9.897424
232.000000	88.643623	9.894874
233.000000	89.014099	9.889617
234.000000	89.376007	9.885459
235.000000	89.735779	9.883614
236.000000	90.098373	9.879574
237.000000	90.460976	9.877730
238.000000	90.804993	9.871845
239.000000	91.170891	9.868942
240.000000	91.525909	9.866745
241.000000	91.895409	9.862507
242.000000	92.250870	9.859722
243.000000	92.608459	9.856584
244.000000	92.966866	9.852739
245.000000	93.324806	9.847012
246.000000	93.677315	9.843874
247.000000	94.021347	9.840342
248.000000	94.376801	9.837008
249.000000	94.720131	9.834616
250.000000	95.063568	9.830536
251.000000	95.418678	9.829163
252.000000	95.755646	9.827515
253.000000	96.086929	9.822179
254.000000	96.418121	9.822179
255.000000	96.786430	9.817864
256.000000	97.130692	9.815982
257.000000	97.462822	9.811980
258.000000	97.810036	9.809273
259.000000	98.158302	9.806370
260.000000	98.488533	9.804722
261.000000	98.814064	9.800798
262.000000	99.137825	9.798287
263.000000	99.478668	9.797031
264.000000	99.814575	9.792873
265.000000	100.138092	9.788794
266.000000	100.479172	9.785498
267.000000	100.806580	9.784164
268.000000	101.123039	9.781811
269.000000	101.465302	9.779300
270.000000	101.791687	9.775104
271.000000	102.119545	9.772474
272.000000	102.440170	9.768081
273.000000	102.771553	9.766236
274.000000	103.093491	9.764315
275.000000	103.409973	9.762432
276.000000	103.726349	9.762197
277.000000	104.061523	9.757998
278.000000	104.385468	9.756469
279.000000	104.708702	9.753880
280.000000	105.027672	9.751212
281.000000	105.347351	9.748074
282.000000	105.664917	9.746504
283.000000	105.986237	9.744739
284.000000	106.314438	9.740343
285.000000	106.631531	9.736813
286.000000	106.947662	9.732772
287.000000	107.261559	9.731949
288.000000	107.579475	9.732890
289.000000	107.891464	9.729202
290.000000	108.218834	9.728339
291.000000	108.546555	9.724809
292.000000	108.862457	9.721866
293.000000	109.182030	9.720219
294.000000	109.504547	9.718258
295.000000	109.826363	9.715471
296.000000	110.152428	9.714334
297.000000	110.468567	9.711942
298.000000	110.798424	9.709705
299.000000	111.123535	9.709352
300.000000	111.447960	9.706566
301.000000	111.767403	9.707194
302.000000	112.100243	9.704880
303.000000	112.425293	9.702918
304.000000	112.755356	9.702211
305.000000	113.073547	9.700290
306.000000	113.420967	9.698212
307.000000	113.739037	9.695740
308.000000	114.077057	9.696210
309.000000	114.408569	9.693661
310.000000	114.741501	9.692562
311.000000	115.073242	9.688834
312.000000	115.401520	9.689541
313.000000	115.722443	9.688599
314.000000	116.066551	9.684479
315.000000	116.408371	9.683186
316.000000	116.743660	9.682009
317.000000	117.083237	9.680517
318.000000	117.419014	9.679143
319.000000	117.750290	9.677182
320.000000	118.091644	9.677692
321.000000	118.425751	9.673220
322.000000	118.758430	9.672357
323.000000	119.091377	9.669924
324.000000	119.443062	9.670553
325.000000	119.777290	9.667256
326.000000	120.119247	9.666748
327.000000	120.455147	9.666080
328.000000	120.785095	9.664040
329.000000	121.133713	9.662902
330.000000	121.487411	9.662903
331.000000	121.821167	9.660393
332.000000	122.162140	9.658547
333.000000	122.505173	9.658038
334.000000	122.831757	9.655528
335.000000	123.179024	9.654979
336.000000	123.530823	9.653919
337.000000	123.860626	9.653801
338.000000	124.197479	9.652194
339.000000	124.552986	9.649446
340.000000	124.888184	9.649604
341.000000	125.249176	9.648034
342.000000	125.592247	9.646935
343.000000	125.931030	9.644544
344.000000	126.276611	9.644424
345.000000	126.625305	9.643131
346.000000	126.965256	9.639914
347.000000	127.296738	9.638775
348.000000	127.652740	9.637129
349.000000	127.989349	9.637403
350.000000	128.326187	9.636383
351.000000	128.670593	9.634541
352.000000	129.013428	9.633559
353.000000	129.348724	9.632696
354.000000	129.665771	9.632656
355.000000	130.021866	9.630970
356.000000	130.361359	9.631480
357.000000	130.707642	9.630892
358.000000	131.050491	9.628536
359.000000	131.383179	9.629753
360.000000	131.716064	9.628929
361.000000	132.045044	9.626693
362.000000	132.375015	9.625202
363.000000	132.704773	9.624064
364.000000	133.042358	9.622926
365.000000	133.372574	9.622965
366.000000	133.716614	9.621319
367.000000	134.046021	9.621042
368.000000	134.385025	9.620141
369.000000	134.719681	9.620063
370.000000	135.045105	9.619434
371.000000	135.373291	9.618690
372.000000	135.706894	9.617906
373.000000	136.040710	9.615435
374.000000	136.365295	9.615355
375.000000	136.699707	9.614021
376.000000	137.035004	9.611197
377.000000	137.359695	9.614492
378.000000	137.687408	9.612884
379.000000	138.013794	9.612647
380.000000	138.339325	9.609470
381.000000	138.658630	9.610491
382.000000	138.992569	9.610686
383.000000	139.321960	9.608529
384.000000	139.643539	9.608490
385.000000	139.984940	9.608844
386.000000	140.312408	9.608568
387.000000	140.643967	9.607431
388.000000	140.971664	9.607745
389.000000	141.300674	9.604527
390.000000	141.624420	9.605234
391.000000	141.936264	9.606450
392.000000	142.283066	9.604568
393.000000	142.607910	9.603586
394.000000	142.925659	9.603352
395.000000	143.263123	9.602959
396.000000	143.601303	9.602212
397.000000	143.924744	9.602488
398.000000	144.265106	9.601782
399.000000	144.593262	9.600566
400.000000	144.925766	9.600487
401.000000	145.252121	9.601273
402.000000	145.593201	9.600133
403.000000	145.923050	9.598487
404.000000	146.254822	9.596799
405.000000	146.584457	9.599034
406.000000	146.920105	9.597702
407.000000	147.247284	9.596603
408.000000	147.558411	9.595270
409.000000	147.901917	9.595153
410.000000	148.245529	9.596053
411.000000	148.575500	9.595779
412.000000	148.904739	9.593974
413.000000	149.237854	9.594877
414.000000	149.573868	9.593151
415.000000	149.920395	9.590718
416.000000	150.253479	9.590718
417.000000	150.580704	9.591032
418.000000	150.908493	9.591541
419.000000	151.252853	9.591699
420.000000	151.583160	9.590993
421.000000	151.910370	9.590286
422.000000	152.255920	9.588952
423.000000	152.598083	9.588169
424.000000	152.919388	9.589501
425.000000	153.255463	9.588365
426.000000	153.601135	9.588835
427.000000	153.949310	9.588169
428.000000	154.284546	9.587502
429.000000	154.602051	9.588757
430.000000	154.946350	9.585501
431.000000	155.285828	9.585344
432.000000	155.620789	9.584599
433.000000	155.971069	9.584167
434.000000	156.307358	9.585030
435.000000	156.649734	9.583893
436.000000	156.992004	9.584089
437.000000	157.322128	9.581225
438.000000	157.648605	9.581305
439.000000	157.992325	9.581146
440.000000	158.326065	9.583031
441.000000	158.654617	9.580400
442.000000	158.973206	9.582598
443.000000	159.308304	9.583854
444.000000	159.655518	9.581225
445.000000	159.995972	9.581421
446.000000	160.351685	9.579224
447.000000	160.693222	9.579067
448.000000	161.039474	9.580127
449.000000	161.364868	9.577812
450.000000	161.698639	9.577654
451.000000	162.043808	9.577263
452.000000	162.377197	9.577929
453.000000	162.713028	9.578558
454.000000	163.044250	9.576165
455.000000	163.389023	9.574713
456.000000	163.734436	9.575418
457.000000	164.072311	9.573418
458.000000	164.398361	9.573300
459.000000	164.749771	9.573575
460.000000	165.074966	9.572241
461.000000	165.412476	9.573574
462.000000	165.739990	9.572869
463.000000	166.084686	9.572594
464.000000	166.406845	9.571496
465.000000	166.728012	9.571732
466.000000	167.085129	9.569534
467.000000	167.420929	9.568317
468.000000	167.762344	9.569652
469.000000	168.099365	9.567925
470.000000	168.424561	9.568867
471.000000	168.757187	9.569260
472.000000	169.097748	9.568279
473.000000	169.411865	9.568593
474.000000	169.748138	9.569260
475.000000	170.087585	9.566983
476.000000	170.424988	9.565100
477.000000	170.756409	9.567886
478.000000	171.088654	9.565651
479.000000	171.415939	9.564748
480.000000	171.763184	9.562668
481.000000	172.092758	9.564983
482.000000	172.410294	9.562551
483.000000	172.753281	9.562943
484.000000	173.086411	9.562747
485.000000	173.410614	9.561806
486.000000	173.746399	9.562550
487.000000	174.082993	9.562354
488.000000	174.414352	9.561962
489.000000	174.745941	9.560080
490.000000	175.084854	9.559491
491.000000	175.415237	9.561256
492.000000	175.748795	9.559687
493.000000	176.085754	9.559844
494.000000	176.414291	9.558863
495.000000	176.746002	9.558431
496.000000	177.072968	9.558470
497.000000	177.410904	9.557764
498.000000	177.754105	9.557764
499.000000	178.079971	9.555253
500.000000	178.405563	9.556587
501.000000	178.746445	9.557842
502.000000	179.071930	9.555921
503.000000	179.399734	9.555960
504.000000	179.735107	9.555410
505.000000	180.070129	9.555097
506.000000	180.408203	9.553488
507.000000	180.737839	9.552979
508.000000	181.070786	9.554508
509.000000	181.405807	9.552664
510.000000	181.727859	9.551251
511.000000	182.071426	9.551449
512.000000	182.409988	9.550272
513.000000	182.747192	9.548546
514.000000	183.088684	9.548584
515.000000	183.419785	9.547290
516.000000	183.753708	9.549212
517.000000	184.073074	9.546741
518.000000	184.417130	9.546192
519.000000	184.739334	9.546349
520.000000	185.071045	9.546860
521.000000	185.421570	9.544309
522.000000	185.755600	9.543249
523.000000	186.097214	9.539915
524.000000	186.425156	9.541445
525.000000	186.772141	9.540268
526.000000	187.102402	9.541718
527.000000	187.435196	9.539876
528.000000	187.765701	9.538895
529.000000	188.104630	9.537914
530.000000	188.440125	9.536619
531.000000	188.771225	9.535717
532.000000	189.109055	9.536345
533.000000	189.444077	9.535129
534.000000	189.776016	9.536031
535.000000	190.112869	9.533560
536.000000	190.451309	9.534266
537.000000	190.782776	9.532775
538.000000	191.104980	9.532421
539.000000	191.440598	9.532227
540.000000	191.782700	9.530775
541.000000	192.110016	9.531324
542.000000	192.452957	9.531560
543.000000	192.793732	9.528773
544.000000	193.123718	9.526812
545.000000	193.469131	9.527125
546.000000	193.802917	9.527557
547.000000	194.144806	9.526497
548.000000	194.483032	9.524261
549.000000	194.822418	9.524888
550.000000	195.157822	9.521399
551.000000	195.498444	9.522575
552.000000	195.842529	9.521439
553.000000	196.184479	9.520416
554.000000	196.526840	9.519671
555.000000	196.868195	9.520496
556.000000	197.204575	9.518613
557.000000	197.541519	9.517710
558.000000	197.889023	9.514611
559.000000	198.219498	9.516219
560.000000	198.560287	9.515396
561.000000	198.884399	9.513199
562.000000	199.229706	9.512178
563.000000	199.573120	9.511707
564.000000	199.905731	9.511473
565.000000	200.245728	9.511786
566.000000	200.579300	9.510532
567.000000	200.904907	9.506725
568.000000	201.254456	9.510335
569.000000	201.603882	9.508138
570.000000	201.940231	9.508178
571.000000	202.275879	9.504765
572.000000	202.611511	9.505628
573.000000	202.939331	9.505706
574.000000	203.289474	9.503980
575.000000	203.625122	9.502487
576.000000	203.959015	9.502254
577.000000	204.284790	9.502526
578.000000	204.629211	9.502174
579.000000	204.946060	9.501507
580.000000	205.279419	9.500918
581.000000	205.615768	9.499781
582.000000	205.957275	9.495976
583.000000	206.277405	9.497427
584.000000	206.621109	9.497428
585.000000	206.960876	9.495779
586.000000	207.268127	9.494407
587.000000	207.614502	9.494408
588.000000	207.964035	9.492210
589.000000	208.294067	9.493426
590.000000	208.638229	9.492249
591.000000	208.949875	9.489189
592.000000	209.293427	9.490680
593.000000	209.623337	9.487857
594.000000	209.944229	9.488130
595.000000	210.284607	9.486248
596.000000	210.619034	9.484405
597.000000	210.952148	9.484168
598.000000	211.279953	9.481657
599.000000	211.613037	9.481815
600.000000	211.923950	9.483030
601.000000	212.263107	9.480755
602.000000	212.600586	9.479500
603.000000	212.932922	9.476989
604.000000	213.258804	9.476283
605.000000	213.591766	9.475616
606.000000	213.922531	9.474674
607.000000	214.259003	9.473341
608.000000	214.581757	9.471692
609.000000	214.912567	9.471026
610.000000	215.228088	9.470162
611.000000	215.553802	9.469379
612.000000	215.898743	9.467377
613.000000	216.225922	9.465769
614.000000	216.582535	9.462553
615.000000	216.917038	9.462748
616.000000	217.243469	9.463493
617.000000	217.580017	9.461061
618.000000	217.918747	9.461533
619.000000	218.256119	9.460944
620.000000	218.583191	9.458748
621.000000	218.932999	9.458472
622.000000	219.263809	9.457059
623.000000	219.595383	9.457256
624.000000	219.932190	9.455844
625.000000	220.267014	9.453843
626.000000	220.603317	9.452940
627.000000	220.927094	9.451176
628.000000	221.264862	9.447723
629.000000	221.593475	9.447918
630.000000	221.931488	9.447448
631.000000	222.276550	9.447449
632.000000	222.605316	9.443015
633.000000	222.939819	9.441211
634.000000	223.281677	9.440347
635.000000	223.618469	9.439092
636.000000	223.951599	9.437091
637.000000	224.287292	9.436738
638.000000	224.611206	9.434345
639.000000	224.944016	9.435207
640.000000	225.289078	9.432579
641.000000	225.622314	9.433482
642.000000	225.967834	9.431011
643.000000	226.290161	9.430462
644.000000	226.639587	9.430697
645.000000	226.969788	9.428028
646.000000	227.312805	9.425048
647.000000	227.641891	9.424499
648.000000	227.964172	9.420850
649.000000	228.302734	9.419791
650.000000	228.643799	9.420458
651.000000	228.982315	9.416614
652.000000	229.308762	9.417751
653.000000	229.613251	9.415357
654.000000	229.968765	9.413435
655.000000	230.323792	9.413828
656.000000	230.656708	9.409944
657.000000	230.993454	9.410885
658.000000	231.342545	9.408493
659.000000	231.688080	9.408100
660.000000	232.016724	9.406296
661.000000	232.348328	9.404411
662.000000	232.693787	9.403980
663.000000	233.042969	9.401235
664.000000	233.373749	9.401588
665.000000	233.725891	9.400608
666.000000	234.065613	9.398685
667.000000	234.410004	9.397311
668.000000	234.742859	9.396527
669.000000	235.098312	9.393389
670.000000	235.433594	9.391034
671.000000	235.778244	9.390015
672.000000	236.116379	9.388563
673.000000	236.472412	9.387150
674.000000	236.803406	9.384208
675.000000	237.151093	9.383659
676.000000	237.488281	9.382914
677.000000	237.819794	9.381069
678.000000	238.166840	9.377656
679.000000	238.495361	9.375733
680.000000	238.833740	9.375577
681.000000	239.175171	9.372753
682.000000	239.519226	9.370790
683.000000	239.847092	9.367025
684.000000	240.185486	9.362946
685.000000	240.513641	9.364201
686.000000	240.846573	9.361023
687.000000	241.174973	9.361610
688.000000	241.510559	9.359532
689.000000	241.830368	9.357532
690.000000	242.158371	9.355531
691.000000	242.482513	9.354786
692.000000	242.804123	9.352589
693.000000	243.145035	9.348704
694.000000	243.474045	9.346664
695.000000	243.794327	9.344625
696.000000	244.118011	9.343841
697.000000	244.445129	9.341642
698.000000	244.782928	9.338230
699.000000	245.097961	9.337250
700.000000	245.438538	9.334072
701.000000	245.774414	9.332150
702.000000	246.101822	9.330149
703.000000	246.440918	9.327127
704.000000	246.760544	9.323872
705.000000	247.090500	9.321674
706.000000	247.409180	9.319124
707.000000	247.729752	9.317123
708.000000	248.064865	9.312298
709.000000	248.387756	9.312534
710.000000	248.729462	9.309473
711.000000	249.064865	9.307513
712.000000	249.377014	9.305630
713.000000	249.726654	9.303119
714.000000	250.057098	9.300451
715.000000	250.383316	9.300725
716.000000	250.711731	9.299078
717.000000	251.050919	9.296685
718.000000	251.388962	9.292684
719.000000	251.726334	9.289859
720.000000	252.061813	9.286759
721.000000	252.382538	9.284446
722.000000	252.728699	9.283778
723.000000	253.069702	9.280758
724.000000	253.393524	9.276443
725.000000	253.746643	9.272049
726.000000	254.086685	9.268322
727.000000	254.418579	9.266163
728.000000	254.767136	9.262121
729.000000	255.110413	9.261377
730.000000	255.442673	9.259141
731.000000	255.774338	9.255688
732.000000	256.125549	9.254043
733.000000	256.465576	9.251569
734.000000	256.819427	9.245371
735.000000	257.156311	9.241016
736.000000	257.510681	9.238701
737.000000	257.863129	9.232934
738.000000	258.200867	9.231759
739.000000	258.542511	9.229287
740.000000	258.856110	9.225246
741.000000	259.224945	9.221754
742.000000	259.557648	9.218264
743.000000	259.906403	9.215085
744.000000	260.250824	9.210575
745.000000	260.590240	9.208965
746.000000	260.937622	9.205120
747.000000	261.290344	9.203629
748.000000	261.622437	9.199628
749.000000	261.970459	9.196177
750.000000	262.306519	9.191547
751.000000	262.642487	9.188643
752.000000	262.980927	9.184563
753.000000	263.325928	9.178522
754.000000	263.661285	9.175698
755.000000	263.996033	9.173500
756.000000	264.332550	9.169735
757.000000	264.670197	9.162751
758.000000	264.999908	9.158750
759.000000	265.346405	9.156200
760.000000	265.666504	9.151962
761.000000	265.985413	9.148079
762.000000	266.325836	9.142233
763.000000	266.656311	9.141645
764.000000	266.971313	9.134112
765.000000	267.299927	9.129406
766.000000	267.621826	9.123953
767.000000	267.953003	9.121010
768.000000	268.287018	9.115125
769.000000	268.609497	9.109477
770.000000	268.931885	9.106967
771.000000	269.265503	9.103474
772.000000	269.582428	9.100689
773.000000	269.928009	9.094177
774.000000	270.244019	9.090293
775.000000	270.577606	9.084290
776.000000	270.907928	9.078602
777.000000	271.236694	9.075384
778.000000	271.568359	9.067343
779.000000	271.895599	9.063107
780.000000	272.198456	9.059222
781.000000	272.530579	9.053493
782.000000	272.860413	9.049297
783.000000	273.215607	9.041254
784.000000	273.553070	9.037371
785.000000	273.876678	9.031251
786.000000	274.197571	9.026817
787.000000	274.532562	9.019992
788.000000	274.868835	9.013008
789.000000	275.200836	9.009635
790.000000	275.527222	9.004299
791.000000	275.859863	8.999474
792.000000	276.188354	8.994805
793.000000	276.517944	8.990097
794.000000	276.847168	8.982016
795.000000	277.183838	8.977584
796.000000	277.513306	8.970444
797.000000	277.834320	8.964362
798.000000	278.190002	8.958241
799.000000	278.521729	8.952083
800.000000	278.858612	8.947572
801.000000	279.189758	8.940000
802.000000	279.529053	8.932154
803.000000	279.874268	8.927486
804.000000	280.197205	8.921798
805.000000	280.541107	8.913639
806.000000	280.884735	8.906144
807.000000	281.227051	8.901554
808.000000	281.553833	8.896808
809.000000	281.898926	8.889785
810.000000	282.236328	8.883469
811.000000	282.571503	8.876800
812.000000	282.915070	8.868561
813.000000	283.258911	8.861853
814.000000	283.609192	8.855341
815.000000	283.950775	8.848749
816.000000	284.293793	8.841885
817.000000	284.617737	8.832626
818.000000	284.969391	8.827173
819.000000	285.323395	8.818542
820.000000	285.659180	8.812304
821.000000	285.996399	8.804891
822.000000	286.330078	8.800182
823.000000	286.667053	8.793749
824.000000	287.008179	8.785000
825.000000	287.351776	8.776958
826.000000	287.684021	8.769112
827.000000	288.016541	8.761148
828.000000	288.360596	8.755107
829.000000	288.689758	8.748084
830.000000	289.035522	8.739573
831.000000	289.362671	8.732078
832.000000	289.698975	8.721171
833.000000	290.037842	8.714660
834.000000	290.360016	8.705322
835.000000	290.702850	8.701283
836.000000	291.034729	8.690886
837.000000	291.368530	8.684374
838.000000	291.693207	8.674724
839.000000	292.031281	8.666916
840.000000	292.361145	8.658363
841.000000	292.680481	8.650282
842.000000	293.005768	8.640553
843.000000	293.335785	8.631413
844.000000	293.661652	8.624194
845.000000	293.989166	8.615327
846.000000	294.329224	8.606342
847.000000	294.654602	8.600145
848.000000	294.976013	8.592456
849.000000	295.305664	8.583549
850.000000	295.632965	8.575862
851.000000	295.962158	8.565230
852.000000	296.272797	8.556051
853.000000	296.616974	8.551538
854.000000	296.950439	8.540358
855.000000	297.265594	8.531610
856.000000	297.607361	8.520939
857.000000	297.932312	8.511681
858.000000	298.263245	8.503716
859.000000	298.591949	8.495752
860.000000	298.928528	8.486610
861.000000	299.253723	8.477392
862.000000	299.596100	8.467232
863.000000	299.927734	8.459308
864.000000	300.254944	8.450128
865.000000	300.591675	8.438948
866.000000	300.917786	8.430434
867.000000	301.265930	8.422548
868.000000	301.594757	8.409837
869.000000	301.937958	8.401089
870.000000	302.277130	8.395046
871.000000	302.618103	8.385712
872.000000	302.950226	8.374294
873.000000	303.286011	8.364799
874.000000	303.627930	8.357111
875.000000	303.972168	8.348206
876.000000	304.303711	8.336711
877.000000	304.651978	8.327847
878.000000	304.990845	8.314939
879.000000	305.328278	8.307681
880.000000	305.677490	8.298108
881.000000	306.021027	8.288968
882.000000	306.353119	8.278023
883.000000	306.702789	8.269352
884.000000	307.032257	8.259703
885.000000	307.375702	8.248207
886.000000	307.719208	8.238203
887.000000	308.059021	8.227259
888.000000	308.397552	8.215763
889.000000	308.729736	8.206113
890.000000	309.072754	8.197561
891.000000	309.421844	8.187517
892.000000	309.758057	8.177710
893.000000	310.097656	8.167864
894.000000	310.428192	8.158134
895.000000	310.761688	8.145306
896.000000	311.092590	8.138363
897.000000	311.433594	8.125258
898.000000	311.766266	8.113764
899.000000	312.107727	8.103525
900.000000	312.425110	8.094423
901.000000	312.754761	8.082066
902.000000	313.083862	8.073984
903.000000	313.413147	8.061155
904.000000	313.744141	8.049543
905.000000	314.082886	8.035655
906.000000	314.408905	8.026162
907.000000	314.747559	8.015217
908.000000	315.079956	8.003408
909.000000	315.408783	7.995798
910.000000	315.736481	7.983362
911.000000	316.077271	7.971279
912.000000	316.406067	7.960059
913.000000	316.736511	7.947388
914.000000	317.063782	7.935854
915.000000	317.398712	7.923301
916.000000	317.717255	7.910393
917.000000	318.052643	7.901214
918.000000	318.359253	7.890934
919.000000	318.689606	7.877048
920.000000	319.031860	7.865670
921.000000	319.374878	7.853979
922.000000	319.704102	7.842211
923.000000	320.037170	7.827852
924.000000	320.368134	7.816554
925.000000	320.687256	7.804117
926.000000	321.022308	7.792702
927.000000	321.336548	7.779991
928.000000	321.690674	7.767319
929.000000	322.031525	7.753314
930.000000	322.362244	7.742250
931.000000	322.681702	7.728245
932.000000	323.025909	7.712985
933.000000	323.353973	7.700941
934.000000	323.702637	7.690153
935.000000	324.036163	7.676304
936.000000	324.341064	7.662298
937.000000	324.683929	7.648215
938.000000	325.013580	7.632365
939.000000	325.355927	7.617222
940.000000	325.690887	7.606591
941.000000	326.019012	7.593370
942.000000	326.351166	7.579404
943.000000	326.665710	7.564732
944.000000	327.007507	7.550726
945.000000	327.342163	7.534878
946.000000	327.681610	7.520088
947.000000	328.013062	7.506436
948.000000	328.354858	7.492273
949.000000	328.678619	7.477719
950.000000	329.022308	7.460770
951.000000	329.351318	7.446451
952.000000	329.685730	7.428092
953.000000	330.027985	7.414322
954.000000	330.348267	7.399492
955.000000	330.685333	7.384977
956.000000	331.018341	7.371286
957.000000	331.349854	7.355436
958.000000	331.687164	7.339980
959.000000	332.018433	7.320089
960.000000	332.365265	7.301691
961.000000	332.678009	7.288705
962.000000	333.014526	7.268266
963.000000	333.371338	7.251398
964.000000	333.701050	7.233821
965.000000	334.036499	7.216128
966.000000	334.369873	7.199142
967.000000	334.704163	7.182156
968.000000	335.044739	7.164187
969.000000	335.365417	7.145867
970.000000	335.709198	7.127232
971.000000	336.040771	7.108480
972.000000	336.377045	7.090082
973.000000	336.705750	7.072624
974.000000	337.040924	7.051949
975.000000	337.362579	7.031824
976.000000	337.692963	7.013228
977.000000	338.029907	6.993966
978.000000	338.346313	6.974860
979.000000	338.693451	6.954461
980.000000	339.030548	6.933315
981.000000	339.365295	6.911699
982.000000	339.704285	6.892790
983.000000	340.032349	6.870939
984.000000	340.371918	6.849009
985.000000	340.707336	6.826607
986.000000	341.057556	6.802991
987.000000	341.372528	6.782826
988.000000	341.729614	6.761210
989.000000	342.059540	6.737436
990.000000	342.392487	6.714918
991.000000	342.732330	6.693302
992.000000	343.068878	6.670901
993.000000	343.400208	6.647834
994.000000	343.739716	6.622452
995.000000	344.076172	6.599502
996.000000	344.406281	6.576866
997.000000	344.743561	6.548737
998.000000	345.089325	6.525316
999.000000	345.391205	6.503778
1000.000000	345.736053	6.481967
1001.000000	346.075104	6.453760
1002.000000	346.419800	6.426378
1003.000000	346.746460	6.403035
1004.000000	347.073456	6.375809
1005.000000	347.409729	6.351133
1006.000000	347.745972	6.322298
1007.000000	348.063110	6.299348
1008.000000	348.387085	6.272554
1009.000000	348.722504	6.244818
1010.000000	349.045410	6.217513
1011.000000	349.382874	6.192524
1012.000000	349.710297	6.164945
1013.000000	350.040405	6.137248
1014.000000	350.362518	6.109119
1015.000000	350.687805	6.084953
1016.000000	351.018188	6.055844
1017.000000	351.348999	6.027951
1018.000000	351.683167	5.998764
1019.000000	352.016113	5.971734
1020.000000	352.348145	5.945371
1021.000000	352.688110	5.917870
1022.000000	353.023865	5.888996
1023.000000	353.349365	5.861927
1024.000000	353.686096	5.831367
1025.000000	354.018219	5.803042
1026.000000	354.353882	5.777660
1027.000000	354.688202	5.748276
1028.000000	355.031219	5.722031
1029.000000	355.361725	5.689901
1030.000000	355.696320	5.662831
1031.000000	356.042236	5.633840
1032.000000	356.362946	5.604535
1033.000000	356.714691	5.575896
1034.000000	357.054749	5.548199
1035.000000	357.397400	5.518541
1036.000000	357.732819	5.491158
1037.000000	358.071777	5.464678
1038.000000	358.421967	5.431841
1039.000000	358.738037	5.406224
1040.000000	359.084076	5.379037
1041.000000	359.421509	5.346554
1042.000000	359.765656	5.319643
1043.000000	360.104279	5.290494
1044.000000	360.440308	5.264170
1045.000000	360.772186	5.235493
1046.000000	361.117188	5.206462
1047.000000	361.451141	5.179001
1048.000000	361.786255	5.151774
1049.000000	362.118439	5.122940
1050.000000	362.446320	5.094105
1051.000000	362.801361	5.068841
1052.000000	363.137268	5.039614
1053.000000	363.477753	5.012074
1054.000000	363.806335	4.985554
1055.000000	364.144012	4.960525
1056.000000	364.472931	4.933103
1057.000000	364.813049	4.905562
1058.000000	365.139282	4.880769
1059.000000	365.471863	4.852445
1060.000000	365.822662	4.826160
1061.000000	366.150146	4.800386
1062.000000	366.486969	4.778416
1063.000000	366.821167	4.754015
1064.000000	367.160889	4.726906
1065.000000	367.497894	4.701956
1066.000000	367.831879	4.678261
1067.000000	368.171021	4.653624
1068.000000	368.493286	4.630085
1069.000000	368.823212	4.605762
1070.000000	369.156647	4.585480
1071.000000	369.474976	4.561157
1072.000000	369.804993	4.540209
1073.000000	370.135254	4.517258
1074.000000	370.459167	4.492857
1075.000000	370.787689	4.471554
1076.000000	371.113312	4.451626
1077.000000	371.448242	4.431343
1078.000000	371.786530	4.408276
1079.000000	372.110657	4.388660
1080.000000	372.440125	4.371477
1081.000000	372.764618	4.351274
1082.000000	373.083862	4.331776
1083.000000	373.418213	4.315181
1084.000000	373.748566	4.291486
1085.000000	374.076233	4.277559
1086.000000	374.399414	4.260768
1087.000000	374.733276	4.242252
1088.000000	375.058563	4.225186
1089.000000	375.391388	4.208042
1090.000000	375.723175	4.192311
1091.000000	376.059753	4.177952
1092.000000	376.387024	4.165124
1093.000000	376.716553	4.148294
1094.000000	377.031189	4.134250
1095.000000	377.358643	4.120990
1096.000000	377.707642	4.105062
1097.000000	378.043427	4.091646
1098.000000	378.382324	4.079601
1099.000000	378.726318	4.069009
1100.000000	379.053070	4.057005
1101.000000	379.399414	4.042019
1102.000000	379.727539	4.031976
1103.000000	380.061371	4.017068
1104.000000	380.388458	4.008673
1105.000000	380.739746	3.998434
1106.000000	381.081024	3.987763
1107.000000	381.402649	3.979682
1108.000000	381.740723	3.972188
1109.000000	382.072845	3.960223
1110.000000	382.413849	3.952063
1111.000000	382.759033	3.942687
1112.000000	383.098724	3.935900
1113.000000	383.423126	3.926916
1114.000000	383.765564	3.919031
1115.000000	384.100433	3.909027
1116.000000	384.439575	3.905183
1117.000000	384.772827	3.896944
1118.000000	385.109039	3.888510
1119.000000	385.449707	3.884468
1120.000000	385.783508	3.880036
1121.000000	386.110046	3.872856
1122.000000	386.452759	3.867717
1123.000000	386.788666	3.857792
1124.000000	387.130371	3.855556
1125.000000	387.473572	3.850573
1126.000000	387.808929	3.842688
1127.000000	388.150146	3.836371
1128.000000	388.484131	3.831703
1129.000000	388.818970	3.828173
1130.000000	389.165161	3.820797
1131.000000	389.484344	3.815423
1132.000000	389.832977	3.810087
1133.000000	390.177368	3.807655
1134.000000	390.510498	3.801300
1135.000000	390.846222	3.797534
1136.000000	391.171417	3.791335
1137.000000	391.491730	3.789648
1138.000000	391.833435	3.784117
1139.000000	392.169312	3.782744
1140.000000	392.506531	3.779840
1141.000000	392.837769	3.773093
1142.000000	393.169983	3.770465
1143.000000	393.499573	3.766698
1144.000000	393.834381	3.761010
1145.000000	394.171631	3.757754
1146.000000	394.514832	3.753791
1147.000000	394.839539	3.749123
1148.000000	395.177246	3.744376
1149.000000	395.519043	3.740061
1150.000000	395.847168	3.737118
1151.000000	396.173065	3.732725
1152.000000	396.503021	3.731665
1153.000000	396.835571	3.728488
1154.000000	397.155640	3.724643
1155.000000	397.495209	3.719386
1156.000000	397.839539	3.715110
1157.000000	398.168091	3.711344
1158.000000	398.498535	3.707146
1159.000000	398.836761	3.703615
1160.000000	399.167358	3.699888
1161.000000	399.500977	3.694985
1162.000000	399.844879	3.693572
1163.000000	400.178101	3.689610
1164.000000	400.507813	3.686079
1165.000000	400.830872	3.683333
1166.000000	401.166168	3.680234
1167.000000	401.500336	3.676978
1168.000000	401.816071	3.676743
1169.000000	402.156128	3.669642
1170.000000	402.488647	3.665993
1171.000000	402.817505	3.662776
1172.000000	403.152893	3.659755
1173.000000	403.493317	3.654499
1174.000000	403.822021	3.651871
1175.000000	404.145874	3.648222
1176.000000	404.473999	3.644063
1177.000000	404.821411	3.640297
1178.000000	405.140656	3.636531
1179.000000	405.479401	3.633707
1180.000000	405.812561	3.633549
1181.000000	406.142517	3.628253
1182.000000	406.492279	3.624840
1183.000000	406.820557	3.618642
1184.000000	407.155151	3.614287
1185.000000	407.493103	3.610325
1186.000000	407.828064	3.609462
1187.000000	408.157440	3.605931
1188.000000	408.488342	3.601459
1189.000000	408.827972	3.598477
1190.000000	409.166626	3.593299
1191.000000	409.502014	3.588905
1192.000000	409.838318	3.586590
1193.000000	410.156830	3.584511
1194.000000	410.482697	3.581334
1195.000000	410.821228	3.578745
1196.000000	411.165558	3.576861
1197.000000	411.492798	3.573880
1198.000000	411.827393	3.571095
1199.000000	412.166870	3.567995
1200.000000	412.493500	3.564661
1201.000000	412.829834	3.561679
1202.000000	413.151794	3.555010
1203.000000	413.490509	3.554696
1204.000000	413.813812	3.551401
1205.000000	414.150757	3.545321
1206.000000	414.508148	3.543829
1207.000000	414.843262	3.541318
1208.000000	415.178558	3.537277
1209.000000	415.513916	3.533669
1210.000000	415.851990	3.531197
1211.000000	416.187836	3.527470
1212.000000	416.525726	3.525273
1213.000000	416.853851	3.521429
1214.000000	417.196472	3.514995
1215.000000	417.538452	3.513308
1216.000000	417.875488	3.508992
1217.000000	418.198273	3.505775
1218.000000	418.540405	3.505383
1219.000000	418.886261	3.501578
1220.000000	419.214355	3.498989
1221.000000	419.557709	3.494006
1222.000000	419.880463	3.490868
1223.000000	420.205170	3.488671
1224.000000	420.541138	3.485650
1225.000000	420.864594	3.482865
1226.000000	421.198761	3.481100
1227.000000	421.542267	3.476274
1228.000000	421.879272	3.472861
1229.000000	422.201599	3.469919
1230.000000	422.522247	3.465132
1231.000000	422.858032	3.461327
1232.000000	423.196564	3.460111
1233.000000	423.530212	3.457993
1234.000000	423.860382	3.454619
1235.000000	424.186523	3.450342
1236.000000	424.512695	3.447989
1237.000000	424.847778	3.443438
1238.000000	425.196472	3.438142
1239.000000	425.536987	3.437397
1240.000000	425.858246	3.434180
1241.000000	426.194458	3.431159
1242.000000	426.530792	3.427040
1243.000000	426.862427	3.422568
1244.000000	427.207214	3.419978
1245.000000	427.514496	3.417624
1246.000000	427.871857	3.414015
1247.000000	428.206909	3.411308
1248.000000	428.544556	3.408013
1249.000000	428.880646	3.406639
1250.000000	429.205017	3.404051
1251.000000	429.543091	3.400951
1252.000000	429.867065	3.397734
1253.000000	430.190948	3.395145
1254.000000	430.530518	3.391144
1255.000000	430.863281	3.386711
1256.000000	431.202911	3.384004
1257.000000	431.531281	3.381728
1258.000000	431.864136	3.380395
1259.000000	432.201355	3.377805
1260.000000	432.541351	3.375844
1261.000000	432.869873	3.371607
1262.000000	433.190033	3.366821
1263.000000	433.517700	3.363957
1264.000000	433.855408	3.361799
1265.000000	434.184753	3.357758
1266.000000	434.507324	3.355326
1267.000000	434.863129	3.355601
1268.000000	435.193481	3.350932
1269.000000	435.523926	3.345793
1270.000000	435.859711	3.341948
1271.000000	436.177734	3.340889
1272.000000	436.518341	3.339085
1273.000000	436.849457	3.336103
1274.000000	437.190704	3.332926
1275.000000	437.519531	3.329434
1276.000000	437.846436	3.327982
1277.000000	438.178314	3.325158
1278.000000	438.531036	3.322922
1279.000000	438.858398	3.317939
1280.000000	439.196869	3.314605
1281.000000	439.521332	3.310681
1282.000000	439.871613	3.308210
1283.000000	440.201660	3.304091
1284.000000	440.547791	3.304012
1285.000000	440.878204	3.300835
1286.000000	441.231049	3.297186
1287.000000	441.565430	3.294990
1288.000000	441.901398	3.292322
1289.000000	442.236511	3.290007
1290.000000	442.571625	3.286907
1291.000000	442.908234	3.283651
1292.000000	443.233093	3.280670
1293.000000	443.568207	3.278552
1294.000000	443.900757	3.277336
1295.000000	444.236938	3.276277
1296.000000	444.560913	3.274040
1297.000000	444.898926	3.272589
1298.000000	445.227570	3.270392
1299.000000	445.557892	3.263722
1300.000000	445.884521	3.261683
1301.000000	446.214233	3.258819
1302.000000	446.539642	3.256033
1303.000000	446.875427	3.255916
1304.000000	447.208923	3.254699
1305.000000	447.533966	3.248933
1306.000000	447.856445	3.248226
1307.000000	448.194672	3.243362
1308.000000	448.533386	3.240890
1309.000000	448.874268	3.237988
1310.000000	449.218384	3.236300
1311.000000	449.528015	3.232613
1312.000000	449.868439	3.231671
1313.000000	450.210297	3.230416
1314.000000	450.546967	3.227160
1315.000000	450.887939	3.223158
1316.000000	451.225708	3.220255
1317.000000	451.563507	3.215665
1318.000000	451.880951	3.212448
1319.000000	452.226257	3.210055
1320.000000	452.573914	3.207858
1321.000000	452.891205	3.207348
1322.000000	453.240265	3.203621
1323.000000	453.562103	3.201346
1324.000000	453.891144	3.200718
1325.000000	454.231049	3.197776
1326.000000	454.569183	3.193931
1327.000000	454.898071	3.193774
1328.000000	455.219177	3.190283
1329.000000	455.566437	3.188714
1330.000000	455.893402	3.186831
1331.000000	456.237885	3.183457
1332.000000	456.576691	3.181809
1333.000000	456.910431	3.179416
1334.000000	457.247894	3.176905
1335.000000	457.590607	3.176827
1336.000000	457.928314	3.173139
1337.000000	458.265381	3.172747
1338.000000	458.599640	3.169922
1339.000000	458.942719	3.167058
1340.000000	459.272949	3.164901
1341.000000	459.607208	3.160468
1342.000000	459.938995	3.158349
1343.000000	460.285431	3.155878
1344.000000	460.610535	3.157016
1345.000000	460.954285	3.154426
1346.000000	461.282806	3.153327
1347.000000	461.610840	3.151209
1348.000000	461.940186	3.147051
1349.000000	462.272705	3.142892
1350.000000	462.600677	3.141872
1351.000000	462.930359	3.140774
1352.000000	463.261566	3.136537
1353.000000	463.594360	3.135556
1354.000000	463.931580	3.131241
1355.000000	464.256104	3.132261
1356.000000	464.584900	3.130103
1357.000000	464.911224	3.128260
1358.000000	465.232758	3.125278
1359.000000	465.561890	3.122807
1360.000000	465.898529	3.120335
1361.000000	466.224884	3.117039
1362.000000	466.548370	3.114685
1363.000000	466.869873	3.110213
1364.000000	467.199219	3.108605
1365.000000	467.528839	3.106918
1366.000000	467.861908	3.105231
1367.000000	468.185181	3.103230
1368.000000	468.525024	3.102288
1369.000000	468.856232	3.101112
1370.000000	469.175049	3.100994
1371.000000	469.493408	3.098287
1372.000000	469.842041	3.095659
1373.000000	470.177032	3.092716
1374.000000	470.523865	3.091304
1375.000000	470.852081	3.088872
1376.000000	471.181580	3.086832
1377.000000	471.506592	3.084909
1378.000000	471.846191	3.085341
1379.000000	472.159119	3.084556
1380.000000	472.511230	3.081614
1381.000000	472.856628	3.080319
1382.000000	473.188751	3.077534
1383.000000	473.524933	3.076475
1384.000000	473.841248	3.076279
1385.000000	474.180420	3.075377
1386.000000	474.521576	3.071100
1387.000000	474.870697	3.071650
1388.000000	475.228760	3.067609
1389.000000	475.573029	3.067138
1390.000000	475.907593	3.065255
1391.000000	476.237091	3.063097
1392.000000	476.568146	3.061567
1393.000000	476.883179	3.060979
1394.000000	477.232910	3.056350
1395.000000	477.566650	3.057919
1396.000000	477.893433	3.055016
1397.000000	478.229736	3.051054
1398.000000	478.568054	3.049955
1399.000000	478.895050	3.048660
1400.000000	479.223969	3.047640
1401.000000	479.563171	3.045443
1402.000000	479.901978	3.044345
1403.000000	480.222595	3.039284
1404.000000	480.565186	3.040108
1405.000000	480.892273	3.036067
1406.000000	481.235718	3.037284
1407.000000	481.563599	3.034145
1408.000000	481.907715	3.034106
1409.000000	482.241333	3.032027
1410.000000	482.582458	3.031320
1411.000000	482.921417	3.028456
1412.000000	483.256531	3.028574
1413.000000	483.593140	3.026731
1414.000000	483.924408	3.024416
1415.000000	484.267212	3.023239
1416.000000	484.592773	3.020336
1417.000000	484.925049	3.017394
1418.000000	485.276398	3.014883
1419.000000	485.611206	3.013157
1420.000000	485.945068	3.010567
1421.000000	486.277100	3.009547
1422.000000	486.598480	3.008959
1423.000000	486.924835	3.007978
1424.000000	487.259460	3.004683
1425.000000	487.604279	3.006605
1426.000000	487.929932	3.004133
1427.000000	488.261566	3.000956
1428.000000	488.594116	3.000956
1429.000000	488.928467	2.999112
1430.000000	489.253784	2.998053
1431.000000	489.589478	2.996954
1432.000000	489.924500	2.996484
1433.000000	490.268311	2.992561
1434.000000	490.592041	2.991619
1435.000000	490.915405	2.990050
1436.000000	491.257813	2.988951
1437.000000	491.575806	2.989069
1438.000000	491.895691	2.986401
1439.000000	492.223328	2.985303
1440.000000	492.549194	2.984871
1441.000000	492.896484	2.980007
1442.000000	493.222778	2.979340
1443.000000	493.546753	2.977575
1444.000000	493.879517	2.976986
1445.000000	494.218262	2.976084
1446.000000	494.544800	2.976045
1447.000000	494.884644	2.973848
1448.000000	495.223145	2.973926
1449.000000	495.543884	2.971258
1450.000000	495.869263	2.968591
1451.000000	496.204437	2.967335
1452.000000	496.533142	2.967021
1453.000000	496.862823	2.966158
1454.000000	497.184448	2.961803
1455.000000	497.518829	2.962942
1456.000000	497.856049	2.962196
1457.000000	498.201508	2.957527
1458.000000	498.540955	2.956704
1459.000000	498.891541	2.956547
1460.000000	499.225220	2.954232
1461.000000	499.562103	2.953879
1462.000000	499.900238	2.953212
1463.000000	500.246094	2.950976
1464.000000	500.584015	2.950152
1465.000000	500.895538	2.949250
1466.000000	501.256287	2.946151
1467.000000	501.593933	2.944739
1468.000000	501.935577	2.943287
1469.000000	502.278900	2.942777
1470.000000	502.629761	2.940698
1471.000000	502.959747	2.938814
1472.000000	503.304688	2.936657
1473.000000	503.627136	2.933911
1474.000000	503.961456	2.933126
1475.000000	504.290070	2.931792
1476.000000	504.627563	2.931832
1477.000000	504.960938	2.929556
1478.000000	505.295532	2.928771
1479.000000	505.629669	2.926222
1480.000000	505.959167	2.926418
1481.000000	506.295776	2.925358
1482.000000	506.614532	2.924221
1483.000000	506.943939	2.921475
1484.000000	507.267853	2.920258
1485.000000	507.588623	2.919788
1486.000000	507.943115	2.918689
1487.000000	508.273560	2.917630
1488.000000	508.609222	2.914256
1489.000000	508.945068	2.912295
1490.000000	509.267456	2.912766
1491.000000	509.611359	2.911000
1492.000000	509.936462	2.909352
1493.000000	510.269226	2.907587
1494.000000	510.605103	2.905665
1495.000000	510.925140	2.901546
1496.000000	511.259613	2.902723
1497.000000	511.594116	2.900447
1498.000000	511.920349	2.898407
1499.000000	512.245483	2.898171
1500.000000	512.559570	2.897779
1501.000000	512.889526	2.895857
1502.000000	513.213440	2.894366
1503.000000	513.543884	2.892483
1504.000000	513.876099	2.890130
1505.000000	514.205872	2.887462
1506.000000	514.505493	2.888757
1507.000000	514.861328	2.885618
1508.000000	515.190979	2.886128
1509.000000	515.513306	2.883342
1510.000000	515.857788	2.883107
1511.000000	516.179626	2.882322
1512.000000	516.515991	2.880243
1513.000000	516.848633	2.878595
1514.000000	517.186646	2.878517
1515.000000	517.510071	2.877968
1516.000000	517.855713	2.877379
1517.000000	518.185303	2.874516
1518.000000	518.526367	2.874869
1519.000000	518.857178	2.875065
1520.000000	519.196716	2.873103
1521.000000	519.540283	2.871063
1522.000000	519.869507	2.870357
1523.000000	520.206787	2.868788
1524.000000	520.538696	2.867493
1525.000000	520.869019	2.867179
1526.000000	521.221741	2.868395
1527.000000	521.533997	2.865061
1528.000000	521.874084	2.863178
1529.000000	522.202820	2.862629
1530.000000	522.535950	2.859490
1531.000000	522.866699	2.859490
1532.000000	523.190613	2.856744
1533.000000	523.541199	2.856627
1534.000000	523.876343	2.854273
1535.000000	524.213562	2.852350
1536.000000	524.543091	2.851291
1537.000000	524.869568	2.849133
1538.000000	525.215393	2.849173
1539.000000	525.544678	2.849173
1540.000000	525.880859	2.846858
1541.000000	526.216614	2.842974
1542.000000	526.557495	2.845132
1543.000000	526.877563	2.842817
1544.000000	527.206421	2.842111
1545.000000	527.559570	2.840738
1546.000000	527.882690	2.838737
1547.000000	528.211792	2.838737
1548.000000	528.546326	2.837090
1549.000000	528.862671	2.835324
1550.000000	529.189636	2.835206
1551.000000	529.523682	2.833990
1552.000000	529.865967	2.831440
1553.000000	530.189697	2.830577
1554.000000	530.522156	2.828773
1555.000000	530.851807	2.827360
1556.000000	531.185791	2.824849
1557.000000	531.524658	2.825830
1558.000000	531.858093	2.824143
1559.000000	532.188416	2.824261
1560.000000	532.531921	2.821711
1561.000000	532.856689	2.819906
1562.000000	533.196350	2.816219
1563.000000	533.523254	2.815670
1564.000000	533.833496	2.814767
1565.000000	534.183594	2.814728
1566.000000	534.517822	2.811236
1567.000000	534.842285	2.811158
1568.000000	535.193970	2.811393
1569.000000	535.504517	2.811041
1570.000000	535.858582	2.808255
1571.000000	536.187866	2.808059
1572.000000	536.511475	2.805548
1573.000000	536.841980	2.806175
1574.000000	537.186340	2.804332
1575.000000	537.513611	2.802959
1576.000000	537.854309	2.803665
1577.000000	538.181580	2.801076
1578.000000	538.511902	2.800488
1579.000000	538.842285	2.800213
1580.000000	539.184814	2.798918
1581.000000	539.515320	2.799075
1582.000000	539.838623	2.797035
1583.000000	540.175537	2.794878
1584.000000	540.510559	2.795230
1585.000000	540.846313	2.794171
1586.000000	541.182129	2.793583
1587.000000	541.506348	2.790366
1588.000000	541.845337	2.788090
1589.000000	542.175781	2.790483
1590.000000	542.513062	2.788051
1591.000000	542.837280	2.786600
1592.000000	543.169678	2.786011
1593.000000	543.507568	2.784874
1594.000000	543.824158	2.783265
1595.000000	544.161865	2.781578
1596.000000	544.493164	2.780519
1597.000000	544.837952	2.778479
1598.000000	545.134521	2.780009
1599.000000	545.481689	2.778400
1600.000000	545.816895	2.778086
1601.000000	546.143616	2.778244
1602.000000	546.476257	2.777459
1603.000000	546.806824	2.776361
1604.000000	547.121521	2.774831
1605.000000	547.464905	2.771967
1606.000000	547.792297	2.773300
1607.000000	548.127808	2.771339
1608.000000	548.479797	2.770358
1609.000000	548.793762	2.768946
1610.000000	549.128418	2.768122
1611.000000	549.456421	2.766200
1612.000000	549.802429	2.765376
1613.000000	550.138428	2.767142
1614.000000	550.467529	2.766082
1615.000000	550.803772	2.761727
1616.000000	551.140808	2.760119
1617.000000	551.463318	2.761060
1618.000000	551.791199	2.758550
1619.000000	552.114014	2.758158
1620.000000	552.433594	2.757295
1621.000000	552.774170	2.755019
1622.000000	553.093262	2.754509
1623.000000	553.414734	2.753175
1624.000000	553.749390	2.751488
1625.000000	554.083191	2.751684
1626.000000	554.411133	2.750743
1627.000000	554.736023	2.749370
1628.000000	555.075745	2.747879
1629.000000	555.409973	2.746859
1630.000000	555.767334	2.745957
1631.000000	556.086670	2.744662
1632.000000	556.427002	2.745211
1633.000000	556.778748	2.742465
1634.000000	557.116211	2.742543
1635.000000	557.441101	2.741877
1636.000000	557.764587	2.740229
1637.000000	558.102783	2.740582
1638.000000	558.438416	2.737679
1639.000000	558.751953	2.734894
1640.000000	559.104614	2.735325
1641.000000	559.455078	2.735208
1642.000000	559.778625	2.732854
1643.000000	560.114014	2.731324
1644.000000	560.446655	2.731363
1645.000000	560.777344	2.729009
1646.000000	561.113586	2.728381
1647.000000	561.455078	2.728578
1648.000000	561.789673	2.726969
1649.000000	562.123047	2.725949
1650.000000	562.461182	2.723988
1651.000000	562.790161	2.724380
1652.000000	563.130249	2.723360
1653.000000	563.455566	2.722301
1654.000000	563.788330	2.719908
1655.000000	564.120850	2.720496
1656.000000	564.454041	2.719123
1657.000000	564.787354	2.717868
1658.000000	565.120850	2.716534
1659.000000	565.455933	2.715200
1660.000000	565.789429	2.712023
1661.000000	566.133301	2.714768
1662.000000	566.464172	2.713317
1663.000000	566.795349	2.712140
1664.000000	567.128662	2.709512
1665.000000	567.460693	2.709708
1666.000000	567.783081	2.708374
1667.000000	568.121094	2.708688
1668.000000	568.464844	2.707197
1669.000000	568.800232	2.706923
1670.000000	569.134583	2.705902
1671.000000	569.454956	2.705549
1672.000000	569.795776	2.703313
1673.000000	570.106750	2.702371
1674.000000	570.445801	2.702489
1675.000000	570.787842	2.700920
1676.000000	571.111633	2.700645
1677.000000	571.447144	2.699272
1678.000000	571.782715	2.697546
1679.000000	572.100647	2.694879
1680.000000	572.434021	2.696016
1681.000000	572.773926	2.692996
1682.000000	573.097168	2.695507
1683.000000	573.438660	2.692564
1684.000000	573.767578	2.691505
1685.000000	574.099976	2.689229
1686.000000	574.427734	2.688092
1687.000000	574.757996	2.687425
1688.000000	575.102600	2.686130
1689.000000	575.433411	2.682560
1690.000000	575.749390	2.684247
1691.000000	576.098145	2.682638
1692.000000	576.428589	2.683188
1693.000000	576.760437	2.680756
1694.000000	577.100037	2.680207
1695.000000	577.443848	2.678324
1696.000000	577.776978	2.677656
1697.000000	578.109924	2.678363
1698.000000	578.424866	2.678049
1699.000000	578.763855	2.676283
1700.000000	579.104736	2.676126
1701.000000	579.428284	2.674047
1702.000000	579.764893	2.674086
1703.000000	580.107727	2.674753
1704.000000	580.424072	2.672674
1705.000000	580.760742	2.672752
1706.000000	581.096375	2.670869
1707.000000	581.424561	2.668947
1708.000000	581.754639	2.669497
1709.000000	582.073730	2.668751
1710.000000	582.412964	2.667456
1711.000000	582.765869	2.666280
1712.000000	583.099976	2.667103
1713.000000	583.414612	2.662278
1714.000000	583.768738	2.661611
1715.000000	584.100586	2.662827
1716.000000	584.428894	2.661493
1717.000000	584.771362	2.661533
1718.000000	585.091797	2.659689
1719.000000	585.442688	2.660120
1720.000000	585.756836	2.658786
1721.000000	586.097412	2.658080
1722.000000	586.422180	2.655962
1723.000000	586.750488	2.655452
1724.000000	587.097168	2.655530
1725.000000	587.429810	2.653608
1726.000000	587.749939	2.651019
1727.000000	588.088074	2.652392
1728.000000	588.426636	2.650705
1729.000000	588.751648	2.649999
1730.000000	589.094543	2.649489
1731.000000	589.413574	2.645801
1732.000000	589.762268	2.647841
1733.000000	590.097900	2.645095
1734.000000	590.420959	2.645252
1735.000000	590.749207	2.645958
1736.000000	591.081665	2.644271
1737.000000	591.423828	2.645683
1738.000000	591.756653	2.643251
1739.000000	592.092346	2.640858
1740.000000	592.404907	2.641250
1741.000000	592.783691	2.638190
1742.000000	593.127686	2.636307
1743.000000	593.467468	2.635170
1744.000000	593.799866	2.635837
1745.000000	594.116089	2.633130
1746.000000	594.438721	2.632816
1747.000000	594.792786	2.630815
1748.000000	595.133789	2.632031
1749.000000	595.459167	2.631639
1750.000000	595.789001	2.630148
1751.000000	596.126465	2.628383
1752.000000	596.452148	2.629207
1753.000000	596.775452	2.629010
1754.000000	597.129395	2.627716
1755.000000	597.455872	2.626970
1756.000000	597.795593	2.625676
1757.000000	598.131042	2.624264
1758.000000	598.458008	2.623675
1759.000000	598.788208	2.622380
1760.000000	599.120911	2.622616
1761.000000	599.452271	2.622184
1762.000000	599.778748	2.617594
1763.000000	600.105225	2.617045
1764.000000	600.449829	2.615907
1765.000000	600.793640	2.615201
1766.000000	601.128845	2.616849
1767.000000	601.469177	2.614691
1768.000000	601.791504	2.612376
1769.000000	602.135437	2.610611
1770.000000	602.452698	2.609042
1771.000000	602.784668	2.610964
1772.000000	603.116760	2.607080
1773.000000	603.452148	2.605982
1774.000000	603.788574	2.607591
1775.000000	604.127258	2.606256
1776.000000	604.447510	2.605982
1777.000000	604.766846	2.604962
1778.000000	605.101501	2.602177
1779.000000	605.445862	2.601941
1780.000000	605.773438	2.602569
1781.000000	606.106262	2.601470
1782.000000	606.436584	2.600254
1783.000000	606.772766	2.598567
1784.000000	607.115173	2.598803
1785.000000	607.445190	2.598450
1786.000000	607.773987	2.595782
1787.000000	608.103638	2.595507
1788.000000	608.435120	2.594409
1789.000000	608.766052	2.593821
1790.000000	609.093262	2.592094
1791.000000	609.434692	2.592604
1792.000000	609.759949	2.590172
1793.000000	610.110901	2.589309
1794.000000	610.446716	2.588878
1795.000000	610.777710	2.589034
1796.000000	611.101624	2.587191
1797.000000	611.447937	2.588603
1798.000000	611.771851	2.586249
1799.000000	612.095947	2.585033
1800.000000	612.430481	2.583699
1801.000000	612.762939	2.583346
1802.000000	613.089294	2.582875
1803.000000	613.415283	2.582522
1804.000000	613.758057	2.582208
1805.000000	614.103760	2.582090
1806.000000	614.429443	2.580914
1807.000000	614.765625	2.579384
1808.000000	615.092773	2.576637
1809.000000	615.412231	2.577854
1810.000000	615.766052	2.577383
1811.000000	616.114502	2.577226
1812.000000	616.445313	2.575068
1813.000000	616.784668	2.574284
1814.000000	617.114441	2.574754
1815.000000	617.440369	2.573499
1816.000000	617.767090	2.572715
1817.000000	618.114990	2.572715
1818.000000	618.437988	2.570910
1819.000000	618.765137	2.571302
1820.000000	619.113037	2.571342
1821.000000	619.438354	2.569223
1822.000000	619.762878	2.569301
1823.000000	620.104248	2.567850
1824.000000	620.432861	2.567771
1825.000000	620.762939	2.566947
1826.000000	621.096924	2.564398
1827.000000	621.407959	2.565417
1828.000000	621.734497	2.562515
1829.000000	622.075867	2.563142
1830.000000	622.408752	2.559690
1831.000000	622.741455	2.562161
1832.000000	623.082275	2.559062
1833.000000	623.402649	2.560474
1834.000000	623.725220	2.558238
1835.000000	624.067810	2.556473
1836.000000	624.394592	2.555688
1837.000000	624.720276	2.552668
1838.000000	625.013428	2.556159
1839.000000	625.360596	2.554629
1840.000000	625.683289	2.553334
1841.000000	626.072632	2.554904
1842.000000	626.409607	2.552157
1843.000000	626.748779	2.550235
1844.000000	627.080627	2.548313
1845.000000	627.407715	2.548548
1846.000000	627.756836	2.547450
1847.000000	628.101196	2.547646
1848.000000	628.433105	2.548234
1849.000000	628.759766	2.547175
1850.000000	629.101563	2.545959
1851.000000	629.434082	2.548195
1852.000000	629.768066	2.545645
1853.000000	630.119812	2.541919
1854.000000	630.448792	2.539761
1855.000000	630.786133	2.541840
1856.000000	631.123718	2.540506
1857.000000	631.454102	2.539015
1858.000000	631.783691	2.538466
1859.000000	632.113525	2.538545
1860.000000	632.443359	2.538152
1861.000000	632.776428	2.536347
1862.000000	633.109375	2.533876
1863.000000	633.427246	2.533209
1864.000000	633.772461	2.533758
1865.000000	634.112305	2.533327
1866.000000	634.445068	2.529757
1867.000000	634.762756	2.532307
1868.000000	635.087646	2.530698
1869.000000	635.415771	2.528384
1870.000000	635.741821	2.529325
1871.000000	636.076843	2.526972
1872.000000	636.413391	2.527286
1873.000000	636.740845	2.526854
1874.000000	637.072937	2.528149
1875.000000	637.403625	2.526069
1876.000000	637.725403	2.525049
1877.000000	638.071289	2.522499
1878.000000	638.408630	2.523833
1879.000000	638.740967	2.522695
1880.000000	639.080078	2.521479
1881.000000	639.413696	2.520851
1882.000000	639.752686	2.522029
1883.000000	640.089111	2.518929
1884.000000	640.417725	2.518851
1885.000000	640.755920	2.518851
1886.000000	641.121033	2.518929
1887.000000	641.450500	2.515477
1888.000000	641.786072	2.515398
1889.000000	642.115479	2.512691
1890.000000	642.448547	2.513163
1891.000000	642.777527	2.513515
1892.000000	643.121826	2.510573
1893.000000	643.437988	2.510299
1894.000000	643.784546	2.510769
1895.000000	644.113586	2.509671
1896.000000	644.446533	2.507435
1897.000000	644.770142	2.506650
1898.000000	645.122192	2.506336
1899.000000	645.441650	2.505748
1900.000000	645.775146	2.506611
1901.000000	646.116211	2.503433
1902.000000	646.455078	2.503551
1903.000000	646.784363	2.501746
1904.000000	647.111572	2.503629
1905.000000	647.439209	2.500060
1906.000000	647.764160	2.501197
1907.000000	648.073425	2.500491
1908.000000	648.375732	2.502060
1909.000000	648.744690	2.499667
1910.000000	649.078247	2.498451
1911.000000	649.405884	2.496293
1912.000000	649.692627	2.497313
1913.000000	650.048462	2.494332
1914.000000	650.395996	2.494410
1915.000000	650.724854	2.494214
1916.000000	651.043335	2.491821
1917.000000	651.373535	2.490448
1918.000000	651.695007	2.490173
1919.000000	652.017700	2.490134
1920.000000	652.354248	2.489663
1921.000000	652.685547	2.489349
1922.000000	653.004456	2.486171
1923.000000	653.332520	2.484367
1924.000000	653.673645	2.486250
1925.000000	654.006470	2.484092
1926.000000	654.333984	2.483778
1927.000000	654.673096	2.480875
1928.000000	655.010376	2.482523
1929.000000	655.336548	2.482602
1930.000000	655.684143	2.480405
1931.000000	656.029419	2.479777
1932.000000	656.356506	2.479542
1933.000000	656.688232	2.477502
1934.000000	657.023193	2.477894
1935.000000	657.359436	2.478561
1936.000000	657.696045	2.476717
1937.000000	658.036316	2.476756
1938.000000	658.355347	2.476403
1939.000000	658.687744	2.475226
1940.000000	659.022522	2.476521
1941.000000	659.336182	2.474795
1942.000000	659.656799	2.474834
1943.000000	660.004456	2.472323
1944.000000	660.349731	2.473892
1945.000000	660.676392	2.473068
1946.000000	661.004395	2.471735
1947.000000	661.339600	2.471343
1948.000000	661.660583	2.469812
1949.000000	661.983826	2.469106
1950.000000	662.339661	2.468086
1951.000000	662.694397	2.468047
1952.000000	663.036621	2.467106
1953.000000	663.364746	2.465772
1954.000000	663.689209	2.465536
1955.000000	664.028503	2.464987
1956.000000	664.382019	2.463771
1957.000000	664.710327	2.461966
1958.000000	665.050598	2.460985
1959.000000	665.387939	2.461927
1960.000000	665.718445	2.459887
1961.000000	666.050781	2.460671
1962.000000	666.386597	2.461378
1963.000000	666.708496	2.457730
1964.000000	667.040588	2.458240
1965.000000	667.370361	2.456317
1966.000000	667.703491	2.454709
1967.000000	668.035278	2.457102
1968.000000	668.368164	2.454983
1969.000000	668.690430	2.454473
1970.000000	669.030762	2.452982
1971.000000	669.367859	2.453375
1972.000000	669.669434	2.453296
1973.000000	669.994934	2.452080
1974.000000	670.388428	2.450550
1975.000000	670.720947	2.450315
1976.000000	671.056885	2.449765
1977.000000	671.397827	2.449491
1978.000000	671.742615	2.447215
1979.000000	672.076233	2.448196
1980.000000	672.394897	2.446627
1981.000000	672.727051	2.446313
1982.000000	673.085510	2.444665
1983.000000	673.408813	2.443567
1984.000000	673.744995	2.441802
1985.000000	674.079712	2.442782
1986.000000	674.413635	2.440468
1987.000000	674.743103	2.441566
1988.000000	675.077637	2.439134
1989.000000	675.423340	2.439879
1990.000000	675.763550	2.439684
1991.000000	676.093262	2.437016
1992.000000	676.405029	2.437683
1993.000000	676.746277	2.437487
1994.000000	677.076660	2.436859
1995.000000	677.410278	2.435682
1996.000000	677.740723	2.431680
1997.000000	678.081177	2.434152
1998.000000	678.400085	2.432857
1999.000000	678.730347	2.432034
2000.000000	679.051331	2.431052
2001.000000	679.370789	2.432622
2002.000000	679.700073	2.431445
2003.000000	680.043579	2.429562
2004.000000	680.368652	2.429797
2005.000000	680.708130	2.427875
2006.000000	681.030029	2.428699
2007.000000	681.349854	2.428581
2008.000000	681.697998	2.428150
2009.000000	682.033875	2.428542
2010.000000	682.365234	2.425835
2011.000000	682.704224	2.426345
2012.000000	683.031372	2.424776
2013.000000	683.355347	2.424815
2014.000000	683.686768	2.424266
2015.000000	684.020996	2.424854
2016.000000	684.355530	2.423991
2017.000000	684.690857	2.421873
2018.000000	685.035889	2.421206
2019.000000	685.366943	2.421834
2020.000000	685.693726	2.419205
2021.000000	686.023376	2.421520
2022.000000	686.362000	2.419440
2023.000000	686.687744	2.418263
2024.000000	687.032471	2.416773
2025.000000	687.363281	2.416184
2026.000000	687.688232	2.416969
2027.000000	688.019043	2.414536
2028.000000	688.336487	2.412418
2029.000000	688.662598	2.411712
2030.000000	688.985901	2.411477
2031.000000	689.331055	2.410692
2032.000000	689.679565	2.411398
2033.000000	690.050598	2.409476
2034.000000	690.381470	2.409084
2035.000000	690.719055	2.408966
2036.000000	691.063354	2.408731
2037.000000	691.394104	2.406965
2038.000000	691.724060	2.408299
2039.000000	692.056396	2.407828
2040.000000	692.373291	2.406926
2041.000000	692.717163	2.405945
2042.000000	693.040649	2.404925
2043.000000	693.356628	2.404964
2044.000000	693.703369	2.403395
2045.000000	694.057129	2.404886
2046.000000	694.385315	2.403160
2047.000000	694.712036	2.403787
2048.000000	695.040222	2.403003
2049.000000	695.361145	2.402610
2050.000000	695.694458	2.401433
2051.000000	696.037231	2.401551
2052.000000	696.344177	2.399550
2053.000000	696.710510	2.400609
2054.000000	697.037354	2.399864
2055.000000	697.361023	2.399707
2056.000000	697.705444	2.398805
2057.000000	698.040283	2.399864
2058.000000	698.353516	2.398373
2059.000000	698.694885	2.397471
2060.000000	699.015198	2.397079
2061.000000	699.364258	2.396255
2062.000000	699.708252	2.396059
2063.000000	700.043152	2.394804
2064.000000	700.366455	2.394882
2065.000000	700.713318	2.395078
2066.000000	701.053101	2.395863
2067.000000	701.382202	2.392136
2068.000000	701.707458	2.393117
2069.000000	702.044434	2.392410
2070.000000	702.383423	2.391979
2071.000000	702.714478	2.389507
2072.000000	703.046814	2.391783
2073.000000	703.388733	2.389939
2074.000000	703.727051	2.389350
2075.000000	704.054993	2.387467
2076.000000	704.377747	2.386997
2077.000000	704.710205	2.387114
2078.000000	705.038086	2.385467
2079.000000	705.382080	2.383936
2080.000000	705.716553	2.384015
2081.000000	706.042969	2.385506
2082.000000	706.377991	2.385231
2083.000000	706.697327	2.384290
2084.000000	707.035461	2.382524
2085.000000	707.363586	2.383505
2086.000000	707.703857	2.384525
2087.000000	708.043701	2.382406
2088.000000	708.373535	2.382956
2089.000000	708.696655	2.382053
2090.000000	709.033936	2.380798
2091.000000	709.370361	2.380014
2092.000000	709.707947	2.379308
2093.000000	710.037598	2.378444
2094.000000	710.364746	2.379072
2095.000000	710.694580	2.380053
2096.000000	711.037598	2.379072
2097.000000	711.365173	2.377385
2098.000000	711.682434	2.376954
2099.000000	712.005432	2.377464
2100.000000	712.335693	2.376914
2101.000000	712.669861	2.375894
2102.000000	712.995972	2.376247
2103.000000	713.313843	2.377150
2104.000000	713.657227	2.375227
2105.000000	714.016174	2.374717
2106.000000	714.331726	2.373972
2107.000000	714.641785	2.373580
2108.000000	714.968750	2.374090
2109.000000	715.300110	2.373462
2110.000000	715.628906	2.374678
2111.000000	715.960693	2.372324
2112.000000	716.300964	2.372717
2113.000000	716.634583	2.372089
2114.000000	716.976624	2.371461
2115.000000	717.293518	2.370481
2116.000000	717.638916	2.372560
2117.000000	717.994568	2.371618
2118.000000	718.334778	2.370716
2119.000000	718.661133	2.370363
2120.000000	718.995789	2.370324
2121.000000	719.332947	2.368323
2122.000000	719.672058	2.367225
2123.000000	720.010010	2.367381
2124.000000	720.334778	2.367421
2125.000000	720.665527	2.366009
2126.000000	720.995361	2.366244
2127.000000	721.341919	2.364714
2128.000000	721.679932	2.364596
2129.000000	722.002380	2.364596
2130.000000	722.324280	2.364243
2131.000000	722.661682	2.363890
2132.000000	722.990295	2.363929
2133.000000	723.347168	2.362360
2134.000000	723.681091	2.363184
2135.000000	724.022949	2.361771
2136.000000	724.340820	2.361379
2137.000000	724.686218	2.361458
2138.000000	725.024902	2.361222
2139.000000	725.359863	2.357691
2140.000000	725.700684	2.360320
2141.000000	726.037109	2.357260
2142.000000	726.361328	2.360045
2143.000000	726.696838	2.358594
2144.000000	727.025513	2.358083
2145.000000	727.378906	2.356475
2146.000000	727.708740	2.354710
2147.000000	728.044312	2.354004
2148.000000	728.369019	2.354396
2149.000000	728.718018	2.352552
2150.000000	729.056519	2.353101
2151.000000	729.376709	2.354200
2152.000000	729.688416	2.353611
2153.000000	730.031921	2.351415
2154.000000	730.370422	2.351336
2155.000000	730.693054	2.350904
2156.000000	731.038574	2.349767
2157.000000	731.368286	2.350865
2158.000000	731.705811	2.350198
2159.000000	732.010010	2.350316
2160.000000	732.334961	2.348825
2161.000000	732.673584	2.350316
2162.000000	732.989685	2.347413
2163.000000	733.321777	2.349335
2164.000000	733.663574	2.347688
2165.000000	733.986938	2.346903
2166.000000	734.321350	2.345138
2167.000000	734.653809	2.344706
2168.000000	734.971680	2.346511
2169.000000	735.297119	2.344784
2170.000000	735.613037	2.346118
2171.000000	735.948608	2.344902
2172.000000	736.279968	2.343451
2173.000000	736.609863	2.343176
2174.000000	736.939392	2.341646
2175.000000	737.277588	2.341372
2176.000000	737.622681	2.340116
2177.000000	737.952698	2.340822
2178.000000	738.280640	2.338704
2179.000000	738.609680	2.340508
2180.000000	738.943726	2.339410
2181.000000	739.254150	2.341372
2182.000000	739.586975	2.337919
2183.000000	739.951416	2.338900
2184.000000	740.280273	2.335997
2185.000000	740.620728	2.335840
2186.000000	740.968201	2.334310
2187.000000	741.287598	2.335683
2188.000000	741.631470	2.334270
2189.000000	741.974548	2.335801
2190.000000	742.295288	2.335644
2191.000000	742.625366	2.334074
2192.000000	742.954346	2.332741
2193.000000	743.297913	2.334074
2194.000000	743.621338	2.334192
2195.000000	743.943542	2.331760
2196.000000	744.256714	2.333486
2197.000000	744.625549	2.330936
2198.000000	744.966431	2.329563
2199.000000	745.279297	2.330073
2200.000000	745.600708	2.330858
2201.000000	745.942261	2.331564
2202.000000	746.270691	2.328700
2203.000000	746.619934	2.327758
2204.000000	746.964172	2.329288
2205.000000	747.297119	2.328465
2206.000000	747.639099	2.327876
2207.000000	747.974670	2.328347
2208.000000	748.309570	2.328347
2209.000000	748.635498	2.327601
2210.000000	748.954041	2.327444
2211.000000	749.273682	2.326817
2212.000000	749.602722	2.325248
2213.000000	749.925415	2.326268
2214.000000	750.233887	2.326150
2215.000000	750.599854	2.325836
2216.000000	750.936462	2.325522
2217.000000	751.268616	2.323483
2218.000000	751.598389	2.323678
2219.000000	751.940430	2.323718
2220.000000	752.257446	2.324424
2221.000000	752.598267	2.324110
2222.000000	752.920410	2.323600
2223.000000	753.232788	2.322659
2224.000000	753.567383	2.322149
2225.000000	753.896484	2.320736
2226.000000	754.229553	2.319520
2227.000000	754.562927	2.320697
2228.000000	754.889465	2.319912
2229.000000	755.216187	2.317911
2230.000000	755.545410	2.321050
2231.000000	755.886719	2.317363
2232.000000	756.228027	2.316735
2233.000000	756.534790	2.317205
2234.000000	756.889404	2.319088
2235.000000	757.231689	2.316303
2236.000000	757.550293	2.315636
2237.000000	757.881592	2.317598
2238.000000	758.231689	2.317441
2239.000000	758.542908	2.315087
2240.000000	758.857361	2.314969
2241.000000	759.187256	2.314616
2242.000000	759.519165	2.315126
2243.000000	759.854797	2.312419
2244.000000	760.186157	2.312066
2245.000000	760.519714	2.311203
2246.000000	760.832275	2.310105
2247.000000	761.197205	2.310497
2248.000000	761.589600	2.308888
2249.000000	761.902100	2.311713
2250.000000	762.228821	2.310536
2251.000000	762.571899	2.308888
2252.000000	762.904053	2.307162
2253.000000	763.235474	2.307005
2254.000000	763.574463	2.305436
2255.000000	763.915894	2.304926
2256.000000	764.247314	2.307476
2257.000000	764.571167	2.306927
2258.000000	764.906250	2.306221
2259.000000	765.240173	2.304181
2260.000000	765.565491	2.304456
2261.000000	765.875488	2.306888
2262.000000	766.217407	2.305358
2263.000000	766.549927	2.305554
2264.000000	766.865051	2.305161
2265.000000	767.192444	2.303161
2266.000000	767.545227	2.302847
2267.000000	767.895752	2.302416
2268.000000	768.225952	2.301003
2269.000000	768.559326	2.301709
2270.000000	768.890137	2.301356
2271.000000	769.197327	2.301552
2272.000000	769.510742	2.301748
2273.000000	769.857727	2.301513
2274.000000	770.189941	2.301238
2275.000000	770.525635	2.299787
2276.000000	770.864319	2.300258
2277.000000	771.209412	2.299355
2278.000000	771.550049	2.299748
2279.000000	771.884277	2.298453
2280.000000	772.267212	2.298767
2281.000000	772.706665	2.299159
2282.000000	773.119446	2.298492
2283.000000	773.496277	2.298414
2284.000000	773.832153	2.297668
2285.000000	774.169678	2.297511
2286.000000	774.501221	2.297355
2287.000000	774.845703	2.294412
2288.000000	775.191589	2.295079
2289.000000	775.534302	2.294099
2290.000000	775.867249	2.294922
2291.000000	776.187805	2.292647
2292.000000	776.512451	2.294098
2293.000000	776.829590	2.292412
2294.000000	777.165344	2.293118
2295.000000	777.481323	2.292922
2296.000000	777.812622	2.291706
2297.000000	778.164551	2.292176
2298.000000	778.503967	2.293078
2299.000000	778.840210	2.292058
2300.000000	779.159668	2.290646
2301.000000	779.508301	2.288488
2302.000000	779.859314	2.289979
2303.000000	780.179565	2.288724
2304.000000	780.500244	2.288214
2305.000000	780.813904	2.287665
2306.000000	781.142578	2.286959
2307.000000	781.468018	2.287586
2308.000000	781.817261	2.288175
2309.000000	782.158447	2.285585
2310.000000	782.497925	2.286959
2311.000000	782.836731	2.285938
2312.000000	783.168457	2.285272
2313.000000	783.513916	2.287586
2314.000000	783.852722	2.284212
2315.000000	784.194214	2.284369
2316.000000	784.523071	2.284409
2317.000000	784.865723	2.283467
2318.000000	785.192139	2.282957
2319.000000	785.530884	2.281074
2320.000000	785.863647	2.282682
2321.000000	786.201721	2.282447
2322.000000	786.539307	2.282094
2323.000000	786.875916	2.280956
2324.000000	787.213928	2.280956
2325.000000	787.515198	2.280760
2326.000000	787.865906	2.279544
2327.000000	788.203491	2.280015
2328.000000	788.534180	2.279740
2329.000000	788.858521	2.280878
2330.000000	789.199463	2.278250
2331.000000	789.510498	2.278956
2332.000000	789.845215	2.279191
2333.000000	790.175598	2.278406
2334.000000	790.497559	2.278603
2335.000000	790.822754	2.278328
2336.000000	791.153870	2.277543
2337.000000	791.481384	2.277700
2338.000000	791.814392	2.276602
2339.000000	792.152832	2.277033
2340.000000	792.479126	2.277857
2341.000000	792.830017	2.276719
2342.000000	793.157471	2.277268
2343.000000	793.479736	2.274837
2344.000000	793.809570	2.275150
2345.000000	794.156189	2.275935
2346.000000	794.477051	2.275425
2347.000000	794.815857	2.274797
2348.000000	795.132080	2.275464
2349.000000	795.464417	2.274326
2350.000000	795.788086	2.275935
2351.000000	796.132507	2.273816
2352.000000	796.463867	2.273345
2353.000000	796.796387	2.273110
2354.000000	797.105652	2.273306
2355.000000	797.432373	2.273463
2356.000000	797.790100	2.273816
2357.000000	798.123047	2.271855
2358.000000	798.458740	2.272365
2359.000000	798.779907	2.273307
2360.000000	799.085815	2.270913
2361.000000	799.418396	2.271855
2362.000000	799.723511	2.272718
2363.000000	800.059631	2.271384
2364.000000	800.374451	2.272247
2365.000000	800.697144	2.269775
2366.000000	801.045349	2.270168
2367.000000	801.375427	2.271737
2368.000000	801.710388	2.269814
2369.000000	802.021790	2.269736
2370.000000	802.361938	2.268755
2371.000000	802.709412	2.270168
2372.000000	803.029785	2.269305
2373.000000	803.368408	2.267539
2374.000000	803.698914	2.266048
2375.000000	804.029724	2.266951
2376.000000	804.368042	2.267657
2377.000000	804.707825	2.266990
2378.000000	805.046631	2.266088
2379.000000	805.360474	2.265264
2380.000000	805.705383	2.267539
2381.000000	806.043213	2.264558
2382.000000	806.365662	2.266206
2383.000000	806.701111	2.262596
2384.000000	807.023438	2.262636
2385.000000	807.357910	2.263734
2386.000000	807.695679	2.262126
2387.000000	808.019226	2.262086
2388.000000	808.360413	2.261969
2389.000000	808.668823	2.261145
2390.000000	809.011536	2.261380
2391.000000	809.353516	2.261498
2392.000000	809.673340	2.258909
