0.000000	24.307663	11.145389
1.000000	24.305733	11.142878
2.000000	24.311157	11.140995
3.000000	24.324419	11.136993
4.000000	24.333220	11.135738
5.000000	24.338282	11.135228
6.000000	24.351912	11.131540
7.000000	24.368067	11.130677
8.000000	24.381569	11.127618
9.000000	24.411589	11.124950
10.000000	24.448364	11.123421
11.000000	24.471027	11.119535
12.000000	24.506233	11.117337
13.000000	24.531675	11.118515
14.000000	24.558559	11.119418
15.000000	24.607874	11.119339
16.000000	24.639700	11.122164
17.000000	24.685398	11.120909
18.000000	24.728437	11.120007
19.000000	24.778957	11.123028
20.000000	24.811146	11.121732
21.000000	24.862148	11.121654
22.000000	24.912422	11.118633
23.000000	24.955828	11.118358
24.000000	25.016956	11.116790
25.000000	25.084473	11.117299
26.000000	25.129562	11.113415
27.000000	25.193947	11.113494
28.000000	25.255196	11.110944
29.000000	25.315598	11.110590
30.000000	25.373590	11.108943
31.000000	25.440989	11.106589
32.000000	25.505974	11.105295
33.000000	25.583015	11.103333
34.000000	25.645103	11.102470
35.000000	25.712744	11.101215
36.000000	25.782188	11.097448
37.000000	25.847418	11.098980
38.000000	25.928436	11.097919
39.000000	26.007769	11.094388
40.000000	26.070221	11.093448
41.000000	26.138464	11.094427
42.000000	26.219000	11.091642
43.000000	26.296043	11.090309
44.000000	26.376339	11.090584
45.000000	26.456396	11.087484
46.000000	26.536211	11.085602
47.000000	26.606987	11.083325
48.000000	26.693672	11.082110
49.000000	26.765411	11.080227
50.000000	26.835098	11.079717
51.000000	26.937460	11.076970
52.000000	27.013054	11.076069
53.000000	27.098297	11.075363
54.000000	27.177267	11.073792
55.000000	27.260458	11.072498
56.000000	27.352209	11.071558
57.000000	27.440826	11.070106
58.000000	27.532213	11.067594
59.000000	27.608532	11.068144
60.000000	27.706793	11.067635
61.000000	27.804451	11.065437
62.000000	27.907660	11.065240
63.000000	28.012550	11.063555
64.000000	28.111898	11.062102
65.000000	28.224022	11.060806
66.000000	28.339287	11.057709
67.000000	28.456230	11.056767
68.000000	28.572704	11.053823
69.000000	28.713524	11.054490
70.000000	28.851452	11.054176
71.000000	28.993963	11.053942
72.000000	29.138882	11.053392
73.000000	29.288626	11.052176
74.000000	29.460312	11.051195
75.000000	29.631517	11.048253
76.000000	29.801880	11.049784
77.000000	29.977184	11.047076
78.000000	30.174347	11.046841
79.000000	30.362686	11.045429
80.000000	30.565517	11.045586
81.000000	30.788321	11.044291
82.000000	31.017584	11.043467
83.000000	31.246487	11.042878
84.000000	31.489143	11.041702
85.000000	31.742205	11.040211
86.000000	32.000412	11.040878
87.000000	32.266266	11.039387
88.000000	32.552097	11.037622
89.000000	32.836491	11.036288
90.000000	33.129021	11.035229
91.000000	33.431229	11.035543
92.000000	33.757965	11.034210
93.000000	34.075371	11.033502
94.000000	34.424465	11.030247
95.000000	34.768295	11.030089
96.000000	35.112488	11.027658
97.000000	35.476414	11.027972
98.000000	35.850628	11.027147
99.000000	36.217781	11.024127
100.000000	36.592827	11.023813
101.000000	36.998249	11.021224
102.000000	37.391834	11.018360
103.000000	37.791401	11.019851
104.000000	38.203766	11.016398
105.000000	38.615288	11.016124
106.000000	39.021187	11.012868
107.000000	39.478874	11.010711
108.000000	39.911930	11.008355
109.000000	40.341003	11.006042
110.000000	40.777012	11.002707
111.000000	41.212238	11.000000
112.000000	41.652454	10.999882
113.000000	42.090881	10.998431
114.000000	42.535614	10.997096
115.000000	42.973217	10.995842
116.000000	43.423874	10.993290
117.000000	43.863735	10.991016
118.000000	44.310242	10.986231
119.000000	44.763275	10.984936
120.000000	45.197319	10.983210
121.000000	45.640381	10.977599
122.000000	46.089378	10.977089
123.000000	46.533512	10.973441
124.000000	46.973015	10.969793
125.000000	47.387226	10.968262
126.000000	47.808094	10.966419
127.000000	48.260891	10.961867
128.000000	48.691486	10.958376
129.000000	49.120541	10.953512
130.000000	49.516712	10.952454
131.000000	49.923561	10.948530
132.000000	50.341812	10.947588
133.000000	50.752930	10.942998
134.000000	51.174206	10.941114
135.000000	51.581627	10.937778
136.000000	51.976547	10.935583
137.000000	52.366611	10.931856
138.000000	52.751129	10.926247
139.000000	53.126072	10.925776
140.000000	53.499130	10.921381
141.000000	53.880463	10.917498
142.000000	54.248791	10.913653
143.000000	54.621849	10.906983
144.000000	54.969627	10.904278
145.000000	55.332409	10.900393
146.000000	55.678532	10.898235
147.000000	56.028549	10.895332
148.000000	56.374191	10.891998
149.000000	56.703667	10.884427
150.000000	57.023449	10.881641
151.000000	57.356216	10.879327
152.000000	57.683079	10.874855
153.000000	58.016216	10.870264
154.000000	58.342022	10.868616
155.000000	58.666290	10.864301
156.000000	58.982525	10.859398
157.000000	59.287537	10.855317
158.000000	59.585583	10.850610
159.000000	59.891655	10.844921
160.000000	60.193241	10.844608
161.000000	60.490814	10.841547
162.000000	60.786919	10.839272
163.000000	61.076195	10.834643
164.000000	61.359299	10.831308
165.000000	61.664421	10.826837
166.000000	61.955765	10.822286
167.000000	62.235111	10.816715
168.000000	62.517044	10.812831
169.000000	62.801212	10.808986
170.000000	63.080566	10.805220
171.000000	63.351086	10.802395
172.000000	63.629608	10.797922
173.000000	63.908482	10.795296
174.000000	64.190407	10.791332
175.000000	64.474586	10.788901
176.000000	64.740402	10.783134
177.000000	65.030571	10.778191
178.000000	65.300735	10.775131
179.000000	65.574318	10.770737
180.000000	65.865417	10.768030
181.000000	66.137123	10.762615
182.000000	66.415894	10.757751
183.000000	66.696045	10.752023
184.000000	66.986221	10.748727
185.000000	67.257805	10.746844
186.000000	67.548332	10.743077
187.000000	67.832726	10.739351
188.000000	68.131622	10.736017
189.000000	68.422729	10.732447
190.000000	68.710197	10.728642
191.000000	69.014130	10.725113
192.000000	69.294418	10.720678
193.000000	69.590355	10.715263
194.000000	69.896538	10.712479
195.000000	70.202003	10.705928
196.000000	70.504059	10.702631
197.000000	70.813049	10.702945
198.000000	71.121887	10.696434
199.000000	71.435120	10.694197
200.000000	71.755272	10.689333
201.000000	72.076363	10.683723
202.000000	72.384285	10.681093
203.000000	72.700684	10.674621
204.000000	73.024597	10.672855
205.000000	73.356049	10.668776
206.000000	73.687714	10.665245
207.000000	74.023987	10.661636
208.000000	74.358826	10.657753
209.000000	74.698738	10.651123
210.000000	75.048637	10.648691
211.000000	75.389252	10.646807
212.000000	75.730690	10.643630
213.000000	76.073883	10.638098
214.000000	76.425079	10.635037
215.000000	76.781570	10.632841
216.000000	77.131226	10.628878
217.000000	77.472549	10.621895
218.000000	77.831268	10.620171
219.000000	78.189636	10.616716
220.000000	78.550003	10.611107
221.000000	78.909782	10.606164
222.000000	79.271912	10.601496
223.000000	79.638618	10.597770
224.000000	79.984047	10.595455
225.000000	80.345604	10.591962
226.000000	80.708656	10.588551
227.000000	81.071495	10.584274
228.000000	81.428459	10.579409
229.000000	81.792107	10.574034
230.000000	82.156128	10.572112
231.000000	82.518250	10.567090
232.000000	82.883438	10.563088
233.000000	83.258148	10.558891
234.000000	83.607933	10.553909
235.000000	83.976753	10.550417
236.000000	84.342064	10.546181
237.000000	84.698196	10.543670
238.000000	85.065491	10.543003
239.000000	85.430328	10.539040
240.000000	85.796448	10.535666
241.000000	86.147644	10.530332
242.000000	86.504250	10.526134
243.000000	86.864502	10.521622
244.000000	87.220398	10.519582
245.000000	87.582520	10.516129
246.000000	87.939827	10.510480
247.000000	88.292320	10.506714
248.000000	88.626221	10.503536
249.000000	88.987648	10.499496
250.000000	89.343788	10.496750
251.000000	89.699448	10.492826
252.000000	90.043472	10.488903
253.000000	90.394783	10.484901
254.000000	90.744568	10.480392
255.000000	91.088585	10.476232
256.000000	91.426620	10.473682
257.000000	91.767540	10.468936
258.000000	92.106613	10.466268
259.000000	92.444283	10.463797
260.000000	92.771698	10.461128
261.000000	93.106049	10.457871
262.000000	93.450668	10.454380
263.000000	93.786224	10.451791
264.000000	94.109619	10.446535
265.000000	94.442566	10.445084
266.000000	94.778595	10.442768
267.000000	95.104584	10.439826
268.000000	95.444252	10.436649
269.000000	95.760468	10.434374
270.000000	96.087280	10.431745
271.000000	96.417656	10.428449
272.000000	96.749077	10.425036
273.000000	97.072823	10.423702
274.000000	97.400360	10.418094
275.000000	97.720573	10.414875
276.000000	98.049400	10.413543
277.000000	98.365730	10.411110
278.000000	98.694672	10.408286
279.000000	99.007591	10.404243
280.000000	99.336647	10.399574
281.000000	99.647919	10.398634
282.000000	99.971199	10.396869
283.000000	100.275391	10.394907
284.000000	100.586426	10.393926
285.000000	100.919731	10.391925
286.000000	101.235832	10.387806
287.000000	101.564301	10.385217
288.000000	101.874596	10.383294
289.000000	102.200287	10.382118
290.000000	102.516785	10.377332
291.000000	102.846397	10.375841
292.000000	103.160408	10.371487
293.000000	103.480919	10.369800
294.000000	103.805573	10.368976
295.000000	104.134933	10.366465
296.000000	104.453331	10.365211
297.000000	104.783417	10.363286
298.000000	105.098251	10.359873
299.000000	105.403282	10.358384
300.000000	105.711609	10.355873
301.000000	106.053986	10.352773
302.000000	106.383614	10.352028
303.000000	106.712044	10.348656
304.000000	107.050293	10.348929
305.000000	107.367615	10.347555
306.000000	107.708801	10.342966
307.000000	108.022346	10.342770
308.000000	108.363190	10.341946
309.000000	108.684761	10.341515
310.000000	109.017220	10.339042
311.000000	109.344360	10.337826
312.000000	109.674202	10.338259
313.000000	110.004417	10.335708
314.000000	110.338646	10.334609
315.000000	110.674164	10.331628
316.000000	111.009338	10.331000
317.000000	111.326424	10.329588
318.000000	111.673180	10.327155
319.000000	112.010567	10.327469
320.000000	112.345428	10.324056
321.000000	112.687508	10.322959
322.000000	113.022812	10.320056
323.000000	113.355858	10.319271
324.000000	113.701851	10.317583
325.000000	114.042488	10.316367
326.000000	114.375656	10.315857
327.000000	114.713806	10.312915
328.000000	115.058968	10.313778
329.000000	115.395332	10.312875
330.000000	115.736214	10.311777
331.000000	116.078644	10.311386
332.000000	116.417992	10.309266
333.000000	116.769333	10.307187
334.000000	117.106171	10.305186
335.000000	117.448021	10.304794
336.000000	117.784851	10.305656
337.000000	118.122887	10.303304
338.000000	118.467102	10.302402
339.000000	118.815842	10.300087
340.000000	119.158722	10.299616
341.000000	119.489868	10.300204
342.000000	119.831360	10.299342
343.000000	120.171638	10.296988
344.000000	120.501717	10.295654
345.000000	120.839622	10.294869
346.000000	121.192993	10.298205
347.000000	121.534714	10.294713
348.000000	121.868591	10.293811
349.000000	122.213448	10.294045
350.000000	122.553452	10.291653
351.000000	122.899628	10.292987
352.000000	123.242233	10.291063
353.000000	123.571686	10.288397
354.000000	123.904366	10.289809
355.000000	124.243736	10.287297
356.000000	124.593613	10.288631
357.000000	124.923546	10.286278
358.000000	125.268173	10.287220
359.000000	125.603722	10.286120
360.000000	125.942734	10.284081
361.000000	126.287117	10.285728
362.000000	126.630432	10.282904
363.000000	126.968964	10.282551
364.000000	127.305588	10.282944
365.000000	127.645447	10.281256
366.000000	127.971924	10.281727
367.000000	128.312576	10.281844
368.000000	128.632370	10.277020
369.000000	128.977478	10.277215
370.000000	129.301666	10.278706
371.000000	129.630875	10.277137
372.000000	129.966309	10.277450
373.000000	130.302673	10.278706
374.000000	130.629852	10.272978
375.000000	130.966232	10.274273
376.000000	131.297241	10.275684
377.000000	131.621460	10.275450
378.000000	131.953400	10.273880
379.000000	132.278778	10.272939
380.000000	132.621155	10.274155
381.000000	132.946930	10.272664
382.000000	133.279327	10.273644
383.000000	133.604492	10.272232
384.000000	133.929321	10.273958
385.000000	134.252808	10.272546
386.000000	134.578003	10.272076
387.000000	134.904266	10.271919
388.000000	135.240265	10.271605
389.000000	135.568451	10.270507
390.000000	135.898300	10.269447
391.000000	136.235611	10.269212
392.000000	136.564301	10.268623
393.000000	136.891983	10.269135
394.000000	137.215134	10.269761
395.000000	137.549438	10.268349
396.000000	137.843628	10.267918
397.000000	138.206543	10.270939
398.000000	138.531616	10.268663
399.000000	138.863632	10.267918
400.000000	139.192642	10.268152
401.000000	139.526489	10.268467
402.000000	139.858521	10.268427
403.000000	140.197754	10.266780
404.000000	140.524979	10.265995
405.000000	140.851837	10.267799
406.000000	141.191330	10.268074
407.000000	141.530075	10.267604
408.000000	141.854309	10.267918
409.000000	142.195480	10.267172
410.000000	142.517151	10.266033
411.000000	142.861771	10.265446
412.000000	143.192932	10.266622
413.000000	143.509399	10.265720
414.000000	143.845520	10.265995
415.000000	144.190720	10.266308
416.000000	144.519714	10.265641
417.000000	144.855850	10.266270
418.000000	145.189087	10.265759
419.000000	145.524124	10.264896
420.000000	145.861221	10.265720
421.000000	146.192627	10.265327
422.000000	146.539536	10.266230
423.000000	146.873825	10.266505
424.000000	147.201614	10.264112
425.000000	147.538971	10.264268
426.000000	147.866150	10.263367
427.000000	148.209305	10.264544
428.000000	148.545044	10.264503
429.000000	148.879272	10.264347
430.000000	149.212631	10.264584
431.000000	149.542358	10.264387
432.000000	149.893829	10.262230
433.000000	150.235397	10.264152
434.000000	150.565720	10.264033
435.000000	150.905579	10.263601
436.000000	151.229034	10.264191
437.000000	151.561920	10.265094
438.000000	151.911804	10.263602
439.000000	152.245056	10.262817
440.000000	152.590469	10.263169
441.000000	152.925110	10.263092
442.000000	153.256546	10.262856
443.000000	153.604401	10.264544
444.000000	153.941666	10.262818
445.000000	154.291473	10.263092
446.000000	154.623413	10.262386
447.000000	154.949020	10.262816
448.000000	155.267853	10.263092
449.000000	155.632446	10.261444
450.000000	155.958557	10.261288
451.000000	156.288925	10.261994
452.000000	156.637512	10.261444
453.000000	156.978043	10.261758
454.000000	157.309631	10.262190
455.000000	157.633057	10.262112
456.000000	157.980545	10.262072
457.000000	158.315155	10.260857
458.000000	158.640060	10.260386
459.000000	158.985107	10.260660
460.000000	159.321533	10.261327
461.000000	159.652130	10.258973
462.000000	159.990128	10.260464
463.000000	160.321106	10.261523
464.000000	160.656937	10.261288
465.000000	160.987656	10.259522
466.000000	161.321182	10.260345
467.000000	161.663803	10.260660
468.000000	161.987610	10.259993
469.000000	162.317490	10.259601
470.000000	162.650269	10.259758
471.000000	162.971161	10.260267
472.000000	163.314423	10.258110
473.000000	163.656921	10.260111
474.000000	163.985413	10.259012
475.000000	164.322662	10.259522
476.000000	164.658340	10.259562
477.000000	164.996704	10.259130
478.000000	165.312515	10.259953
479.000000	165.641861	10.259757
480.000000	165.982544	10.259248
481.000000	166.317245	10.259169
482.000000	166.656204	10.260895
483.000000	166.992249	10.260228
484.000000	167.329514	10.258109
485.000000	167.666183	10.259405
486.000000	167.993195	10.258894
487.000000	168.333023	10.260307
488.000000	168.669189	10.260818
489.000000	169.000732	10.258581
490.000000	169.343964	10.257795
491.000000	169.675613	10.258541
492.000000	170.011292	10.259640
493.000000	170.346375	10.256815
494.000000	170.680588	10.259209
495.000000	171.018204	10.258347
496.000000	171.358887	10.256972
497.000000	171.698822	10.257561
498.000000	172.021698	10.258110
499.000000	172.355560	10.258463
500.000000	172.687943	10.257561
501.000000	173.023621	10.258424
502.000000	173.358154	10.257364
503.000000	173.703522	10.258188
504.000000	174.032166	10.257875
505.000000	174.382217	10.256423
506.000000	174.722855	10.258345
507.000000	175.064209	10.257992
508.000000	175.397400	10.257325
509.000000	175.731079	10.255875
510.000000	176.061813	10.256855
511.000000	176.404877	10.255638
512.000000	176.738190	10.258307
513.000000	177.086533	10.258345
514.000000	177.416397	10.257640
515.000000	177.742859	10.257248
516.000000	178.077271	10.256540
517.000000	178.411072	10.255482
518.000000	178.740463	10.255482
519.000000	179.080978	10.256540
520.000000	179.409622	10.255521
521.000000	179.738663	10.256148
522.000000	180.085648	10.254069
523.000000	180.412231	10.256462
524.000000	180.746887	10.256030
525.000000	181.089096	10.255599
526.000000	181.419968	10.254932
527.000000	181.754974	10.256148
528.000000	182.087677	10.254539
529.000000	182.423538	10.255951
530.000000	182.737671	10.255520
531.000000	183.085510	10.255992
532.000000	183.419296	10.255482
533.000000	183.753830	10.255482
534.000000	184.096298	10.254580
535.000000	184.416763	10.255560
536.000000	184.754837	10.253912
537.000000	185.096817	10.255716
538.000000	185.419983	10.254344
539.000000	185.752914	10.253911
540.000000	186.093185	10.255795
541.000000	186.414886	10.255128
542.000000	186.775558	10.253756
543.000000	187.095901	10.253127
544.000000	187.438736	10.253128
545.000000	187.776566	10.253794
546.000000	188.097778	10.253363
547.000000	188.441711	10.255953
548.000000	188.767685	10.253128
549.000000	189.101105	10.253048
550.000000	189.441025	10.253873
551.000000	189.780792	10.252186
552.000000	190.111893	10.252382
553.000000	190.462326	10.251205
554.000000	190.785583	10.251715
555.000000	191.124023	10.254305
556.000000	191.455872	10.252617
557.000000	191.800293	10.252304
558.000000	192.123825	10.252500
559.000000	192.458588	10.251834
560.000000	192.783585	10.252225
561.000000	193.126663	10.252148
562.000000	193.474503	10.250381
563.000000	193.797424	10.251402
564.000000	194.130051	10.250773
565.000000	194.466187	10.253284
566.000000	194.806793	10.252931
567.000000	195.124863	10.251832
568.000000	195.453384	10.252068
569.000000	195.785019	10.250892
570.000000	196.125137	10.249322
571.000000	196.457504	10.251636
572.000000	196.793839	10.251362
573.000000	197.130096	10.250421
574.000000	197.447998	10.250578
575.000000	197.774979	10.250538
576.000000	198.095947	10.250185
577.000000	198.425110	10.250107
578.000000	198.771240	10.250460
579.000000	199.077194	10.248499
580.000000	199.425415	10.248616
581.000000	199.766876	10.250067
582.000000	200.096313	10.247830
583.000000	200.421646	10.248459
584.000000	200.749985	10.250146
585.000000	201.083023	10.248263
586.000000	201.418076	10.248382
587.000000	201.754761	10.248695
588.000000	202.089462	10.249126
589.000000	202.417847	10.248655
590.000000	202.752777	10.249910
591.000000	203.088989	10.248734
592.000000	203.410965	10.248694
593.000000	203.739746	10.246773
594.000000	204.092773	10.247086
595.000000	204.424698	10.247714
596.000000	204.763519	10.247360
597.000000	205.109390	10.246655
598.000000	205.425903	10.247517
599.000000	205.776413	10.248381
600.000000	206.111450	10.245518
601.000000	206.451706	10.246263
602.000000	206.787231	10.245870
603.000000	207.125534	10.245205
604.000000	207.462769	10.245988
605.000000	207.790466	10.246968
606.000000	208.132950	10.245910
607.000000	208.465393	10.246144
608.000000	208.810318	10.244105
609.000000	209.155945	10.245635
610.000000	209.497803	10.245910
611.000000	209.836609	10.246066
612.000000	210.179077	10.244380
613.000000	210.501678	10.243752
614.000000	210.853760	10.244575
615.000000	211.198059	10.244694
616.000000	211.527847	10.244184
617.000000	211.864197	10.244144
618.000000	212.206192	10.244733
619.000000	212.538300	10.243752
620.000000	212.876144	10.242535
621.000000	213.210419	10.243595
622.000000	213.548141	10.241986
623.000000	213.888062	10.243870
624.000000	214.221237	10.244183
625.000000	214.561096	10.242418
626.000000	214.891907	10.242810
627.000000	215.241714	10.241750
628.000000	215.578262	10.242144
629.000000	215.924042	10.242222
630.000000	216.264496	10.242339
631.000000	216.597626	10.242417
632.000000	216.935150	10.240613
633.000000	217.263550	10.241593
634.000000	217.599213	10.241083
635.000000	217.930176	10.241712
636.000000	218.264771	10.241516
637.000000	218.590500	10.242575
638.000000	218.937469	10.239946
639.000000	219.264694	10.239946
640.000000	219.598190	10.238729
641.000000	219.929016	10.239397
642.000000	220.269211	10.238142
643.000000	220.598328	10.238848
644.000000	220.931366	10.239711
645.000000	221.265198	10.239083
646.000000	221.605286	10.237986
647.000000	221.945602	10.238338
648.000000	222.264404	10.239593
649.000000	222.605072	10.237318
650.000000	222.936279	10.237434
651.000000	223.266495	10.239279
652.000000	223.592590	10.237043
653.000000	223.933731	10.238102
654.000000	224.279022	10.237162
655.000000	224.599548	10.236612
656.000000	224.932861	10.235946
657.000000	225.269913	10.236495
658.000000	225.603760	10.237043
659.000000	225.937195	10.236377
660.000000	226.274048	10.236886
661.000000	226.611740	10.233944
662.000000	226.937302	10.234651
663.000000	227.277405	10.234612
664.000000	227.613525	10.234140
665.000000	227.913300	10.233316
666.000000	228.263489	10.232571
667.000000	228.600555	10.233395
668.000000	228.927704	10.235200
669.000000	229.270355	10.233316
670.000000	229.601257	10.233591
671.000000	229.927795	10.232100
672.000000	230.265747	10.229630
673.000000	230.597870	10.230531
674.000000	230.926605	10.230962
675.000000	231.254333	10.230335
676.000000	231.591064	10.229982
677.000000	231.912033	10.228648
678.000000	232.242691	10.229981
679.000000	232.590912	10.227275
680.000000	232.940353	10.225195
681.000000	233.269577	10.225550
682.000000	233.606171	10.226490
683.000000	233.947845	10.225822
684.000000	234.283615	10.227470
685.000000	234.621185	10.224529
686.000000	234.944794	10.223823
687.000000	235.285156	10.225863
688.000000	235.616516	10.225157
689.000000	235.960709	10.223273
690.000000	236.291748	10.222214
691.000000	236.620331	10.222959
692.000000	236.963440	10.220330
693.000000	237.280609	10.219663
694.000000	237.617767	10.219154
695.000000	237.954346	10.220330
696.000000	238.292969	10.217193
697.000000	238.634171	10.218174
698.000000	238.963837	10.219114
699.000000	239.293518	10.216878
700.000000	239.626999	10.216094
701.000000	239.964050	10.216564
702.000000	240.304947	10.214329
703.000000	240.648163	10.215269
704.000000	240.979828	10.216564
705.000000	241.310593	10.211819
706.000000	241.655243	10.212955
707.000000	241.980026	10.211817
708.000000	242.312744	10.212798
709.000000	242.645569	10.210091
710.000000	242.988403	10.210484
711.000000	243.315079	10.209149
712.000000	243.643448	10.209071
713.000000	243.973526	10.207384
714.000000	244.316833	10.207190
715.000000	244.652603	10.206090
716.000000	244.974945	10.205109
717.000000	245.324387	10.202599
718.000000	245.658386	10.202676
719.000000	246.002533	10.201618
720.000000	246.332123	10.202442
721.000000	246.664719	10.201971
722.000000	246.999207	10.199146
723.000000	247.338562	10.198715
724.000000	247.666473	10.197695
725.000000	247.996185	10.197577
726.000000	248.324356	10.196793
727.000000	248.665710	10.195419
728.000000	248.998657	10.195379
729.000000	249.324280	10.194321
730.000000	249.668304	10.193615
731.000000	249.995865	10.192869
732.000000	250.339035	10.193183
733.000000	250.671143	10.191849
734.000000	251.002930	10.190594
735.000000	251.339355	10.189849
736.000000	251.674576	10.189966
737.000000	252.005859	10.189417
738.000000	252.345184	10.187534
739.000000	252.687027	10.186317
740.000000	253.032730	10.183258
741.000000	253.354507	10.184003
742.000000	253.697800	10.182827
743.000000	254.017548	10.181846
744.000000	254.368500	10.180786
745.000000	254.706848	10.177177
746.000000	255.038879	10.176982
747.000000	255.374359	10.173962
748.000000	255.706787	10.175411
749.000000	256.037994	10.174470
750.000000	256.364502	10.171410
751.000000	256.709747	10.171881
752.000000	257.038544	10.169606
753.000000	257.366089	10.168468
754.000000	257.715668	10.168312
755.000000	258.063690	10.166153
756.000000	258.383698	10.165448
757.000000	258.724213	10.163917
758.000000	259.065918	10.161642
759.000000	259.395477	10.162270
760.000000	259.720673	10.160269
761.000000	260.067841	10.156699
762.000000	260.394104	10.154697
763.000000	260.742004	10.153049
764.000000	261.079834	10.151638
765.000000	261.413055	10.150147
766.000000	261.748138	10.147989
767.000000	262.094360	10.147087
768.000000	262.433411	10.145164
769.000000	262.770172	10.144851
770.000000	263.103638	10.143322
771.000000	263.441956	10.141438
772.000000	263.755737	10.140809
773.000000	264.114563	10.139594
774.000000	264.456696	10.138182
775.000000	264.792969	10.136299
776.000000	265.118286	10.134689
777.000000	265.459717	10.132259
778.000000	265.786896	10.130337
779.000000	266.125214	10.130493
780.000000	266.460571	10.125237
781.000000	266.782928	10.123549
782.000000	267.118378	10.121117
783.000000	267.456787	10.120097
784.000000	267.797852	10.118449
785.000000	268.124603	10.116213
786.000000	268.468842	10.114017
787.000000	268.799438	10.110838
788.000000	269.135468	10.110563
789.000000	269.471405	10.108093
790.000000	269.806244	10.103699
791.000000	270.132202	10.099854
792.000000	270.481567	10.098598
793.000000	270.809509	10.096793
794.000000	271.146851	10.095616
795.000000	271.465546	10.093616
796.000000	271.793243	10.090477
797.000000	272.137054	10.086397
798.000000	272.462463	10.085338
799.000000	272.798431	10.082632
800.000000	273.129578	10.079533
801.000000	273.465485	10.074158
802.000000	273.802979	10.071529
803.000000	274.140106	10.069450
804.000000	274.473877	10.068431
805.000000	274.815430	10.065410
806.000000	275.144897	10.063055
807.000000	275.477844	10.062939
808.000000	275.811554	10.057485
809.000000	276.131866	10.054778
810.000000	276.460358	10.049992
811.000000	276.807861	10.048539
812.000000	277.143829	10.044852
813.000000	277.462006	10.042184
814.000000	277.811523	10.041164
815.000000	278.147827	10.039281
816.000000	278.474915	10.034652
817.000000	278.819702	10.033790
818.000000	279.145966	10.029905
819.000000	279.478912	10.027040
820.000000	279.809204	10.022334
821.000000	280.149109	10.016724
822.000000	280.483215	10.014487
823.000000	280.815979	10.011036
824.000000	281.136841	10.008801
825.000000	281.485199	10.003385
826.000000	281.813965	9.999580
827.000000	282.148712	9.995421
828.000000	282.476837	9.992910
829.000000	282.804169	9.989694
830.000000	283.143585	9.985340
831.000000	283.476837	9.981063
832.000000	283.809021	9.978708
833.000000	284.147491	9.973766
834.000000	284.482178	9.969804
835.000000	284.816833	9.966117
836.000000	285.146515	9.963174
837.000000	285.488525	9.959682
838.000000	285.807068	9.954426
839.000000	286.148682	9.948776
840.000000	286.481934	9.945638
841.000000	286.823853	9.941597
842.000000	287.152191	9.938734
843.000000	287.483398	9.935123
844.000000	287.822876	9.931437
845.000000	288.162354	9.924572
846.000000	288.494690	9.922569
847.000000	288.825195	9.917196
848.000000	289.166290	9.913860
849.000000	289.502350	9.905819
850.000000	289.831268	9.903583
851.000000	290.166626	9.898288
852.000000	290.494385	9.894559
853.000000	290.835480	9.888755
854.000000	291.161469	9.882751
855.000000	291.494324	9.877534
856.000000	291.820923	9.874002
857.000000	292.167603	9.867884
858.000000	292.496185	9.864038
859.000000	292.828186	9.860429
860.000000	293.155090	9.854309
861.000000	293.481323	9.848072
862.000000	293.818329	9.845716
863.000000	294.149017	9.840735
864.000000	294.488403	9.836028
865.000000	294.821350	9.830026
866.000000	295.161987	9.824337
867.000000	295.496979	9.820022
868.000000	295.822021	9.813470
869.000000	296.159851	9.808920
870.000000	296.491455	9.800249
871.000000	296.805542	9.795383
872.000000	297.141479	9.790951
873.000000	297.468201	9.786871
874.000000	297.808441	9.779262
875.000000	298.135986	9.772552
876.000000	298.471252	9.766865
877.000000	298.804077	9.761097
878.000000	299.125458	9.757488
879.000000	299.472809	9.748778
880.000000	299.801788	9.743561
881.000000	300.133759	9.738265
882.000000	300.478302	9.734616
883.000000	300.813477	9.728378
884.000000	301.136383	9.722102
885.000000	301.467316	9.713589
886.000000	301.811157	9.706684
887.000000	302.153870	9.699700
888.000000	302.487061	9.692287
889.000000	302.827881	9.689776
890.000000	303.162140	9.682243
891.000000	303.502655	9.672553
892.000000	303.827118	9.666473
893.000000	304.159912	9.661843
894.000000	304.493835	9.654782
895.000000	304.826172	9.647525
896.000000	305.165863	9.641483
897.000000	305.506104	9.635285
898.000000	305.842255	9.630499
899.000000	306.173553	9.622965
900.000000	306.507690	9.614767
901.000000	306.841003	9.607745
902.000000	307.171906	9.599232
903.000000	307.509155	9.592052
904.000000	307.846863	9.586246
905.000000	308.167908	9.578558
906.000000	308.516907	9.568670
907.000000	308.853577	9.561884
908.000000	309.177155	9.553842
909.000000	309.521240	9.545486
910.000000	309.852631	9.538698
911.000000	310.190796	9.533598
912.000000	310.526489	9.526223
913.000000	310.869995	9.517475
914.000000	311.194092	9.510060
915.000000	311.509369	9.503156
916.000000	311.860718	9.494446
917.000000	312.209198	9.487110
918.000000	312.542358	9.480245
919.000000	312.875244	9.468987
920.000000	313.221558	9.462277
921.000000	313.556885	9.455490
922.000000	313.897461	9.445643
923.000000	314.235260	9.438816
924.000000	314.566772	9.430225
925.000000	314.904144	9.423792
926.000000	315.239746	9.417202
927.000000	315.582031	9.405471
928.000000	315.919037	9.400451
929.000000	316.246429	9.391152
930.000000	316.581543	9.383973
931.000000	316.912659	9.375224
932.000000	317.245361	9.366633
933.000000	317.564301	9.356943
934.000000	317.909668	9.347018
935.000000	318.241486	9.340388
936.000000	318.573486	9.333916
937.000000	318.904083	9.324892
938.000000	319.233521	9.316299
939.000000	319.572937	9.305747
940.000000	319.904144	9.298607
941.000000	320.247681	9.289741
942.000000	320.585083	9.281974
943.000000	320.916016	9.270715
944.000000	321.238892	9.263887
945.000000	321.594940	9.253766
946.000000	321.921814	9.244469
947.000000	322.256134	9.237721
948.000000	322.582092	9.232897
949.000000	322.923950	9.221871
950.000000	323.258911	9.211398
951.000000	323.588440	9.204140
952.000000	323.913452	9.195117
953.000000	324.250977	9.186446
954.000000	324.585236	9.176168
955.000000	324.925079	9.165301
956.000000	325.268494	9.159692
957.000000	325.585754	9.149845
958.000000	325.918793	9.141566
959.000000	326.235962	9.134583
960.000000	326.585541	9.126149
961.000000	326.921661	9.115635
962.000000	327.257568	9.105044
963.000000	327.594788	9.097158
964.000000	327.916931	9.086840
965.000000	328.247437	9.080013
966.000000	328.579193	9.067892
967.000000	328.912170	9.059144
968.000000	329.243561	9.048473
969.000000	329.569763	9.040549
970.000000	329.915771	9.034664
971.000000	330.235840	9.025955
972.000000	330.557434	9.015244
973.000000	330.911987	9.006732
974.000000	331.236237	8.995119
975.000000	331.572052	8.987076
976.000000	331.909180	8.977584
977.000000	332.236206	8.968207
978.000000	332.570038	8.957692
979.000000	332.916382	8.945728
980.000000	333.249512	8.938666
981.000000	333.587646	8.930860
982.000000	333.911316	8.921365
983.000000	334.234619	8.912225
984.000000	334.568329	8.903830
985.000000	334.910675	8.892610
986.000000	335.250000	8.882958
987.000000	335.579376	8.871975
988.000000	335.934418	8.862952
989.000000	336.269989	8.851497
990.000000	336.609528	8.841766
991.000000	336.932709	8.833136
992.000000	337.280731	8.825093
993.000000	337.608978	8.814737
994.000000	337.949615	8.803988
995.000000	338.285828	8.792376
996.000000	338.618317	8.782685
997.000000	338.954315	8.772759
998.000000	339.296387	8.762011
999.000000	339.627533	8.753419
1000.000000	339.961426	8.744043
1001.000000	340.302734	8.733059
1002.000000	340.641205	8.722113
1003.000000	340.964935	8.713013
1004.000000	341.308136	8.704263
1005.000000	341.640503	8.692259
1006.000000	341.969238	8.680922
1007.000000	342.306152	8.666798
1008.000000	342.658813	8.659148
1009.000000	342.995087	8.647419
1010.000000	343.310242	8.636668
1011.000000	343.628662	8.629137
1012.000000	343.979370	8.618859
1013.000000	344.316925	8.606225
1014.000000	344.653137	8.594261
1015.000000	344.994812	8.584532
1016.000000	345.311096	8.572880
1017.000000	345.660248	8.561700
1018.000000	345.986298	8.547891
1019.000000	346.314209	8.538395
1020.000000	346.633850	8.530354
1021.000000	346.966797	8.518938
1022.000000	347.320313	8.505953
1023.000000	347.649811	8.491985
1024.000000	347.987213	8.480139
1025.000000	348.302246	8.467624
1026.000000	348.619476	8.457385
1027.000000	348.945343	8.445380
1028.000000	349.298004	8.435102
1029.000000	349.639496	8.421684
1030.000000	349.969513	8.409563
1031.000000	350.303528	8.396420
1032.000000	350.629608	8.384651
1033.000000	350.959656	8.371744
1034.000000	351.289124	8.361191
1035.000000	351.643890	8.345067
1036.000000	351.981293	8.334162
1037.000000	352.317383	8.322432
1038.000000	352.658508	8.310152
1039.000000	352.989136	8.292930
1040.000000	353.329346	8.283867
1041.000000	353.666626	8.267429
1042.000000	353.999329	8.254993
1043.000000	354.327209	8.240674
1044.000000	354.679016	8.229141
1045.000000	355.008148	8.217529
1046.000000	355.350403	8.204191
1047.000000	355.679077	8.188067
1048.000000	356.014130	8.176769
1049.000000	356.354797	8.162213
1050.000000	356.685425	8.145619
1051.000000	357.021423	8.132713
1052.000000	357.329926	8.117648
1053.000000	357.686951	8.102347
1054.000000	358.025665	8.087559
1055.000000	358.362793	8.070807
1056.000000	358.696899	8.056017
1057.000000	359.023102	8.040050
1058.000000	359.368896	8.027731
1059.000000	359.699829	8.013687
1060.000000	360.024567	7.996505
1061.000000	360.373291	7.980341
1062.000000	360.710632	7.962610
1063.000000	361.035034	7.945151
1064.000000	361.377228	7.931381
1065.000000	361.726074	7.916670
1066.000000	362.067383	7.898546
1067.000000	362.406982	7.880617
1068.000000	362.738403	7.864964
1069.000000	363.078278	7.846015
1070.000000	363.411865	7.830873
1071.000000	363.762573	7.813258
1072.000000	364.094696	7.794427
1073.000000	364.425934	7.776421
1074.000000	364.758911	7.759590
1075.000000	365.096008	7.737974
1076.000000	365.430573	7.722439
1077.000000	365.776581	7.704865
1078.000000	366.113953	7.685249
1079.000000	366.461609	7.664143
1080.000000	366.785065	7.645901
1081.000000	367.128082	7.629699
1082.000000	367.465881	7.608710
1083.000000	367.803833	7.588505
1084.000000	368.121582	7.568655
1085.000000	368.454041	7.547118
1086.000000	368.776520	7.527934
1087.000000	369.083557	7.509339
1088.000000	369.418091	7.489645
1089.000000	369.747742	7.466028
1090.000000	370.080109	7.445549
1091.000000	370.417114	7.425267
1092.000000	370.750854	7.401101
1093.000000	371.075684	7.380388
1094.000000	371.402466	7.358143
1095.000000	371.726410	7.335311
1096.000000	372.048553	7.312871
1097.000000	372.378906	7.288313
1098.000000	372.692017	7.266697
1099.000000	373.027008	7.241982
1100.000000	373.348511	7.220640
1101.000000	373.669525	7.194434
1102.000000	373.991394	7.170543
1103.000000	374.326447	7.146534
1104.000000	374.648590	7.122211
1105.000000	374.985291	7.095848
1106.000000	375.304962	7.073839
1107.000000	375.634064	7.045593
1108.000000	375.962860	7.021977
1109.000000	376.295441	6.996516
1110.000000	376.633972	6.970310
1111.000000	376.963470	6.940455
1112.000000	377.299286	6.917505
1113.000000	377.638031	6.890397
1114.000000	377.971313	6.860385
1115.000000	378.310852	6.832885
1116.000000	378.630859	6.808091
1117.000000	378.971191	6.780198
1118.000000	379.304993	6.750304
1119.000000	379.655396	6.723864
1120.000000	379.996521	6.694989
1121.000000	380.331177	6.664625
1122.000000	380.674683	6.635006
1123.000000	381.007843	6.608212
1124.000000	381.353973	6.576787
1125.000000	381.687256	6.545795
1126.000000	382.034546	6.518686
1127.000000	382.367188	6.485459
1128.000000	382.698730	6.452347
1129.000000	383.036804	6.424102
1130.000000	383.366791	6.392247
1131.000000	383.698273	6.359607
1132.000000	384.041748	6.327830
1133.000000	384.377747	6.294209
1134.000000	384.712952	6.262040
1135.000000	385.048706	6.227792
1136.000000	385.386047	6.196996
1137.000000	385.732025	6.163689
1138.000000	386.055756	6.129441
1139.000000	386.385498	6.095585
1140.000000	386.722107	6.060984
1141.000000	387.060547	6.027205
1142.000000	387.399689	5.992996
1143.000000	387.727020	5.957885
1144.000000	388.056030	5.921911
1145.000000	388.383179	5.889271
1146.000000	388.711792	5.851805
1147.000000	389.053406	5.818695
1148.000000	389.377502	5.782250
1149.000000	389.713348	5.742744
1150.000000	390.040985	5.709437
1151.000000	390.380341	5.670050
1152.000000	390.713531	5.633409
1153.000000	391.044769	5.601789
1154.000000	391.381683	5.563500
1155.000000	391.715698	5.524191
1156.000000	392.047607	5.488020
1157.000000	392.376190	5.448044
1158.000000	392.710663	5.413129
1159.000000	393.047913	5.375193
1160.000000	393.376221	5.333922
1161.000000	393.712585	5.299320
1162.000000	394.037537	5.261660
1163.000000	394.372986	5.223841
1164.000000	394.704071	5.186337
1165.000000	395.044220	5.145655
1166.000000	395.383575	5.107483
1167.000000	395.714966	5.067782
1168.000000	396.041168	5.030512
1169.000000	396.370331	4.993518
1170.000000	396.703308	4.954523
1171.000000	397.037201	4.915842
1172.000000	397.373413	4.876453
1173.000000	397.712280	4.835458
1174.000000	398.041870	4.799562
1175.000000	398.373688	4.761390
1176.000000	398.714661	4.720669
1177.000000	399.039551	4.683007
1178.000000	399.390808	4.644444
1179.000000	399.730408	4.606665
1180.000000	400.059204	4.568572
1181.000000	400.388184	4.529381
1182.000000	400.731445	4.494034
1183.000000	401.072876	4.453901
1184.000000	401.403900	4.418672
1185.000000	401.747864	4.379951
1186.000000	402.062836	4.342211
1187.000000	402.397980	4.307100
1188.000000	402.727661	4.269949
1189.000000	403.069641	4.230639
1190.000000	403.403778	4.197254
1191.000000	403.723755	4.162064
1192.000000	404.052429	4.126914
1193.000000	404.399994	4.090782
1194.000000	404.735626	4.053670
1195.000000	405.076508	4.020716
1196.000000	405.399902	3.986507
1197.000000	405.738434	3.952495
1198.000000	406.060883	3.918796
1199.000000	406.392853	3.886626
1200.000000	406.718781	3.850220
1201.000000	407.070251	3.818836
1202.000000	407.402802	3.787177
1203.000000	407.734528	3.756537
1204.000000	408.066681	3.725467
1205.000000	408.408112	3.695809
1206.000000	408.734985	3.666660
1207.000000	409.060089	3.636727
1208.000000	409.397919	3.609658
1209.000000	409.736023	3.581255
1210.000000	410.072845	3.552735
1211.000000	410.411560	3.524881
1212.000000	410.734558	3.502284
1213.000000	411.073608	3.474705
1214.000000	411.410675	3.448616
1215.000000	411.734802	3.429158
1216.000000	412.080200	3.405934
1217.000000	412.428101	3.381689
1218.000000	412.764893	3.359406
1219.000000	413.096222	3.335789
1220.000000	413.434509	3.315036
1221.000000	413.780151	3.297029
1222.000000	414.116791	3.276551
1223.000000	414.452332	3.259172
1224.000000	414.782745	3.238693
1225.000000	415.121368	3.222295
1226.000000	415.459351	3.209584
1227.000000	415.788666	3.194520
1228.000000	416.126465	3.179848
1229.000000	416.456665	3.164312
1230.000000	416.794067	3.147521
1231.000000	417.138855	3.137047
1232.000000	417.463623	3.124689
1233.000000	417.800812	3.112528
1234.000000	418.136902	3.104054
1235.000000	418.472290	3.095305
1236.000000	418.811859	3.083928
1237.000000	419.143982	3.073454
1238.000000	419.474884	3.063529
1239.000000	419.805267	3.058899
1240.000000	420.145782	3.047876
1241.000000	420.485474	3.040618
1242.000000	420.801056	3.035558
1243.000000	421.133484	3.029241
1244.000000	421.465912	3.020689
1245.000000	421.800629	3.016766
1246.000000	422.132507	3.013235
1247.000000	422.462341	3.008880
1248.000000	422.785004	3.004996
1249.000000	423.119415	2.999348
1250.000000	423.481049	2.996680
1251.000000	423.814789	2.991109
1252.000000	424.153839	2.987029
1253.000000	424.486847	2.983341
1254.000000	424.828247	2.977653
1255.000000	425.158295	2.972357
1256.000000	425.492676	2.967531
1257.000000	425.828705	2.966276
1258.000000	426.157013	2.963177
1259.000000	426.495728	2.963020
1260.000000	426.830994	2.959097
1261.000000	427.163269	2.954036
1262.000000	427.490997	2.952584
1263.000000	427.820557	2.949720
1264.000000	428.161743	2.943365
1265.000000	428.494629	2.939835
1266.000000	428.825531	2.938736
1267.000000	429.169952	2.935402
1268.000000	429.503906	2.931832
1269.000000	429.835205	2.928340
1270.000000	430.178986	2.926300
1271.000000	430.513794	2.925790
1272.000000	430.859802	2.920376
1273.000000	431.178345	2.917983
1274.000000	431.497009	2.913158
1275.000000	431.845551	2.913550
1276.000000	432.193359	2.910568
1277.000000	432.539398	2.907548
1278.000000	432.879517	2.906449
1279.000000	433.217468	2.902919
1280.000000	433.560974	2.901977
1281.000000	433.882507	2.898250
1282.000000	434.217072	2.895347
1283.000000	434.556580	2.895857
1284.000000	434.880402	2.890796
1285.000000	435.220062	2.887344
1286.000000	435.554199	2.885186
1287.000000	435.881439	2.882401
1288.000000	436.214630	2.879106
1289.000000	436.542084	2.876673
1290.000000	436.868195	2.873770
1291.000000	437.177032	2.871965
1292.000000	437.523804	2.868356
1293.000000	437.846924	2.864786
1294.000000	438.184662	2.865139
1295.000000	438.513763	2.862746
1296.000000	438.858917	2.861334
1297.000000	439.182251	2.858470
1298.000000	439.503448	2.854704
1299.000000	439.836670	2.851330
1300.000000	440.168488	2.848349
1301.000000	440.505707	2.843445
1302.000000	440.834229	2.840816
1303.000000	441.158722	2.840777
1304.000000	441.492126	2.839836
1305.000000	441.835724	2.835481
1306.000000	442.161224	2.834225
1307.000000	442.502045	2.833284
1308.000000	442.837585	2.829008
1309.000000	443.177032	2.828145
1310.000000	443.512939	2.824614
1311.000000	443.842621	2.821985
1312.000000	444.184998	2.817709
1313.000000	444.517334	2.816062
1314.000000	444.848145	2.815395
1315.000000	445.184082	2.814179
1316.000000	445.521240	2.812884
1317.000000	445.861267	2.809157
1318.000000	446.185974	2.807823
1319.000000	446.517426	2.806882
1320.000000	446.863708	2.804606
1321.000000	447.202911	2.802371
1322.000000	447.533783	2.799428
1323.000000	447.876892	2.797859
1324.000000	448.218445	2.793975
1325.000000	448.525421	2.791817
1326.000000	448.867462	2.788365
1327.000000	449.193115	2.786639
1328.000000	449.533325	2.784952
1329.000000	449.870300	2.782520
1330.000000	450.199585	2.779617
1331.000000	450.536957	2.778558
1332.000000	450.856720	2.776125
1333.000000	451.201599	2.774007
1334.000000	451.533447	2.770829
1335.000000	451.877289	2.771810
1336.000000	452.212982	2.768475
1337.000000	452.542175	2.765258
1338.000000	452.862732	2.763296
1339.000000	453.193726	2.761374
1340.000000	453.520355	2.759844
1341.000000	453.858337	2.758000
1342.000000	454.192078	2.756824
1343.000000	454.521118	2.754587
1344.000000	454.848572	2.752077
1345.000000	455.181274	2.750939
1346.000000	455.518250	2.745564
1347.000000	455.851013	2.745839
1348.000000	456.189941	2.741838
1349.000000	456.526306	2.741171
1350.000000	456.847992	2.738385
1351.000000	457.169281	2.735757
1352.000000	457.513306	2.736463
1353.000000	457.837524	2.732736
1354.000000	458.181519	2.732265
1355.000000	458.504730	2.729519
1356.000000	458.815186	2.727204
1357.000000	459.131714	2.724145
1358.000000	459.475922	2.721163
1359.000000	459.801636	2.719594
1360.000000	460.128693	2.717083
1361.000000	460.471130	2.714572
1362.000000	460.787933	2.713827
1363.000000	461.120941	2.712768
1364.000000	461.442871	2.711944
1365.000000	461.774200	2.709943
1366.000000	462.110199	2.708217
1367.000000	462.438568	2.708923
1368.000000	462.769775	2.706295
1369.000000	463.119659	2.703666
1370.000000	463.446075	2.702607
1371.000000	463.770508	2.700881
1372.000000	464.119659	2.699547
1373.000000	464.448090	2.698292
1374.000000	464.789398	2.696252
1375.000000	465.119232	2.693035
1376.000000	465.471771	2.691858
1377.000000	465.820343	2.689700
1378.000000	466.137970	2.688876
1379.000000	466.474731	2.686130
1380.000000	466.811798	2.684483
1381.000000	467.156342	2.683188
1382.000000	467.485352	2.683305
1383.000000	467.822144	2.680638
1384.000000	468.148865	2.677264
1385.000000	468.495483	2.674714
1386.000000	468.828888	2.673615
1387.000000	469.156982	2.670909
1388.000000	469.497406	2.668359
1389.000000	469.830353	2.666868
1390.000000	470.164063	2.666476
1391.000000	470.504486	2.663847
1392.000000	470.837158	2.663847
1393.000000	471.167328	2.660552
1394.000000	471.518921	2.661690
1395.000000	471.863647	2.658943
1396.000000	472.196075	2.657570
1397.000000	472.542084	2.656197
1398.000000	472.874939	2.655648
1399.000000	473.223907	2.651608
1400.000000	473.568481	2.649528
1401.000000	473.903168	2.646782
1402.000000	474.248169	2.646664
1403.000000	474.595398	2.643369
1404.000000	474.949097	2.640740
1405.000000	475.311066	2.639564
1406.000000	475.650391	2.638779
1407.000000	475.973572	2.636935
1408.000000	476.313477	2.636896
1409.000000	476.653656	2.635562
1410.000000	476.979858	2.633286
1411.000000	477.314301	2.633404
1412.000000	477.654907	2.631482
1413.000000	477.982910	2.630619
1414.000000	478.316650	2.628579
1415.000000	478.642426	2.625989
1416.000000	478.967224	2.622930
1417.000000	479.290314	2.621478
1418.000000	479.611755	2.619674
1419.000000	479.976685	2.620301
1420.000000	480.302277	2.617320
1421.000000	480.638794	2.616613
1422.000000	480.958130	2.613710
1423.000000	481.293640	2.612534
1424.000000	481.622345	2.612926
1425.000000	481.960815	2.611788
1426.000000	482.286560	2.609395
1427.000000	482.582031	2.610101
1428.000000	482.929230	2.608375
1429.000000	483.266541	2.607708
1430.000000	483.595703	2.606414
1431.000000	483.922211	2.606021
1432.000000	484.257172	2.604413
1433.000000	484.595734	2.600843
1434.000000	484.936157	2.600058
1435.000000	485.261261	2.599077
1436.000000	485.579681	2.598881
1437.000000	485.927277	2.597665
1438.000000	486.252319	2.595154
1439.000000	486.573334	2.594448
1440.000000	486.908447	2.593467
1441.000000	487.228394	2.592016
1442.000000	487.563171	2.590918
1443.000000	487.888306	2.588171
1444.000000	488.217316	2.589741
1445.000000	488.559448	2.585543
1446.000000	488.898926	2.585621
1447.000000	489.225189	2.583228
1448.000000	489.555023	2.582718
1449.000000	489.893646	2.580207
1450.000000	490.227814	2.579972
1451.000000	490.568207	2.578167
1452.000000	490.906128	2.577893
1453.000000	491.249115	2.575068
1454.000000	491.584717	2.574676
1455.000000	491.921478	2.572322
1456.000000	492.261414	2.571733
1457.000000	492.597198	2.567457
1458.000000	492.935394	2.569340
1459.000000	493.261353	2.565810
1460.000000	493.602814	2.565104
1461.000000	493.934418	2.565574
1462.000000	494.271118	2.563770
1463.000000	494.610138	2.563377
1464.000000	494.936646	2.560514
1465.000000	495.274506	2.560278
1466.000000	495.596558	2.559062
1467.000000	495.930756	2.559533
1468.000000	496.265167	2.558434
1469.000000	496.593262	2.557061
1470.000000	496.924835	2.556041
1471.000000	497.232269	2.555218
1472.000000	497.587158	2.554982
1473.000000	497.926361	2.551608
1474.000000	498.270203	2.551491
1475.000000	498.598816	2.550588
1476.000000	498.944946	2.548823
1477.000000	499.282318	2.545920
1478.000000	499.608521	2.544115
1479.000000	499.936768	2.543645
1480.000000	500.237976	2.539996
1481.000000	500.596802	2.541997
1482.000000	500.949585	2.540192
1483.000000	501.291443	2.540585
1484.000000	501.618286	2.536269
1485.000000	501.957397	2.535602
1486.000000	502.292572	2.534190
1487.000000	502.625519	2.533052
1488.000000	502.969818	2.532228
1489.000000	503.304138	2.532071
1490.000000	503.634613	2.531287
1491.000000	503.963226	2.529875
1492.000000	504.283447	2.527011
1493.000000	504.627960	2.527128
1494.000000	504.955566	2.524892
1495.000000	505.285248	2.523558
1496.000000	505.610291	2.523794
1497.000000	505.941650	2.522852
1498.000000	506.275513	2.518929
1499.000000	506.594604	2.518262
1500.000000	506.936707	2.517635
1501.000000	507.270691	2.515673
1502.000000	507.601837	2.514026
1503.000000	507.941498	2.513751
1504.000000	508.289001	2.512025
1505.000000	508.624023	2.513947
1506.000000	508.958374	2.511554
1507.000000	509.292603	2.509945
1508.000000	509.626648	2.509867
1509.000000	509.959595	2.508965
1510.000000	510.292358	2.508376
1511.000000	510.621185	2.506101
1512.000000	510.947357	2.506336
1513.000000	511.278809	2.505081
1514.000000	511.625366	2.503198
1515.000000	511.948334	2.503276
1516.000000	512.289978	2.501550
1517.000000	512.634766	2.502374
1518.000000	512.962891	2.500766
1519.000000	513.289185	2.499549
1520.000000	513.642395	2.499000
1521.000000	513.975159	2.498255
1522.000000	514.294861	2.495116
1523.000000	514.637817	2.496018
1524.000000	514.966125	2.492527
1525.000000	515.293518	2.493233
1526.000000	515.618164	2.489977
1527.000000	515.971069	2.488447
1528.000000	516.289124	2.487191
1529.000000	516.620605	2.485701
1530.000000	516.945251	2.487074
1531.000000	517.266846	2.484681
1532.000000	517.601929	2.483975
1533.000000	517.927551	2.483386
1534.000000	518.262024	2.482209
1535.000000	518.579956	2.481543
1536.000000	518.925598	2.480483
1537.000000	519.264160	2.479463
1538.000000	519.597839	2.478757
1539.000000	519.936951	2.476168
1540.000000	520.257813	2.474285
1541.000000	520.591492	2.474128
1542.000000	520.936340	2.471225
1543.000000	521.277344	2.474089
1544.000000	521.604065	2.470872
1545.000000	521.947937	2.470597
1546.000000	522.285767	2.468047
1547.000000	522.605469	2.465615
1548.000000	522.936951	2.465379
1549.000000	523.264465	2.465889
1550.000000	523.602905	2.463496
1551.000000	523.931946	2.463771
1552.000000	524.255920	2.462241
1553.000000	524.574951	2.462398
1554.000000	524.900635	2.461182
1555.000000	525.224609	2.458985
1556.000000	525.557068	2.458279
1557.000000	525.895508	2.457337
1558.000000	526.217529	2.456867
1559.000000	526.557861	2.456474
1560.000000	526.886230	2.454473
1561.000000	527.227051	2.452551
1562.000000	527.559998	2.451923
1563.000000	527.888916	2.451178
1564.000000	528.226074	2.451139
1565.000000	528.560364	2.448510
1566.000000	528.904846	2.448275
1567.000000	529.247314	2.445803
1568.000000	529.585144	2.444469
1569.000000	529.927307	2.442155
1570.000000	530.260498	2.441527
1571.000000	530.599487	2.440860
1572.000000	530.943848	2.439134
1573.000000	531.292908	2.437173
1574.000000	531.623535	2.438075
1575.000000	531.957581	2.435956
1576.000000	532.303467	2.434583
1577.000000	532.630127	2.434309
1578.000000	532.960693	2.434348
1579.000000	533.297241	2.433053
1580.000000	533.629456	2.432936
1581.000000	533.960022	2.430935
1582.000000	534.290771	2.431288
1583.000000	534.634705	2.428424
1584.000000	534.960938	2.428267
1585.000000	535.288818	2.428856
1586.000000	535.610901	2.426973
1587.000000	535.948486	2.425090
1588.000000	536.278503	2.423638
1589.000000	536.613098	2.423285
1590.000000	536.950928	2.421559
1591.000000	537.279480	2.421284
1592.000000	537.604919	2.419832
1593.000000	537.935303	2.419205
1594.000000	538.254456	2.417753
1595.000000	538.588501	2.417243
1596.000000	538.911560	2.416616
1597.000000	539.256104	2.414027
1598.000000	539.590027	2.412928
1599.000000	539.895447	2.413791
1600.000000	540.234741	2.411320
1601.000000	540.574463	2.410300
1602.000000	540.901550	2.410260
1603.000000	541.232788	2.411594
1604.000000	541.551697	2.408417
1605.000000	541.889526	2.406886
1606.000000	542.224304	2.405357
1607.000000	542.548096	2.405710
1608.000000	542.874023	2.406219
1609.000000	543.199463	2.405082
1610.000000	543.531616	2.404729
1611.000000	543.870789	2.401433
1612.000000	544.192993	2.402924
1613.000000	544.526001	2.402179
1614.000000	544.855713	2.397746
1615.000000	545.189575	2.398766
1616.000000	545.523682	2.398374
1617.000000	545.869995	2.397393
1618.000000	546.197021	2.398099
1619.000000	546.514832	2.395117
1620.000000	546.848572	2.394529
1621.000000	547.186523	2.393548
1622.000000	547.521606	2.392803
1623.000000	547.858093	2.391312
1624.000000	548.182922	2.390723
1625.000000	548.514893	2.388134
1626.000000	548.852478	2.389037
1627.000000	549.184937	2.388723
1628.000000	549.507751	2.385427
1629.000000	549.847656	2.385074
1630.000000	550.181396	2.386094
1631.000000	550.524658	2.384054
1632.000000	550.860779	2.382995
1633.000000	551.180481	2.381622
1634.000000	551.522949	2.380955
1635.000000	551.854675	2.378640
1636.000000	552.177307	2.378719
1637.000000	552.504517	2.377463
1638.000000	552.830078	2.376993
1639.000000	553.169128	2.373226
1640.000000	553.504944	2.375737
1641.000000	553.838806	2.374796
1642.000000	554.162476	2.371422
1643.000000	554.509827	2.369107
1644.000000	554.824402	2.369696
1645.000000	555.170410	2.366989
1646.000000	555.495361	2.365459
1647.000000	555.833252	2.365812
1648.000000	556.156555	2.363419
1649.000000	556.501221	2.364831
1650.000000	556.834167	2.362360
1651.000000	557.165833	2.362948
1652.000000	557.490356	2.360359
1653.000000	557.812683	2.359417
1654.000000	558.149414	2.359653
1655.000000	558.469849	2.359339
1656.000000	558.813721	2.356514
1657.000000	559.137085	2.357574
1658.000000	559.476074	2.357181
1659.000000	559.814636	2.355220
1660.000000	560.140015	2.355141
1661.000000	560.463379	2.352945
1662.000000	560.796875	2.351336
1663.000000	561.124512	2.351964
1664.000000	561.443787	2.350394
1665.000000	561.774292	2.349139
1666.000000	562.119324	2.347923
1667.000000	562.454529	2.346824
1668.000000	562.784180	2.346118
1669.000000	563.119385	2.344628
1670.000000	563.453613	2.342391
1671.000000	563.792053	2.340940
1672.000000	564.140503	2.341175
1673.000000	564.491638	2.340273
1674.000000	564.810364	2.339606
1675.000000	565.145691	2.337684
1676.000000	565.471680	2.336350
1677.000000	565.815857	2.336232
1678.000000	566.155884	2.334820
1679.000000	566.481506	2.334428
1680.000000	566.818665	2.332505
1681.000000	567.152466	2.334035
1682.000000	567.503479	2.332231
1683.000000	567.833130	2.332505
1684.000000	568.171875	2.330230
1685.000000	568.512085	2.328425
1686.000000	568.853394	2.329210
1687.000000	569.189087	2.329249
1688.000000	569.514404	2.327013
1689.000000	569.846985	2.325797
1690.000000	570.177490	2.322776
1691.000000	570.502563	2.321560
1692.000000	570.821289	2.322305
1693.000000	571.136230	2.322031
1694.000000	571.472717	2.319677
1695.000000	571.795776	2.316970
1696.000000	572.130554	2.318108
1697.000000	572.459412	2.316499
1698.000000	572.775269	2.315205
1699.000000	573.098328	2.315244
1700.000000	573.436768	2.312027
1701.000000	573.765503	2.314028
1702.000000	574.101501	2.311948
1703.000000	574.433960	2.311360
1704.000000	574.757324	2.310575
1705.000000	575.089600	2.310143
1706.000000	575.426331	2.310066
1707.000000	575.748291	2.308378
1708.000000	576.084473	2.307712
1709.000000	576.417847	2.307868
1710.000000	576.751770	2.306182
1711.000000	577.073486	2.306456
1712.000000	577.415344	2.305358
1713.000000	577.755371	2.303985
1714.000000	578.082458	2.302494
1715.000000	578.420288	2.302965
1716.000000	578.747925	2.302925
1717.000000	579.083557	2.300493
1718.000000	579.427673	2.301827
1719.000000	579.752136	2.301043
1720.000000	580.079895	2.299865
1721.000000	580.412781	2.299669
1722.000000	580.763733	2.297786
1723.000000	581.097839	2.296217
1724.000000	581.420654	2.297943
1725.000000	581.774231	2.293589
1726.000000	582.104431	2.294177
1727.000000	582.429199	2.294059
1728.000000	582.768066	2.292961
1729.000000	583.097656	2.289587
1730.000000	583.442444	2.289116
1731.000000	583.777588	2.287822
1732.000000	584.110596	2.289469
1733.000000	584.451477	2.287115
1734.000000	584.770264	2.283977
1735.000000	585.119812	2.284605
1736.000000	585.460632	2.284173
1737.000000	585.795166	2.282761
1738.000000	586.124817	2.281192
1739.000000	586.449524	2.279544
1740.000000	586.800781	2.279191
1741.000000	587.128601	2.277426
1742.000000	587.456299	2.278406
1743.000000	587.792480	2.278328
1744.000000	588.120178	2.275033
1745.000000	588.439453	2.275229
1746.000000	588.776550	2.273463
1747.000000	589.125000	2.274052
1748.000000	589.442627	2.273032
1749.000000	589.768433	2.270207
1750.000000	590.121643	2.271541
1751.000000	590.465881	2.271148
1752.000000	590.795471	2.271815
1753.000000	591.119751	2.268559
1754.000000	591.446167	2.267500
1755.000000	591.774292	2.266559
1756.000000	592.079895	2.264715
1757.000000	592.450562	2.265735
1758.000000	592.784058	2.262636
1759.000000	593.123291	2.261930
1760.000000	593.443176	2.261890
1761.000000	593.764832	2.262204
1762.000000	594.082092	2.259536
1763.000000	594.429443	2.259183
1764.000000	594.766052	2.259968
1765.000000	595.106445	2.257653
1766.000000	595.453613	2.257339
1767.000000	595.775146	2.257065
1768.000000	596.118225	2.255574
1769.000000	596.449280	2.255221
1770.000000	596.794800	2.254279
1771.000000	597.114929	2.251769
1772.000000	597.455811	2.251494
1773.000000	597.792053	2.251847
1774.000000	598.118225	2.247375
1775.000000	598.457764	2.247571
1776.000000	598.794189	2.246237
1777.000000	599.123413	2.243922
1778.000000	599.444214	2.243962
1779.000000	599.777588	2.244197
1780.000000	600.119324	2.242785
1781.000000	600.457458	2.240784
1782.000000	600.792603	2.240470
1783.000000	601.130981	2.238705
1784.000000	601.434875	2.237175
1785.000000	601.776733	2.236743
1786.000000	602.110046	2.238195
1787.000000	602.434082	2.234978
1788.000000	602.771179	2.234468
1789.000000	603.081848	2.233565
1790.000000	603.417847	2.233173
1791.000000	603.753418	2.232036
1792.000000	604.101196	2.231525
1793.000000	604.436157	2.230309
1794.000000	604.776855	2.228309
1795.000000	605.106018	2.228270
1796.000000	605.425354	2.229054
1797.000000	605.745117	2.228230
1798.000000	606.090332	2.227132
1799.000000	606.434509	2.225053
1800.000000	606.771423	2.225484
1801.000000	607.112732	2.222738
1802.000000	607.421265	2.221718
1803.000000	607.765381	2.221443
1804.000000	608.100647	2.221718
1805.000000	608.429199	2.218540
1806.000000	608.750000	2.218893
1807.000000	609.099243	2.217481
1808.000000	609.430603	2.216226
1809.000000	609.780762	2.215520
1810.000000	610.104492	2.215049
1811.000000	610.450439	2.215088
1812.000000	610.786865	2.214303
1813.000000	611.106628	2.213989
1814.000000	611.449585	2.213480
1815.000000	611.785583	2.212656
1816.000000	612.123291	2.212381
1817.000000	612.454102	2.211047
1818.000000	612.784241	2.208772
1819.000000	613.125244	2.209085
1820.000000	613.458191	2.207242
1821.000000	613.772522	2.205869
1822.000000	614.106140	2.207242
1823.000000	614.428955	2.206693
1824.000000	614.759766	2.205594
1825.000000	615.089478	2.206104
1826.000000	615.425537	2.204927
1827.000000	615.752441	2.204653
1828.000000	616.090210	2.203319
1829.000000	616.419434	2.202613
1830.000000	616.746155	2.203044
1831.000000	617.076416	2.201161
1832.000000	617.400818	2.200220
1833.000000	617.719604	2.200612
1834.000000	618.056580	2.198494
1835.000000	618.394287	2.197552
1836.000000	618.719971	2.197591
1837.000000	619.056213	2.196807
1838.000000	619.396973	2.197081
1839.000000	619.715027	2.194257
1840.000000	620.048279	2.192883
1841.000000	620.382813	2.194178
1842.000000	620.716431	2.192609
1843.000000	621.057007	2.189470
1844.000000	621.379578	2.190176
1845.000000	621.719360	2.190373
1846.000000	622.044739	2.186764
1847.000000	622.378723	2.188451
1848.000000	622.722290	2.186764
1849.000000	623.052002	2.185430
1850.000000	623.385986	2.183115
1851.000000	623.719788	2.184763
1852.000000	624.061401	2.182056
1853.000000	624.388733	2.181311
1854.000000	624.710999	2.181624
1855.000000	625.029968	2.180604
1856.000000	625.378357	2.179859
1857.000000	625.718384	2.179466
1858.000000	626.040039	2.179506
1859.000000	626.375671	2.179349
1860.000000	626.704712	2.176799
1861.000000	627.034241	2.175661
1862.000000	627.365234	2.176289
1863.000000	627.695251	2.173347
1864.000000	628.026611	2.175858
1865.000000	628.353699	2.173425
1866.000000	628.689941	2.171974
1867.000000	629.019531	2.173386
1868.000000	629.350647	2.171346
1869.000000	629.689392	2.170287
1870.000000	630.010010	2.170051
1871.000000	630.339783	2.167972
1872.000000	630.674072	2.166834
1873.000000	631.005371	2.166520
1874.000000	631.333496	2.164873
1875.000000	631.667725	2.165030
1876.000000	632.015991	2.162676
1877.000000	632.356079	2.164363
1878.000000	632.670227	2.162597
1879.000000	633.002136	2.161931
1880.000000	633.350342	2.160126
1881.000000	633.701660	2.159263
1882.000000	634.042603	2.158988
1883.000000	634.367676	2.158949
1884.000000	634.705688	2.157851
1885.000000	635.041382	2.157184
1886.000000	635.374878	2.155457
1887.000000	635.711487	2.155183
1888.000000	636.039368	2.154987
1889.000000	636.362305	2.154712
1890.000000	636.703552	2.154242
1891.000000	637.037659	2.152123
1892.000000	637.364624	2.150907
1893.000000	637.699951	2.150789
1894.000000	638.019531	2.149730
1895.000000	638.343323	2.150436
1896.000000	638.666382	2.149377
1897.000000	639.008240	2.147141
1898.000000	639.342224	2.148004
1899.000000	639.678345	2.144041
1900.000000	640.012390	2.144590
1901.000000	640.355652	2.144983
1902.000000	640.699829	2.141570
1903.000000	641.017212	2.141648
1904.000000	641.353760	2.141845
1905.000000	641.681152	2.139373
1906.000000	642.027344	2.138353
1907.000000	642.382141	2.137411
1908.000000	642.712769	2.139334
1909.000000	643.052979	2.134351
1910.000000	643.393799	2.134547
1911.000000	643.725891	2.137411
1912.000000	644.068604	2.134430
1913.000000	644.416870	2.133567
1914.000000	644.736877	2.133214
1915.000000	645.081970	2.132076
1916.000000	645.406250	2.131291
1917.000000	645.744324	2.129762
1918.000000	646.077698	2.131135
1919.000000	646.398682	2.131684
1920.000000	646.722168	2.130389
1921.000000	647.066406	2.128545
1922.000000	647.395508	2.127957
1923.000000	647.726074	2.126270
1924.000000	648.043030	2.126074
1925.000000	648.378296	2.127800
1926.000000	648.706116	2.126152
1927.000000	649.047424	2.126937
1928.000000	649.376709	2.126623
1929.000000	649.717712	2.122896
1930.000000	650.046021	2.124465
1931.000000	650.377563	2.123642
1932.000000	650.697998	2.120581
1933.000000	651.037292	2.122308
1934.000000	651.341797	2.118620
1935.000000	651.678528	2.118541
1936.000000	652.009460	2.116109
1937.000000	652.349609	2.117364
1938.000000	652.693115	2.115207
1939.000000	653.025208	2.117129
1940.000000	653.354004	2.113834
1941.000000	653.685242	2.113206
1942.000000	654.010925	2.113128
1943.000000	654.333984	2.112775
1944.000000	654.664001	2.111009
1945.000000	654.993408	2.111441
1946.000000	655.322266	2.110029
1947.000000	655.654053	2.109519
1948.000000	655.973389	2.107792
1949.000000	656.295959	2.108185
1950.000000	656.627441	2.109008
1951.000000	656.946716	2.109832
1952.000000	657.274292	2.108027
1953.000000	657.596680	2.107008
1954.000000	657.915955	2.106262
1955.000000	658.249878	2.106654
1956.000000	658.584900	2.106890
1957.000000	658.920105	2.104614
1958.000000	659.238525	2.104026
1959.000000	659.577637	2.104261
1960.000000	659.914001	2.102731
1961.000000	660.245605	2.102928
1962.000000	660.586121	2.103634
1963.000000	660.914490	2.102143
1964.000000	661.243469	2.100966
1965.000000	661.577332	2.101868
1966.000000	661.921448	2.100221
1967.000000	662.244934	2.100848
1968.000000	662.576660	2.102143
1969.000000	662.919983	2.102143
1970.000000	663.262695	2.099436
1971.000000	663.572510	2.096886
1972.000000	663.912170	2.097004
1973.000000	664.242371	2.097004
1974.000000	664.580383	2.097867
1975.000000	664.910522	2.097357
1976.000000	665.251404	2.093159
1977.000000	665.587646	2.095552
1978.000000	665.900391	2.094611
1979.000000	666.240784	2.093591
1980.000000	666.612610	2.092531
1981.000000	666.955322	2.092845
1982.000000	667.278870	2.091551
1983.000000	667.615784	2.092022
1984.000000	667.949219	2.090021
1985.000000	668.264771	2.088962
1986.000000	668.598022	2.091002
1987.000000	668.964478	2.089707
1988.000000	669.311096	2.088216
1989.000000	669.643860	2.089589
1990.000000	669.983643	2.088844
1991.000000	670.311646	2.085862
1992.000000	670.634888	2.086215
1993.000000	670.984497	2.084646
1994.000000	671.316406	2.083312
1995.000000	671.644958	2.082606
1996.000000	671.981262	2.084646
1997.000000	672.297729	2.082645
1998.000000	672.639343	2.081155
1999.000000	673.003479	2.081900
2000.000000	673.336792	2.081469
2001.000000	673.676697	2.079311
2002.000000	673.983337	2.081272
2003.000000	674.321594	2.078252
2004.000000	674.643677	2.077899
2005.000000	674.987854	2.077310
2006.000000	675.322754	2.075741
2007.000000	675.641724	2.078055
2008.000000	675.962524	2.075623
2009.000000	676.290955	2.073191
2010.000000	676.613220	2.072877
2011.000000	676.935059	2.072132
2012.000000	677.278625	2.074093
2013.000000	677.607666	2.072799
2014.000000	677.929871	2.072877
2015.000000	678.255249	2.072798
2016.000000	678.604797	2.072485
2017.000000	678.924683	2.069111
2018.000000	679.256287	2.067463
2019.000000	679.613403	2.068366
2020.000000	679.934753	2.067934
2021.000000	680.270752	2.066326
2022.000000	680.598816	2.066835
2023.000000	680.938110	2.066208
2024.000000	681.264404	2.065973
2025.000000	681.604736	2.065855
2026.000000	681.931335	2.065580
2027.000000	682.255859	2.065776
2028.000000	682.620605	2.063815
2029.000000	682.975647	2.063893
2030.000000	683.321655	2.063736
2031.000000	683.657166	2.063815
2032.000000	684.006531	2.063344
2033.000000	684.342285	2.061579
2034.000000	684.693848	2.061147
2035.000000	685.051392	2.062128
2036.000000	685.390625	2.060833
2037.000000	685.742432	2.060362
2038.000000	686.076721	2.059382
2039.000000	686.411377	2.058676
2040.000000	686.736633	2.059931
2041.000000	687.080200	2.058911
2042.000000	687.434875	2.057302
2043.000000	687.768982	2.058950
2044.000000	688.085449	2.056479
2045.000000	688.395325	2.056243
2046.000000	688.722229	2.056989
2047.000000	689.048950	2.054125
2048.000000	689.387695	2.054831
2049.000000	689.704346	2.055066
2050.000000	690.027588	2.054792
2051.000000	690.343750	2.054164
2052.000000	690.667725	2.052556
2053.000000	691.008362	2.054556
2054.000000	691.345947	2.050163
2055.000000	691.681152	2.050476
2056.000000	692.016113	2.050790
2057.000000	692.335571	2.051457
2058.000000	692.682312	2.049849
2059.000000	693.010010	2.051183
2060.000000	693.356873	2.048829
2061.000000	693.691162	2.047220
2062.000000	694.026245	2.047220
2063.000000	694.356506	2.045573
2064.000000	694.702515	2.045259
2065.000000	695.008789	2.045180
2066.000000	695.349854	2.049849
2067.000000	695.695496	2.046632
2068.000000	696.028503	2.045573
2069.000000	696.345703	2.044631
2070.000000	696.680237	2.044199
2071.000000	696.999268	2.043494
2072.000000	697.336182	2.041806
2073.000000	697.666138	2.041924
2074.000000	697.993042	2.041806
2075.000000	698.321106	2.041257
2076.000000	698.647949	2.038903
2077.000000	698.988831	2.039806
2078.000000	699.321045	2.039374
2079.000000	699.626648	2.036471
2080.000000	699.972900	2.036550
2081.000000	700.322510	2.036236
2082.000000	700.661377	2.037138
2083.000000	700.984558	2.035608
2084.000000	701.302795	2.036550
2085.000000	701.641296	2.035961
2086.000000	701.970459	2.035098
2087.000000	702.298218	2.034706
2088.000000	702.635376	2.034784
2089.000000	702.969727	2.036157
2090.000000	703.298096	2.034196
2091.000000	703.627197	2.032862
2092.000000	703.953613	2.031803
2093.000000	704.268311	2.033058
2094.000000	704.608704	2.031371
2095.000000	704.924500	2.031724
2096.000000	705.262085	2.032980
2097.000000	705.593750	2.032705
2098.000000	705.930115	2.033293
2099.000000	706.261475	2.032156
2100.000000	706.608032	2.032352
2101.000000	706.954285	2.030351
2102.000000	707.273926	2.030233
2103.000000	707.616211	2.030037
2104.000000	707.966553	2.028233
2105.000000	708.299377	2.027722
2106.000000	708.636719	2.027644
2107.000000	708.962463	2.026938
2108.000000	709.300415	2.028193
2109.000000	709.641479	2.025761
2110.000000	709.974304	2.024506
2111.000000	710.303467	2.024702
2112.000000	710.637451	2.024035
2113.000000	710.969360	2.023839
2114.000000	711.328308	2.023643
2115.000000	711.657776	2.022583
2116.000000	711.982300	2.020700
2117.000000	712.338623	2.022348
2118.000000	712.665710	2.020308
2119.000000	712.990234	2.019837
2120.000000	713.313354	2.019249
2121.000000	713.631714	2.019798
2122.000000	713.951660	2.020975
2123.000000	714.281738	2.018503
2124.000000	714.625488	2.017915
2125.000000	714.947815	2.018425
2126.000000	715.284485	2.016934
2127.000000	715.610779	2.017483
2128.000000	715.948975	2.016189
2129.000000	716.288269	2.016738
2130.000000	716.614807	2.015561
2131.000000	716.935486	2.015444
2132.000000	717.281799	2.016189
2133.000000	717.618713	2.016777
2134.000000	717.942139	2.015522
2135.000000	718.261230	2.015247
2136.000000	718.616577	2.014934
2137.000000	718.967773	2.014267
2138.000000	719.306030	2.014031
2139.000000	719.634705	2.013757
2140.000000	719.965942	2.014502
2141.000000	720.301514	2.012266
2142.000000	720.636963	2.012776
2143.000000	720.970581	2.011913
2144.000000	721.298584	2.012109
2145.000000	721.650085	2.011913
2146.000000	721.975525	2.011128
2147.000000	722.292725	2.010344
2148.000000	722.620850	2.009991
2149.000000	722.974854	2.008578
2150.000000	723.299683	2.011168
2151.000000	723.635803	2.010226
2152.000000	723.965515	2.009088
2153.000000	724.279419	2.009010
2154.000000	724.616455	2.009794
2155.000000	724.966797	2.007754
2156.000000	725.305298	2.009598
2157.000000	725.625000	2.008814
2158.000000	725.950134	2.007048
2159.000000	726.278442	2.008186
2160.000000	726.625488	2.008382
2161.000000	726.945801	2.007166
2162.000000	727.282471	2.006303
2163.000000	727.601440	2.005832
2164.000000	727.941040	2.005754
2165.000000	728.266174	2.007126
2166.000000	728.593445	2.003675
2167.000000	728.939270	2.004694
2168.000000	729.264526	2.003871
2169.000000	729.604004	2.004459
2170.000000	729.938232	2.004341
2171.000000	730.249817	2.003321
2172.000000	730.606812	2.004145
2173.000000	730.939209	2.001987
2174.000000	731.254395	2.003047
2175.000000	731.588806	2.002576
2176.000000	731.915771	2.001870
2177.000000	732.245544	2.000418
2178.000000	732.581787	2.002184
2179.000000	732.926514	2.001124
2180.000000	733.247009	1.999712
2181.000000	733.578125	2.000771
2182.000000	733.933105	1.999594
2183.000000	734.279297	1.999751
2184.000000	734.600220	1.998457
2185.000000	734.920288	1.996377
2186.000000	735.234680	1.997751
2187.000000	735.573425	1.995397
2188.000000	735.904602	1.994494
2189.000000	736.222595	1.993043
2190.000000	736.560669	1.993161
2191.000000	736.890930	1.991944
2192.000000	737.228271	1.992376
2193.000000	737.567017	1.994651
2194.000000	737.913208	1.992180
2195.000000	738.244385	1.991121
2196.000000	738.583252	1.990415
2197.000000	738.921326	1.990375
2198.000000	739.269592	1.990101
2199.000000	739.608215	1.992611
2200.000000	739.934570	1.990454
2201.000000	740.254089	1.990101
2202.000000	740.586975	1.987472
2203.000000	740.938477	1.987707
2204.000000	741.258789	1.990650
2205.000000	741.588196	1.989002
2206.000000	741.913330	1.989865
2207.000000	742.240906	1.986334
2208.000000	742.577576	1.985589
2209.000000	742.875061	1.985942
2210.000000	743.209473	1.984373
2211.000000	743.559814	1.987158
2212.000000	743.912048	1.985511
2213.000000	744.257385	1.985785
2214.000000	744.599121	1.984177
2215.000000	744.937988	1.986217
2216.000000	745.271057	1.984373
2217.000000	745.601990	1.983392
2218.000000	745.941772	1.983510
2219.000000	746.260620	1.981627
2220.000000	746.580688	1.981195
2221.000000	746.895508	1.982098
2222.000000	747.231506	1.981156
2223.000000	747.566956	1.983157
2224.000000	747.917236	1.980175
2225.000000	748.248779	1.980607
2226.000000	748.561279	1.979508
2227.000000	748.876526	1.982254
2228.000000	749.211426	1.978841
2229.000000	749.542603	1.979979
2230.000000	749.883423	1.979900
2231.000000	750.209351	1.978724
2232.000000	750.535767	1.978018
2233.000000	750.882507	1.976958
2234.000000	751.209961	1.977547
2235.000000	751.532898	1.976292
2236.000000	751.876770	1.974918
2237.000000	752.208557	1.977351
2238.000000	752.565369	1.975977
2239.000000	752.945862	1.973977
2240.000000	753.312012	1.973741
2241.000000	753.659180	1.974683
2242.000000	753.975647	1.974134
2243.000000	754.277039	1.973898
2244.000000	754.601440	1.972604
2245.000000	754.938232	1.971584
2246.000000	755.275146	1.970682
2247.000000	755.601990	1.969897
2248.000000	755.928040	1.970524
2249.000000	756.239990	1.970093
2250.000000	756.554260	1.969387
2251.000000	756.878662	1.966641
2252.000000	757.198669	1.968014
2253.000000	757.549438	1.968485
2254.000000	757.882813	1.968798
2255.000000	758.198730	1.968288
2256.000000	758.528625	1.967621
2257.000000	758.874084	1.968759
2258.000000	759.203979	1.967268
2259.000000	759.527222	1.963542
2260.000000	759.860962	1.964444
2261.000000	760.213379	1.962875
2262.000000	760.547791	1.963149
2263.000000	760.881104	1.963698
2264.000000	761.211487	1.963071
2265.000000	761.539307	1.964718
2266.000000	761.847656	1.961580
2267.000000	762.196289	1.963267
2268.000000	762.550049	1.963032
2269.000000	762.886719	1.961149
2270.000000	763.239685	1.964601
2271.000000	763.556824	1.963267
2272.000000	763.893799	1.960874
2273.000000	764.230591	1.958951
2274.000000	764.554504	1.960050
2275.000000	764.883362	1.959383
2276.000000	765.222046	1.959422
2277.000000	765.552307	1.957814
2278.000000	765.872314	1.956205
2279.000000	766.202026	1.956401
2280.000000	766.538818	1.956166
2281.000000	766.874084	1.956166
2282.000000	767.218140	1.954793
2283.000000	767.558350	1.953145
2284.000000	767.917236	1.953498
2285.000000	768.240173	1.955852
2286.000000	768.568604	1.957029
2287.000000	768.899414	1.955656
2288.000000	769.214783	1.953106
2289.000000	769.560730	1.953773
2290.000000	769.886475	1.953341
2291.000000	770.209045	1.953067
2292.000000	770.552429	1.951851
2293.000000	770.855713	1.953381
2294.000000	771.181885	1.952439
2295.000000	771.498535	1.952596
2296.000000	771.825684	1.950478
2297.000000	772.148926	1.952204
2298.000000	772.474609	1.952910
2299.000000	772.815002	1.950791
2300.000000	773.142090	1.951341
2301.000000	773.479614	1.948241
2302.000000	773.814758	1.947810
2303.000000	774.143311	1.949418
2304.000000	774.464294	1.946986
2305.000000	774.781189	1.946790
2306.000000	775.122864	1.945652
2307.000000	775.447754	1.947182
2308.000000	775.774475	1.944122
2309.000000	776.118958	1.946280
2310.000000	776.453857	1.944789
2311.000000	776.798523	1.946162
2312.000000	777.115967	1.944162
2313.000000	777.452393	1.943024
2314.000000	777.777405	1.943102
2315.000000	778.102356	1.943181
2316.000000	778.439148	1.943652
2317.000000	778.765381	1.942749
2318.000000	779.116516	1.942553
2319.000000	779.455139	1.941494
2320.000000	779.792053	1.939532
2321.000000	780.133118	1.939375
2322.000000	780.454285	1.938120
2323.000000	780.794312	1.937649
2324.000000	781.138916	1.937806
2325.000000	781.489990	1.939375
2326.000000	781.815430	1.938277
2327.000000	782.131592	1.937374
2328.000000	782.468262	1.935452
2329.000000	782.771912	1.934157
2330.000000	783.129150	1.935256
2331.000000	783.445251	1.934197
2332.000000	783.791626	1.934785
2333.000000	784.114685	1.934511
2334.000000	784.448669	1.933883
2335.000000	784.789612	1.933883
2336.000000	785.142151	1.933451
2337.000000	785.469299	1.935217
2338.000000	785.786987	1.933138
2339.000000	786.122375	1.933412
2340.000000	786.439148	1.933255
2341.000000	786.777588	1.934157
2342.000000	787.108398	1.934354
2343.000000	787.442017	1.932353
2344.000000	787.765686	1.931843
2345.000000	788.098694	1.931451
2346.000000	788.433594	1.930823
2347.000000	788.763855	1.932039
2348.000000	789.111755	1.930666
2349.000000	789.429016	1.929372
2350.000000	789.782227	1.928587
2351.000000	790.118652	1.928862
2352.000000	790.456482	1.927018
2353.000000	790.792297	1.927136
2354.000000	791.114502	1.926782
2355.000000	791.474548	1.924742
2356.000000	791.815247	1.924899
2357.000000	792.153320	1.924193
2358.000000	792.487305	1.924232
2359.000000	792.822998	1.924350
2360.000000	793.157227	1.924507
2361.000000	793.495972	1.923644
2362.000000	793.845703	1.922271
2363.000000	794.175903	1.920859
2364.000000	794.511475	1.920662
2365.000000	794.830566	1.921722
2366.000000	795.150757	1.919328
2367.000000	795.466492	1.918034
2368.000000	795.809875	1.921957
2369.000000	796.153564	1.918583
2370.000000	796.479248	1.919015
2371.000000	796.817749	1.919838
2372.000000	797.157227	1.919956
2373.000000	797.489075	1.918034
2374.000000	797.840881	1.915719
2375.000000	798.161865	1.913836
2376.000000	798.480774	1.912110
2377.000000	798.818359	1.912816
2378.000000	799.126831	1.913326
2379.000000	799.470032	1.912934
2380.000000	799.809204	1.911679
2381.000000	800.144592	1.909717
2382.000000	800.470947	1.908030
2383.000000	800.800049	1.908383
2384.000000	801.123657	1.907402
2385.000000	801.455078	1.909168
2386.000000	801.804993	1.908187
2387.000000	802.134888	1.907246
2388.000000	802.455444	1.907834
2389.000000	802.781982	1.907795
2390.000000	803.104004	1.907638
2391.000000	803.427856	1.908501
2392.000000	803.759033	1.908148
2393.000000	804.091858	1.907246
2394.000000	804.436523	1.907952
2395.000000	804.760803	1.905951
2396.000000	805.091248	1.907128
2397.000000	805.425903	1.907481
2398.000000	805.750305	1.905402
2399.000000	806.086060	1.906265
2400.000000	806.410339	1.907010
2401.000000	806.759644	1.905519
2402.000000	807.113586	1.903675
2403.000000	807.461792	1.904460
2404.000000	807.769775	1.906461
2405.000000	808.114746	1.904656
2406.000000	808.456970	1.903911
2407.000000	808.783508	1.902381
2408.000000	809.107971	1.904107
2409.000000	809.449951	1.902106
2410.000000	809.790466	1.903244
