0.000000	29.490456	9.852073
1.000000	29.509026	9.852034
2.000000	29.533257	9.850896
3.000000	29.562187	9.848619
4.000000	29.591372	9.846698
5.000000	29.636217	9.847325
6.000000	29.661301	9.847168
7.000000	29.692886	9.846188
8.000000	29.729540	9.844188
9.000000	29.763298	9.843834
10.000000	29.811159	9.842579
11.000000	29.843597	9.843324
12.000000	29.902914	9.838616
13.000000	29.953671	9.839480
14.000000	30.012392	9.838616
15.000000	30.059530	9.836694
16.000000	30.115953	9.836185
17.000000	30.170732	9.835282
18.000000	30.233406	9.834105
19.000000	30.298342	9.836067
20.000000	30.349764	9.831869
21.000000	30.431213	9.832615
22.000000	30.493042	9.831399
23.000000	30.558937	9.830614
24.000000	30.634523	9.829437
25.000000	30.711660	9.828731
26.000000	30.785570	9.828300
27.000000	30.859718	9.827593
28.000000	30.933630	9.827946
29.000000	31.015907	9.827593
30.000000	31.095200	9.826220
31.000000	31.172577	9.825749
32.000000	31.262991	9.823161
33.000000	31.342400	9.823474
34.000000	31.418703	9.823669
35.000000	31.510195	9.820061
36.000000	31.597374	9.818413
37.000000	31.674633	9.819590
38.000000	31.754406	9.816805
39.000000	31.841112	9.816216
40.000000	31.939178	9.814217
41.000000	32.024921	9.811039
42.000000	32.116894	9.810685
43.000000	32.211731	9.810332
44.000000	32.304657	9.809313
45.000000	32.392796	9.809196
46.000000	32.488232	9.807978
47.000000	32.578167	9.805349
48.000000	32.680420	9.806133
49.000000	32.774181	9.803467
50.000000	32.871052	9.803976
51.000000	32.969959	9.804172
52.000000	33.064198	9.802955
53.000000	33.153652	9.802485
54.000000	33.258774	9.801700
55.000000	33.370838	9.800248
56.000000	33.465557	9.798561
57.000000	33.572708	9.799386
58.000000	33.682384	9.797777
59.000000	33.797672	9.797424
60.000000	33.907818	9.796404
61.000000	34.028244	9.795266
62.000000	34.142460	9.795582
63.000000	34.274857	9.791500
64.000000	34.400665	9.792324
65.000000	34.526237	9.791618
66.000000	34.675972	9.791108
67.000000	34.818645	9.789657
68.000000	34.964790	9.787617
69.000000	35.123253	9.787617
70.000000	35.291283	9.786126
71.000000	35.463383	9.786205
72.000000	35.629620	9.786244
73.000000	35.805893	9.785577
74.000000	36.002991	9.784557
75.000000	36.211918	9.782869
76.000000	36.413315	9.782516
77.000000	36.630859	9.780398
78.000000	36.860481	9.781340
79.000000	37.091057	9.780163
80.000000	37.325459	9.780753
81.000000	37.571945	9.780320
82.000000	37.828121	9.777377
83.000000	38.101151	9.776044
84.000000	38.375622	9.777221
85.000000	38.657982	9.775966
86.000000	38.961746	9.776083
87.000000	39.256073	9.776750
88.000000	39.566654	9.774319
89.000000	39.894226	9.773571
90.000000	40.247261	9.773064
91.000000	40.585278	9.773102
92.000000	40.915794	9.771769
93.000000	41.265663	9.772356
94.000000	41.626572	9.770238
95.000000	42.000778	9.768276
96.000000	42.369995	9.767334
97.000000	42.761890	9.766550
98.000000	43.158535	9.766747
99.000000	43.546280	9.762942
100.000000	43.947430	9.761490
101.000000	44.361641	9.759725
102.000000	44.771587	9.759646
103.000000	45.194702	9.758979
104.000000	45.617943	9.755998
105.000000	46.051746	9.753368
106.000000	46.467621	9.751995
107.000000	46.910091	9.750231
108.000000	47.338791	9.749447
109.000000	47.776390	9.748074
110.000000	48.214947	9.747170
111.000000	48.651360	9.744385
112.000000	49.099766	9.741168
113.000000	49.529770	9.739010
114.000000	49.985893	9.736263
115.000000	50.422897	9.734615
116.000000	50.863052	9.732420
117.000000	51.294933	9.731988
118.000000	51.734024	9.728770
119.000000	52.173351	9.727867
120.000000	52.592239	9.726536
121.000000	53.015617	9.724965
122.000000	53.452942	9.721748
123.000000	53.876446	9.720768
124.000000	54.292850	9.716295
125.000000	54.705132	9.715393
126.000000	55.112442	9.710843
127.000000	55.510540	9.705940
128.000000	55.935345	9.706724
129.000000	56.323166	9.703114
130.000000	56.719494	9.701035
131.000000	57.104717	9.699271
132.000000	57.493725	9.696995
133.000000	57.870090	9.690560
134.000000	58.251652	9.687148
135.000000	58.621750	9.685970
136.000000	58.999535	9.683460
137.000000	59.356529	9.681772
138.000000	59.718590	9.677653
139.000000	60.067673	9.677182
140.000000	60.419353	9.675692
141.000000	60.763779	9.672161
142.000000	61.116081	9.669455
143.000000	61.451553	9.668159
144.000000	61.784435	9.664393
145.000000	62.114025	9.660706
146.000000	62.433617	9.657097
147.000000	62.765568	9.655174
148.000000	63.079502	9.653408
149.000000	63.400272	9.650742
150.000000	63.712566	9.650074
151.000000	64.006027	9.645523
152.000000	64.326439	9.639914
153.000000	64.622726	9.637836
154.000000	64.922195	9.634029
155.000000	65.218246	9.631754
156.000000	65.503479	9.630774
157.000000	65.790001	9.626496
158.000000	66.083237	9.624614
159.000000	66.372467	9.622377
160.000000	66.661461	9.616062
161.000000	66.940811	9.614021
162.000000	67.212036	9.611156
163.000000	67.495377	9.607195
164.000000	67.768486	9.603860
165.000000	68.060539	9.602566
166.000000	68.343178	9.601390
167.000000	68.617470	9.598369
168.000000	68.893990	9.595034
169.000000	69.164154	9.595035
170.000000	69.441154	9.590444
171.000000	69.720612	9.586403
172.000000	70.004791	9.583031
173.000000	70.283661	9.581108
174.000000	70.558411	9.578008
175.000000	70.839409	9.576675
176.000000	71.130348	9.574322
177.000000	71.402191	9.571575
178.000000	71.687668	9.568829
179.000000	71.976425	9.567142
180.000000	72.246849	9.564158
181.000000	72.545609	9.562668
182.000000	72.832947	9.559648
183.000000	73.126419	9.556431
184.000000	73.420235	9.552938
185.000000	73.712173	9.551016
186.000000	74.005516	9.548545
187.000000	74.312859	9.546230
188.000000	74.615265	9.543564
189.000000	74.919670	9.538307
190.000000	75.235352	9.535993
191.000000	75.538223	9.533402
192.000000	75.856384	9.529363
193.000000	76.174179	9.529440
194.000000	76.489868	9.527910
195.000000	76.800720	9.524891
196.000000	77.130882	9.523477
197.000000	77.459503	9.518690
198.000000	77.787170	9.516651
199.000000	78.117325	9.512257
200.000000	78.445129	9.506608
201.000000	78.788445	9.505038
202.000000	79.124580	9.501587
203.000000	79.463196	9.500644
204.000000	79.818390	9.496799
205.000000	80.162766	9.495152
206.000000	80.505608	9.491072
207.000000	80.850449	9.491386
208.000000	81.210701	9.485816
209.000000	81.550491	9.483814
210.000000	81.913567	9.480834
211.000000	82.261353	9.479029
212.000000	82.622543	9.475851
213.000000	82.978432	9.473497
214.000000	83.326927	9.472164
215.000000	83.673286	9.470909
216.000000	84.037201	9.466908
217.000000	84.406021	9.465061
218.000000	84.765205	9.461611
219.000000	85.115356	9.455922
220.000000	85.479828	9.456864
221.000000	85.842781	9.453922
222.000000	86.204788	9.450155
223.000000	86.560455	9.447017
224.000000	86.931519	9.445801
225.000000	87.283882	9.443250
226.000000	87.660469	9.439797
227.000000	88.009674	9.437836
228.000000	88.366150	9.435599
229.000000	88.725700	9.431403
230.000000	89.444893	9.426852
231.000000	89.801384	9.423831
232.000000	90.162453	9.420222
233.000000	90.515289	9.420614
234.000000	90.876007	9.415238
235.000000	91.228378	9.412494
236.000000	91.582321	9.406218
237.000000	91.942322	9.404882
238.000000	92.288475	9.403040
239.000000	92.638748	9.401392
240.000000	92.991737	9.398725
241.000000	93.338348	9.397273
242.000000	93.668602	9.395860
243.000000	94.023232	9.391859
244.000000	94.371262	9.388838
245.000000	94.717545	9.387112
246.000000	95.056389	9.383226
247.000000	95.392151	9.379853
248.000000	95.727463	9.378597
249.000000	96.074219	9.378520
250.000000	96.410339	9.374636
251.000000	96.751892	9.372989
252.000000	97.075882	9.371811
253.000000	97.416504	9.368439
254.000000	97.752159	9.367378
255.000000	98.074036	9.364280
256.000000	98.396027	9.361454
257.000000	98.717545	9.358434
258.000000	99.034584	9.357767
259.000000	99.367065	9.354354
260.000000	99.694237	9.352470
261.000000	100.026596	9.350628
262.000000	100.351891	9.346744
263.000000	100.670815	9.345802
264.000000	100.987503	9.343567
265.000000	101.308777	9.339054
266.000000	101.619102	9.336661
267.000000	101.937241	9.333522
268.000000	102.267799	9.331758
269.000000	102.581932	9.329481
270.000000	102.893921	9.328304
271.000000	103.204979	9.326343
272.000000	103.524193	9.325009
273.000000	103.841621	9.323127
274.000000	104.165802	9.322969
275.000000	104.483002	9.319987
276.000000	104.785774	9.318184
277.000000	105.104515	9.315006
278.000000	105.426453	9.314457
279.000000	105.744125	9.312691
280.000000	106.052940	9.309435
281.000000	106.379829	9.306296
282.000000	106.689110	9.303629
283.000000	106.996613	9.301707
284.000000	107.328232	9.299156
285.000000	107.648262	9.296489
286.000000	107.966782	9.293821
287.000000	108.292969	9.294135
288.000000	108.609688	9.292369
289.000000	108.937531	9.288446
290.000000	109.252258	9.286093
291.000000	109.586716	9.286053
292.000000	109.898590	9.282955
293.000000	110.225609	9.280521
294.000000	110.553574	9.279972
295.000000	110.875977	9.279346
296.000000	111.217186	9.275619
297.000000	111.522430	9.275305
298.000000	111.873581	9.273932
299.000000	112.209152	9.273382
300.000000	112.536377	9.272480
301.000000	112.874641	9.269656
302.000000	113.218628	9.268282
303.000000	113.552376	9.267143
304.000000	113.890526	9.265261
305.000000	114.224876	9.265104
306.000000	114.555199	9.262161
307.000000	114.901184	9.262829
308.000000	115.242416	9.259062
309.000000	115.570587	9.257926
310.000000	115.907799	9.258827
311.000000	116.257355	9.254080
312.000000	116.607025	9.252393
313.000000	116.946480	9.251255
314.000000	117.287254	9.249294
315.000000	117.635742	9.247843
316.000000	117.969490	9.247293
317.000000	118.311691	9.244587
318.000000	118.660065	9.244941
319.000000	119.006882	9.242939
320.000000	119.351807	9.240428
321.000000	119.693993	9.239133
322.000000	120.042503	9.238741
323.000000	120.379700	9.238780
324.000000	120.709068	9.233171
325.000000	121.055634	9.233837
326.000000	121.400681	9.230896
327.000000	121.739319	9.230857
328.000000	122.072960	9.229130
329.000000	122.423912	9.229679
330.000000	122.759712	9.226188
331.000000	123.103745	9.226854
332.000000	123.439278	9.224265
333.000000	123.782112	9.223285
334.000000	124.123871	9.222264
335.000000	124.460617	9.222735
336.000000	124.810982	9.220107
337.000000	125.146408	9.219361
338.000000	125.488777	9.218459
339.000000	125.834946	9.216773
340.000000	126.176109	9.216576
341.000000	126.501617	9.213987
342.000000	126.838120	9.212732
343.000000	127.177132	9.210221
344.000000	127.494751	9.208572
345.000000	127.834259	9.208691
346.000000	128.173843	9.207710
347.000000	128.515137	9.205591
348.000000	128.853302	9.205042
349.000000	129.184311	9.203277
350.000000	129.523682	9.201550
351.000000	129.856247	9.200607
352.000000	130.186890	9.201550
353.000000	130.511459	9.199903
354.000000	130.850464	9.200569
355.000000	131.189209	9.198019
356.000000	131.514618	9.199196
357.000000	131.840820	9.197117
358.000000	132.163116	9.196410
359.000000	132.503052	9.194920
360.000000	132.831818	9.195823
361.000000	133.150269	9.194449
362.000000	133.473526	9.193155
363.000000	133.805176	9.193233
364.000000	134.128677	9.191664
365.000000	134.463852	9.189467
366.000000	134.761978	9.189388
367.000000	135.123566	9.187662
368.000000	135.451996	9.186211
369.000000	135.788605	9.187271
370.000000	136.111496	9.187114
371.000000	136.443878	9.185426
372.000000	136.764481	9.184799
373.000000	137.093399	9.184132
374.000000	137.420868	9.183033
375.000000	137.745453	9.181699
376.000000	138.069550	9.182171
377.000000	138.400970	9.180876
378.000000	138.718216	9.180326
379.000000	139.047485	9.179268
380.000000	139.380615	9.177973
381.000000	139.714417	9.178326
382.000000	140.036011	9.178993
383.000000	140.363953	9.177737
384.000000	140.690323	9.176129
385.000000	141.020325	9.174677
386.000000	141.346222	9.175344
387.000000	141.688110	9.175736
388.000000	142.022308	9.175735
389.000000	142.347595	9.175736
390.000000	142.671341	9.174442
391.000000	143.012390	9.175226
392.000000	143.341736	9.173737
393.000000	143.672913	9.173815
394.000000	143.999268	9.173226
395.000000	144.343246	9.171736
396.000000	144.679260	9.172717
397.000000	145.007294	9.172128
398.000000	145.335815	9.172323
399.000000	145.682480	9.172362
400.000000	146.014267	9.169579
401.000000	146.348572	9.168832
402.000000	146.686264	9.170403
403.000000	147.019882	9.169930
404.000000	147.360458	9.169892
405.000000	147.693924	9.170402
406.000000	148.025711	9.169892
407.000000	148.360046	9.167617
408.000000	148.700134	9.168872
409.000000	149.041580	9.168557
410.000000	149.380142	9.168597
411.000000	149.720016	9.166871
412.000000	150.047943	9.165653
413.000000	150.387573	9.165498
414.000000	150.733963	9.165577
415.000000	151.055115	9.165772
416.000000	151.395096	9.165890
417.000000	151.732330	9.166165
418.000000	152.069427	9.164909
419.000000	152.412109	9.164360
420.000000	152.744949	9.165694
421.000000	153.070755	9.164948
422.000000	153.404739	9.163811
423.000000	153.753922	9.164242
424.000000	154.079803	9.163536
425.000000	154.429947	9.162320
426.000000	154.762497	9.164792
427.000000	155.091034	9.163105
428.000000	155.435104	9.162595
429.000000	155.779312	9.162830
430.000000	156.113190	9.163811
431.000000	156.441483	9.162556
432.000000	156.781052	9.162437
433.000000	157.109131	9.161340
434.000000	157.457809	9.161614
435.000000	157.789749	9.161064
436.000000	158.124023	9.161732
437.000000	158.454712	9.161026
438.000000	158.763245	9.161340
439.000000	159.081955	9.160909
440.000000	159.444122	9.160241
441.000000	159.771210	9.159809
442.000000	160.115402	9.159809
443.000000	160.434723	9.161104
444.000000	160.739716	9.159534
445.000000	161.075775	9.162163
446.000000	161.430908	9.158200
447.000000	161.781525	9.160438
448.000000	162.120987	9.160633
449.000000	162.462631	9.158672
450.000000	162.768372	9.156436
451.000000	163.079224	9.154904
452.000000	163.440323	9.158358
453.000000	163.777832	9.157730
454.000000	164.120468	9.158005
455.000000	164.456635	9.157023
456.000000	164.785965	9.154867
457.000000	165.117126	9.156319
458.000000	165.449280	9.156946
459.000000	165.789459	9.156319
460.000000	166.116257	9.156240
461.000000	166.446075	9.157143
462.000000	166.784180	9.155926
463.000000	167.108902	9.156083
464.000000	167.443237	9.154631
465.000000	167.776123	9.153023
466.000000	168.109497	9.156436
467.000000	168.439438	9.156947
468.000000	168.776077	9.153494
469.000000	169.112610	9.156319
470.000000	169.444641	9.153846
471.000000	169.770081	9.155455
472.000000	170.098312	9.153925
473.000000	170.441315	9.155141
474.000000	170.776138	9.156279
475.000000	171.098160	9.154474
476.000000	171.437622	9.155182
477.000000	171.769287	9.154239
478.000000	172.098022	9.155103
479.000000	172.436615	9.154552
480.000000	172.749756	9.155103
481.000000	173.112610	9.153101
482.000000	173.450775	9.155416
483.000000	173.787094	9.152592
484.000000	174.113052	9.151375
485.000000	174.438782	9.155259
486.000000	174.774292	9.153337
487.000000	175.105026	9.153729
488.000000	175.451767	9.153885
489.000000	175.778244	9.150237
490.000000	176.112625	9.153572
491.000000	176.444229	9.152748
492.000000	176.779861	9.151846
493.000000	177.101669	9.150551
494.000000	177.440598	9.152199
495.000000	177.768524	9.153416
496.000000	178.088257	9.152670
497.000000	178.432205	9.151375
498.000000	178.769913	9.152238
499.000000	179.102112	9.152945
500.000000	179.430771	9.151963
501.000000	179.757477	9.151649
502.000000	180.086868	9.152317
503.000000	180.421890	9.150276
504.000000	180.751282	9.151296
505.000000	181.094360	9.151570
506.000000	181.423141	9.151885
507.000000	181.764526	9.150276
508.000000	182.107956	9.151924
509.000000	182.440536	9.151023
510.000000	182.769928	9.151768
511.000000	183.105423	9.150473
512.000000	183.438004	9.151375
513.000000	183.764587	9.151100
514.000000	184.095444	9.150707
515.000000	184.432785	9.152238
516.000000	184.755692	9.149492
517.000000	185.090591	9.150002
518.000000	185.412659	9.151218
519.000000	185.771866	9.150747
520.000000	186.114197	9.152003
521.000000	186.457031	9.150591
522.000000	186.782639	9.151138
523.000000	187.116196	9.149649
524.000000	187.458786	9.150082
525.000000	187.791107	9.149256
526.000000	188.142502	9.150394
527.000000	188.482147	9.151100
528.000000	188.806656	9.151217
529.000000	189.151688	9.149727
530.000000	189.468628	9.148590
531.000000	189.812561	9.151414
532.000000	190.140991	9.151884
533.000000	190.483078	9.149924
534.000000	190.811874	9.149335
535.000000	191.156769	9.150041
536.000000	191.491547	9.148904
537.000000	191.830093	9.149100
538.000000	192.163391	9.148785
539.000000	192.496231	9.148041
540.000000	192.833191	9.149336
541.000000	193.161972	9.149531
542.000000	193.501755	9.150826
543.000000	193.837585	9.150473
544.000000	194.169861	9.147177
545.000000	194.495605	9.149649
546.000000	194.832687	9.149414
547.000000	195.174057	9.147530
548.000000	195.508575	9.148041
549.000000	195.841660	9.148668
550.000000	196.168610	9.148355
551.000000	196.477890	9.148707
552.000000	196.852798	9.148354
553.000000	197.182846	9.147727
554.000000	197.520767	9.149335
555.000000	197.857513	9.149139
556.000000	198.191284	9.148197
557.000000	198.511566	9.147177
558.000000	198.849609	9.146980
559.000000	199.180267	9.146785
560.000000	199.515015	9.147570
561.000000	199.855042	9.146667
562.000000	200.187622	9.148942
563.000000	200.515778	9.146824
564.000000	200.839233	9.148354
565.000000	201.174240	9.147765
566.000000	201.513794	9.148158
567.000000	201.843414	9.146587
568.000000	202.173813	9.147609
569.000000	202.505020	9.147295
570.000000	202.839828	9.146902
571.000000	203.174332	9.147883
572.000000	203.506943	9.147451
573.000000	203.835464	9.147411
574.000000	204.166443	9.147334
575.000000	204.497711	9.148786
576.000000	204.832855	9.146587
577.000000	205.171555	9.145685
578.000000	205.506958	9.144745
579.000000	205.838547	9.145882
580.000000	206.175781	9.146862
581.000000	206.507629	9.147412
582.000000	206.853027	9.143763
583.000000	207.188782	9.145529
584.000000	207.527100	9.146236
585.000000	207.857117	9.144509
586.000000	208.190720	9.145253
587.000000	208.532074	9.144432
588.000000	208.870163	9.144744
589.000000	209.204102	9.144627
590.000000	209.539230	9.145294
591.000000	209.872192	9.146353
592.000000	210.200043	9.143175
593.000000	210.537643	9.146549
594.000000	210.874725	9.143489
595.000000	211.210373	9.144196
596.000000	211.560638	9.145802
597.000000	211.893845	9.144313
598.000000	212.234344	9.143960
599.000000	212.563416	9.144274
600.000000	212.891983	9.144470
601.000000	213.235168	9.143097
602.000000	213.572876	9.143645
603.000000	213.903412	9.141645
604.000000	214.238297	9.142351
605.000000	214.572037	9.140664
606.000000	214.902161	9.141763
607.000000	215.250824	9.142430
608.000000	215.579834	9.141449
609.000000	215.921478	9.139723
610.000000	216.237244	9.140586
611.000000	216.580826	9.141605
612.000000	216.909592	9.141371
613.000000	217.239105	9.140469
614.000000	217.570526	9.141253
615.000000	217.895752	9.141645
616.000000	218.231705	9.141370
617.000000	218.566299	9.144038
618.000000	218.892395	9.141567
619.000000	219.231140	9.138076
620.000000	219.563904	9.138428
621.000000	219.892670	9.138115
622.000000	220.222656	9.139292
623.000000	220.565521	9.141567
624.000000	220.887222	9.139448
625.000000	221.216568	9.140312
626.000000	221.563965	9.139056
627.000000	221.887863	9.137016
628.000000	222.239349	9.139370
629.000000	222.564331	9.138271
630.000000	222.895889	9.137094
631.000000	223.211426	9.136113
632.000000	223.561447	9.136976
633.000000	223.898743	9.138036
634.000000	224.220093	9.138821
635.000000	224.566910	9.135212
636.000000	224.895401	9.137878
637.000000	225.222916	9.137722
638.000000	225.578064	9.135839
639.000000	225.911865	9.134701
640.000000	226.235489	9.134466
641.000000	226.576843	9.135055
642.000000	226.916107	9.134819
643.000000	227.257202	9.135799
644.000000	227.589661	9.135368
645.000000	227.920914	9.133093
646.000000	228.257141	9.133956
647.000000	228.589172	9.133289
648.000000	228.935562	9.133093
649.000000	229.260910	9.133995
650.000000	229.592056	9.133055
651.000000	229.935196	9.132700
652.000000	230.259567	9.134270
653.000000	230.595947	9.132701
654.000000	230.922943	9.134663
655.000000	231.261032	9.132269
656.000000	231.615540	9.131524
657.000000	231.953369	9.133249
658.000000	232.284103	9.132347
659.000000	232.626892	9.130150
660.000000	232.965576	9.130700
661.000000	233.282288	9.131210
662.000000	233.633194	9.131641
663.000000	233.971848	9.128778
664.000000	234.304703	9.129875
665.000000	234.643616	9.129877
666.000000	234.981506	9.129406
667.000000	235.313034	9.128072
668.000000	235.633438	9.130112
669.000000	235.984741	9.128073
670.000000	236.322037	9.129406
671.000000	236.645065	9.129719
672.000000	236.984299	9.127209
673.000000	237.324158	9.127051
674.000000	237.648071	9.126778
675.000000	237.972305	9.126542
676.000000	238.305664	9.127641
677.000000	238.639816	9.126346
678.000000	238.972412	9.127209
679.000000	239.304138	9.125835
680.000000	239.624802	9.125168
681.000000	239.945938	9.124973
682.000000	240.307755	9.125483
683.000000	240.643936	9.124187
684.000000	240.971329	9.122579
685.000000	241.305389	9.123286
686.000000	241.648605	9.125051
687.000000	241.971451	9.123716
688.000000	242.317307	9.123482
689.000000	242.645309	9.122148
690.000000	242.961960	9.122345
691.000000	243.307617	9.122658
692.000000	243.628876	9.122775
693.000000	243.949387	9.120029
694.000000	244.297897	9.121442
695.000000	244.646423	9.121049
696.000000	244.971451	9.119637
697.000000	245.295944	9.120500
698.000000	245.636780	9.120108
699.000000	245.974060	9.119834
700.000000	246.305389	9.119834
701.000000	246.639862	9.117754
702.000000	246.978119	9.115557
703.000000	247.298828	9.115635
704.000000	247.626114	9.114341
705.000000	247.950439	9.116930
706.000000	248.297821	9.116067
707.000000	248.628479	9.113713
708.000000	248.962173	9.116734
709.000000	249.292984	9.113832
710.000000	249.623535	9.112262
711.000000	249.948044	9.110182
712.000000	250.286560	9.110457
713.000000	250.620361	9.111243
714.000000	250.956802	9.110065
715.000000	251.298676	9.109437
716.000000	251.619843	9.107907
717.000000	251.950378	9.104965
718.000000	252.292480	9.106849
719.000000	252.621094	9.106456
720.000000	252.941208	9.105240
721.000000	253.289307	9.103355
722.000000	253.632248	9.103083
723.000000	253.969254	9.103395
724.000000	254.305481	9.103043
725.000000	254.624161	9.102691
726.000000	254.972824	9.101592
727.000000	255.316772	9.100101
728.000000	255.650406	9.098963
729.000000	255.995209	9.099081
730.000000	256.329590	9.097040
731.000000	256.666260	9.095942
732.000000	256.995361	9.094530
733.000000	257.342194	9.093903
734.000000	257.677734	9.093235
735.000000	257.999268	9.091392
736.000000	258.338989	9.091235
737.000000	258.685089	9.089547
738.000000	259.018555	9.088567
739.000000	259.354492	9.087938
740.000000	259.693512	9.085977
741.000000	260.018585	9.085663
742.000000	260.364349	9.084526
743.000000	260.699585	9.083584
744.000000	261.044952	9.082798
745.000000	261.384827	9.080720
746.000000	261.706665	9.079973
747.000000	262.036499	9.076679
748.000000	262.365845	9.077425
749.000000	262.700806	9.075581
750.000000	263.058624	9.075031
751.000000	263.368042	9.073423
752.000000	263.703857	9.073463
753.000000	264.038086	9.073541
754.000000	264.371094	9.070088
755.000000	264.700928	9.070363
756.000000	265.025391	9.068167
757.000000	265.362030	9.068677
758.000000	265.692688	9.066166
759.000000	266.008667	9.063812
760.000000	266.348938	9.064204
761.000000	266.679657	9.061537
762.000000	267.019470	9.059182
763.000000	267.351685	9.058869
764.000000	267.675415	9.058595
765.000000	268.014771	9.056437
766.000000	268.341431	9.052788
767.000000	268.666260	9.052357
768.000000	268.966064	9.049140
769.000000	269.313721	9.047532
770.000000	269.663086	9.046432
771.000000	270.004974	9.044394
772.000000	270.337921	9.042786
773.000000	270.671875	9.041647
774.000000	271.009399	9.038155
775.000000	271.334137	9.038863
776.000000	271.672974	9.034429
777.000000	271.999634	9.032350
778.000000	272.345734	9.029799
779.000000	272.672272	9.030309
780.000000	273.005341	9.027014
781.000000	273.327240	9.027170
782.000000	273.672333	9.024425
783.000000	273.999908	9.022619
784.000000	274.330139	9.019795
785.000000	274.653931	9.019834
786.000000	275.005798	9.017284
787.000000	275.340790	9.011715
788.000000	275.681274	9.012263
789.000000	276.010986	9.008694
790.000000	276.334137	9.004613
791.000000	276.682617	9.002691
792.000000	277.017700	9.001514
793.000000	277.355865	8.998925
794.000000	277.684113	8.997904
795.000000	278.008026	8.994728
796.000000	278.332092	8.993196
797.000000	278.674866	8.991275
798.000000	279.002747	8.988135
799.000000	279.330688	8.986568
800.000000	279.692871	8.985664
801.000000	280.029694	8.981820
802.000000	280.366364	8.978486
803.000000	280.708527	8.974483
804.000000	281.039764	8.974720
805.000000	281.361481	8.972563
806.000000	281.710419	8.970052
807.000000	282.033691	8.968128
808.000000	282.375244	8.964911
809.000000	282.705292	8.963852
810.000000	283.037354	8.957576
811.000000	283.365021	8.955418
812.000000	283.686523	8.952750
813.000000	284.025696	8.950985
814.000000	284.357635	8.947101
815.000000	284.696106	8.946865
816.000000	285.014832	8.941256
817.000000	285.380188	8.939059
818.000000	285.711395	8.933606
819.000000	286.039063	8.930310
820.000000	286.373016	8.926858
821.000000	286.711273	8.925838
822.000000	287.034790	8.921562
823.000000	287.374847	8.920033
824.000000	287.706848	8.916737
825.000000	288.040405	8.912775
826.000000	288.380005	8.908066
827.000000	288.712250	8.904065
828.000000	289.040955	8.900768
829.000000	289.373566	8.895786
830.000000	289.708893	8.891118
831.000000	290.040802	8.887000
832.000000	290.386749	8.881233
833.000000	290.710266	8.878799
834.000000	291.035797	8.876211
835.000000	291.366669	8.871307
836.000000	291.710449	8.870209
837.000000	292.029846	8.865620
838.000000	292.369324	8.862441
839.000000	292.700378	8.856049
840.000000	293.036530	8.849888
841.000000	293.373016	8.847377
842.000000	293.698120	8.843727
843.000000	294.031372	8.835724
844.000000	294.370636	8.833214
845.000000	294.700745	8.826231
846.000000	295.035950	8.822621
847.000000	295.374237	8.818934
848.000000	295.702576	8.812580
849.000000	296.010620	8.805047
850.000000	296.367615	8.799397
851.000000	296.701721	8.796535
852.000000	297.031494	8.791473
853.000000	297.364685	8.783940
854.000000	297.693390	8.778645
855.000000	298.036713	8.774799
856.000000	298.368744	8.769190
857.000000	298.692963	8.765581
858.000000	299.028503	8.758480
859.000000	299.361816	8.755538
860.000000	299.684723	8.748044
861.000000	300.018036	8.742161
862.000000	300.358307	8.732705
863.000000	300.706451	8.726938
864.000000	301.044861	8.722113
865.000000	301.378723	8.717052
866.000000	301.718964	8.709991
867.000000	302.054657	8.702341
868.000000	302.392029	8.696417
869.000000	302.734650	8.690376
870.000000	303.072784	8.680294
871.000000	303.417511	8.674998
872.000000	303.754883	8.669937
873.000000	304.097809	8.663856
874.000000	304.429810	8.655029
875.000000	304.772949	8.648712
876.000000	305.105530	8.641181
877.000000	305.440460	8.633099
878.000000	305.766968	8.624783
879.000000	306.102844	8.619880
880.000000	306.435852	8.608423
881.000000	306.771606	8.600498
882.000000	307.102844	8.592966
883.000000	307.437622	8.587277
884.000000	307.770630	8.579353
885.000000	308.100586	8.571898
886.000000	308.427521	8.562799
887.000000	308.744873	8.556324
888.000000	309.077209	8.550283
889.000000	309.416809	8.540005
890.000000	309.745972	8.531609
891.000000	310.076843	8.523449
892.000000	310.396362	8.515210
893.000000	310.733704	8.507051
894.000000	311.068604	8.496223
895.000000	311.394958	8.487162
896.000000	311.728149	8.478451
897.000000	312.061584	8.470959
898.000000	312.387543	8.463545
899.000000	312.728088	8.454757
900.000000	313.053345	8.446480
901.000000	313.384674	8.435260
902.000000	313.722534	8.425764
903.000000	314.059052	8.416232
904.000000	314.399933	8.406582
905.000000	314.731354	8.396656
906.000000	315.051880	8.389673
907.000000	315.392212	8.378728
908.000000	315.719360	8.370488
909.000000	316.060242	8.363231
910.000000	316.389618	8.351814
911.000000	316.721008	8.344400
912.000000	317.059845	8.334984
913.000000	317.386047	8.324707
914.000000	317.710785	8.314821
915.000000	318.051147	8.303875
916.000000	318.374725	8.294656
917.000000	318.706635	8.282652
918.000000	319.033600	8.274807
919.000000	319.365021	8.266254
920.000000	319.696808	8.257465
921.000000	320.027100	8.246677
922.000000	320.361908	8.236125
923.000000	320.698517	8.224277
924.000000	321.029938	8.214508
925.000000	321.336395	8.203289
926.000000	321.691528	8.193560
927.000000	322.046051	8.182850
928.000000	322.371857	8.172139
929.000000	322.708557	8.163744
930.000000	323.048706	8.153191
931.000000	323.391602	8.141697
932.000000	323.736481	8.131300
933.000000	324.064667	8.121845
934.000000	324.404175	8.111253
935.000000	324.755859	8.097483
936.000000	325.086823	8.089009
937.000000	325.424591	8.075631
938.000000	325.770416	8.067825
939.000000	326.097168	8.057468
940.000000	326.431305	8.045817
941.000000	326.766022	8.033655
942.000000	327.110352	8.022671
943.000000	327.451538	8.011215
944.000000	327.780273	7.999250
945.000000	328.102264	7.992738
946.000000	328.445801	7.977674
947.000000	328.788788	7.967984
948.000000	329.124176	7.957941
949.000000	329.454651	7.946838
950.000000	329.781006	7.933814
951.000000	330.119141	7.922437
952.000000	330.459747	7.909609
953.000000	330.777924	7.898702
954.000000	331.110352	7.885716
955.000000	331.450226	7.873163
956.000000	331.763245	7.863591
957.000000	332.078461	7.855549
958.000000	332.409943	7.842916
959.000000	332.737335	7.829343
960.000000	333.087677	7.818398
961.000000	333.411560	7.805019
962.000000	333.755219	7.794349
963.000000	334.106232	7.780658
964.000000	334.437378	7.769398
965.000000	334.776703	7.759709
966.000000	335.098114	7.748056
967.000000	335.440155	7.734091
968.000000	335.763031	7.721027
969.000000	336.104553	7.711533
970.000000	336.438049	7.698077
971.000000	336.762329	7.685994
972.000000	337.102234	7.672224
973.000000	337.446838	7.661906
974.000000	337.777191	7.650490
975.000000	338.106506	7.638132
976.000000	338.452423	7.625422
977.000000	338.783508	7.613457
978.000000	339.119843	7.598863
979.000000	339.444702	7.585525
980.000000	339.786041	7.574148
981.000000	340.118774	7.561829
982.000000	340.454224	7.550844
983.000000	340.799713	7.536486
984.000000	341.117920	7.522834
985.000000	341.463287	7.511770
986.000000	341.802612	7.496902
987.000000	342.140533	7.484819
988.000000	342.476563	7.470421
989.000000	342.822540	7.461556
990.000000	343.160278	7.447237
991.000000	343.493652	7.434408
992.000000	343.833008	7.419775
993.000000	344.150787	7.408947
994.000000	344.504150	7.394314
995.000000	344.837097	7.378819
996.000000	345.176941	7.367676
997.000000	345.518311	7.356065
998.000000	345.865143	7.342216
999.000000	346.182556	7.328838
1000.000000	346.527771	7.316402
1001.000000	346.860596	7.302750
1002.000000	347.191895	7.288666
1003.000000	347.536133	7.273562
1004.000000	347.863220	7.262617
1005.000000	348.209717	7.249357
1006.000000	348.535034	7.235704
1007.000000	348.857544	7.222954
1008.000000	349.191833	7.206085
1009.000000	349.512878	7.192120
1010.000000	349.848938	7.178193
1011.000000	350.185120	7.165286
1012.000000	350.517731	7.153870
1013.000000	350.852173	7.140492
1014.000000	351.185303	7.124801
1015.000000	351.504974	7.113461
1016.000000	351.838409	7.097103
1017.000000	352.157257	7.084667
1018.000000	352.494049	7.068896
1019.000000	352.839722	7.057519
1020.000000	353.174469	7.045201
1021.000000	353.506866	7.029313
1022.000000	353.838623	7.014051
1023.000000	354.178345	6.996790
1024.000000	354.498230	6.984237
1025.000000	354.834473	6.970742
1026.000000	355.168243	6.959012
1027.000000	355.500458	6.945320
1028.000000	355.828247	6.927705
1029.000000	356.165283	6.914288
1030.000000	356.510834	6.898400
1031.000000	356.838562	6.883140
1032.000000	357.164551	6.868467
1033.000000	357.506348	6.857600
1034.000000	357.838806	6.841516
1035.000000	358.174225	6.828413
1036.000000	358.499603	6.811191
1037.000000	358.835754	6.792085
1038.000000	359.153534	6.778903
1039.000000	359.494202	6.764898
1040.000000	359.832733	6.751796
1041.000000	360.165955	6.736652
1042.000000	360.500458	6.719429
1043.000000	360.836426	6.704365
1044.000000	361.170959	6.688555
1045.000000	361.506256	6.673922
1046.000000	361.825226	6.661054
1047.000000	362.153564	6.645127
1048.000000	362.496704	6.627944
1049.000000	362.822632	6.611938
1050.000000	363.157257	6.592950
1051.000000	363.478638	6.579926
1052.000000	363.797241	6.562429
1053.000000	364.133057	6.546618
1054.000000	364.465454	6.530809
1055.000000	364.792114	6.514490
1056.000000	365.105774	6.496403
1057.000000	365.447327	6.480633
1058.000000	365.781708	6.460979
1059.000000	366.104858	6.448503
1060.000000	366.444397	6.431556
1061.000000	366.776855	6.412607
1062.000000	367.129700	6.393345
1063.000000	367.454102	6.377575
1064.000000	367.778961	6.361294
1065.000000	368.125000	6.345837
1066.000000	368.465057	6.326731
1067.000000	368.804749	6.307823
1068.000000	369.157227	6.288050
1069.000000	369.500854	6.268278
1070.000000	369.828583	6.254116
1071.000000	370.165619	6.233755
1072.000000	370.501587	6.213198
1073.000000	370.842896	6.193740
1074.000000	371.193970	6.177262
1075.000000	371.543640	6.157569
1076.000000	371.878113	6.139915
1077.000000	372.219177	6.118770
1078.000000	372.556305	6.100136
1079.000000	372.896606	6.080717
1080.000000	373.242920	6.060316
1081.000000	373.580872	6.040426
1082.000000	373.912292	6.017908
1083.000000	374.253235	5.997272
1084.000000	374.594116	5.974716
1085.000000	374.934021	5.954629
1086.000000	375.262085	5.932346
1087.000000	375.606445	5.913593
1088.000000	375.944153	5.891036
1089.000000	376.277344	5.867301
1090.000000	376.611694	5.846784
1091.000000	376.952881	5.824697
1092.000000	377.275818	5.798648
1093.000000	377.621216	5.776954
1094.000000	377.949493	5.752395
1095.000000	378.284485	5.729838
1096.000000	378.589813	5.708181
1097.000000	378.928375	5.685311
1098.000000	379.263824	5.658909
1099.000000	379.588257	5.635410
1100.000000	379.915894	5.609909
1101.000000	380.252289	5.584253
1102.000000	380.594757	5.560793
1103.000000	380.914581	5.536587
1104.000000	381.251312	5.510067
1105.000000	381.585449	5.482724
1106.000000	381.901184	5.455301
1107.000000	382.223267	5.431057
1108.000000	382.556946	5.401320
1109.000000	382.873688	5.376605
1110.000000	383.215179	5.351223
1111.000000	383.543671	5.322859
1112.000000	383.878174	5.295084
1113.000000	384.193237	5.267191
1114.000000	384.526001	5.240514
1115.000000	384.863037	5.211640
1116.000000	385.193481	5.180452
1117.000000	385.537384	5.154991
1118.000000	385.864838	5.124744
1119.000000	386.198303	5.095596
1120.000000	386.524567	5.066723
1121.000000	386.856049	5.040163
1122.000000	387.199036	5.007405
1123.000000	387.532257	4.975708
1124.000000	387.864014	4.946912
1125.000000	388.205353	4.918195
1126.000000	388.542114	4.886457
1127.000000	388.887238	4.854603
1128.000000	389.208496	4.824041
1129.000000	389.546326	4.793089
1130.000000	389.883636	4.763038
1131.000000	390.218170	4.733223
1132.000000	390.560547	4.700504
1133.000000	390.884369	4.669513
1134.000000	391.217133	4.638206
1135.000000	391.559326	4.604821
1136.000000	391.885101	4.571554
1137.000000	392.192841	4.543857
1138.000000	392.511475	4.512472
1139.000000	392.868042	4.479990
1140.000000	393.201813	4.447389
1141.000000	393.546722	4.412944
1142.000000	393.874268	4.380540
1143.000000	394.201202	4.349115
1144.000000	394.541718	4.318908
1145.000000	394.868164	4.285837
1146.000000	395.216675	4.253903
1147.000000	395.545349	4.222872
1148.000000	395.872406	4.191919
1149.000000	396.213043	4.160377
1150.000000	396.552490	4.128012
1151.000000	396.891052	4.096628
1152.000000	397.215698	4.065949
1153.000000	397.573456	4.036212
1154.000000	397.908966	4.005692
1155.000000	398.232544	3.973679
1156.000000	398.571838	3.946492
1157.000000	398.899048	3.915579
1158.000000	399.247559	3.885292
1159.000000	399.589600	3.860459
1160.000000	399.926605	3.831625
1161.000000	400.276123	3.802476
1162.000000	400.604156	3.775564
1163.000000	400.944763	3.747319
1164.000000	401.278564	3.722446
1165.000000	401.616669	3.694239
1166.000000	401.944641	3.669132
1167.000000	402.280762	3.643946
1168.000000	402.619568	3.620368
1169.000000	402.933807	3.593926
1170.000000	403.285156	3.570820
1171.000000	403.624634	3.549753
1172.000000	403.956238	3.528097
1173.000000	404.278442	3.506050
1174.000000	404.623932	3.486827
1175.000000	404.967438	3.463171
1176.000000	405.298248	3.445125
1177.000000	405.626251	3.430374
1178.000000	405.964600	3.410837
1179.000000	406.292725	3.392791
1180.000000	406.614868	3.374274
1181.000000	406.959503	3.358739
1182.000000	407.287628	3.346891
1183.000000	407.625000	3.330454
1184.000000	407.964600	3.316017
1185.000000	408.297607	3.302717
1186.000000	408.619934	3.291655
1187.000000	408.962463	3.279061
1188.000000	409.303894	3.268195
1189.000000	409.634857	3.255288
1190.000000	409.963074	3.247324
1191.000000	410.291199	3.239870
1192.000000	410.624023	3.229239
1193.000000	410.967468	3.220843
1194.000000	411.305939	3.211860
1195.000000	411.641144	3.202248
1196.000000	411.971527	3.195971
1197.000000	412.303558	3.188753
1198.000000	412.632904	3.180279
1199.000000	412.969482	3.174473
1200.000000	413.313080	3.170118
1201.000000	413.637329	3.165881
1202.000000	413.975098	3.157015
1203.000000	414.283722	3.153328
1204.000000	414.617188	3.148816
1205.000000	414.957764	3.146737
1206.000000	415.285645	3.140224
1207.000000	415.622650	3.137989
1208.000000	415.954437	3.133634
1209.000000	416.300903	3.128299
1210.000000	416.627625	3.124376
1211.000000	416.952637	3.120884
1212.000000	417.295990	3.119080
1213.000000	417.621216	3.113940
1214.000000	417.954132	3.109938
1215.000000	418.285248	3.105427
1216.000000	418.612091	3.102053
1217.000000	418.933441	3.097659
1218.000000	419.253693	3.095345
1219.000000	419.575867	3.090127
1220.000000	419.902283	3.087616
1221.000000	420.223877	3.082360
1222.000000	420.548676	3.079339
1223.000000	420.879150	3.075416
1224.000000	421.208008	3.073140
1225.000000	421.531982	3.069727
1226.000000	421.849792	3.067099
1227.000000	422.175659	3.065373
1228.000000	422.506775	3.061489
1229.000000	422.845093	3.059056
1230.000000	423.182953	3.054584
1231.000000	423.518066	3.053564
1232.000000	423.839966	3.050975
1233.000000	424.168060	3.048582
1234.000000	424.479584	3.045836
1235.000000	424.801544	3.045835
1236.000000	425.084717	3.042069
1237.000000	425.421661	3.040147
1238.000000	425.728027	3.037362
1239.000000	426.035034	3.033439
1240.000000	426.339203	3.032301
1241.000000	426.638184	3.028535
1242.000000	426.948853	3.026966
1243.000000	427.245941	3.023631
1244.000000	427.558685	3.019904
1245.000000	427.844971	3.018845
1246.000000	428.172943	3.014883
1247.000000	428.476746	3.014333
1248.000000	428.773926	3.010332
1249.000000	429.089355	3.007860
1250.000000	429.398773	3.004016
1251.000000	429.710938	3.002407
1252.000000	430.028320	2.999543
1253.000000	430.351837	2.997818
1254.000000	430.665894	2.995268
1255.000000	430.994324	2.992835
1256.000000	431.320251	2.990834
1257.000000	431.643982	2.987696
1258.000000	431.980743	2.984597
1259.000000	432.318359	2.981968
1260.000000	432.653656	2.977025
1261.000000	432.994965	2.975378
1262.000000	433.322449	2.974632
1263.000000	433.674500	2.971376
1264.000000	434.026245	2.970395
1265.000000	434.364868	2.967767
1266.000000	434.698761	2.966197
1267.000000	435.056488	2.960980
1268.000000	435.402435	2.962353
1269.000000	435.753693	2.957331
1270.000000	436.073364	2.955331
1271.000000	436.426788	2.953016
1272.000000	436.781677	2.951957
1273.000000	437.135284	2.948858
1274.000000	437.473236	2.947798
1275.000000	437.827820	2.946700
1276.000000	438.161407	2.944307
1277.000000	438.499939	2.942934
1278.000000	438.847290	2.940894
1279.000000	439.177277	2.938108
1280.000000	439.526489	2.937167
1281.000000	439.870117	2.933558
1282.000000	440.206299	2.933440
1283.000000	440.536163	2.930263
1284.000000	440.883667	2.927712
1285.000000	441.205017	2.924299
1286.000000	441.542572	2.921396
1287.000000	441.874603	2.919277
1288.000000	442.203857	2.916767
1289.000000	442.543091	2.913354
1290.000000	442.880066	2.912451
1291.000000	443.209473	2.909941
1292.000000	443.550568	2.907705
1293.000000	443.876007	2.904409
1294.000000	444.207886	2.902056
1295.000000	444.525909	2.899819
1296.000000	444.855957	2.897544
1297.000000	445.190857	2.896955
1298.000000	445.518341	2.896681
1299.000000	445.847260	2.892954
1300.000000	446.186615	2.890953
1301.000000	446.520111	2.890443
1302.000000	446.849304	2.886481
1303.000000	447.167603	2.884480
1304.000000	447.488403	2.880243
1305.000000	447.820313	2.880557
1306.000000	448.164642	2.878164
1307.000000	448.490509	2.875340
1308.000000	448.822388	2.874751
1309.000000	449.145142	2.870239
1310.000000	449.478546	2.868160
1311.000000	449.824463	2.867101
1312.000000	450.160095	2.864472
1313.000000	450.490082	2.862432
1314.000000	450.826019	2.859961
1315.000000	451.170349	2.854194
1316.000000	451.502563	2.852939
1317.000000	451.835571	2.850428
1318.000000	452.177765	2.850663
1319.000000	452.514404	2.850114
1320.000000	452.862061	2.847604
1321.000000	453.200775	2.846270
1322.000000	453.531982	2.844347
1323.000000	453.866577	2.842229
1324.000000	454.214111	2.841483
1325.000000	454.557068	2.839875
1326.000000	454.901642	2.837286
1327.000000	455.229279	2.834932
1328.000000	455.550385	2.834618
1329.000000	455.887634	2.829597
1330.000000	456.248322	2.828184
1331.000000	456.579926	2.824379
1332.000000	456.888611	2.824771
1333.000000	457.239288	2.822849
1334.000000	457.569580	2.820456
1335.000000	457.897491	2.820103
1336.000000	458.240112	2.816768
1337.000000	458.559326	2.815984
1338.000000	458.890656	2.812766
1339.000000	459.227875	2.810256
1340.000000	459.564148	2.809471
1341.000000	459.900391	2.807706
1342.000000	460.219971	2.804999
1343.000000	460.558380	2.800448
1344.000000	460.887482	2.800017
1345.000000	461.228210	2.798134
1346.000000	461.562134	2.797506
1347.000000	461.892273	2.796289
1348.000000	462.232697	2.793779
1349.000000	462.541992	2.793740
1350.000000	462.900513	2.790209
1351.000000	463.234955	2.789699
1352.000000	463.569946	2.785462
1353.000000	463.902191	2.782952
1354.000000	464.232178	2.781343
1355.000000	464.572052	2.777616
1356.000000	464.906189	2.777812
1357.000000	465.253540	2.775145
1358.000000	465.595703	2.775655
1359.000000	465.949951	2.772987
1360.000000	466.282410	2.772084
1361.000000	466.620972	2.770437
1362.000000	466.959106	2.768632
1363.000000	467.289001	2.766710
1364.000000	467.619507	2.765297
1365.000000	467.959839	2.761414
1366.000000	468.291504	2.761061
1367.000000	468.625427	2.759217
1368.000000	468.962158	2.757569
1369.000000	469.294373	2.753881
1370.000000	469.626556	2.752744
1371.000000	469.945801	2.752547
1372.000000	470.282227	2.748664
1373.000000	470.615723	2.748781
1374.000000	470.947205	2.748193
1375.000000	471.288116	2.745721
1376.000000	471.609558	2.745368
1377.000000	471.946533	2.744583
1378.000000	472.272797	2.742897
1379.000000	472.608337	2.742151
1380.000000	472.915161	2.740739
1381.000000	473.252289	2.738856
1382.000000	473.595795	2.739602
1383.000000	473.910736	2.735365
1384.000000	474.258148	2.735012
1385.000000	474.600098	2.732775
1386.000000	474.944855	2.731363
1387.000000	475.287537	2.727872
1388.000000	475.621521	2.728381
1389.000000	475.956146	2.725636
1390.000000	476.304565	2.723007
1391.000000	476.631622	2.722105
1392.000000	476.975830	2.720653
1393.000000	477.310577	2.718260
1394.000000	477.634888	2.718103
1395.000000	477.983917	2.716181
1396.000000	478.325378	2.714141
1397.000000	478.667175	2.713749
1398.000000	478.985931	2.711120
1399.000000	479.327148	2.709198
1400.000000	479.657227	2.707903
1401.000000	480.005615	2.708531
1402.000000	480.335968	2.705824
1403.000000	480.667175	2.702018
1404.000000	480.978943	2.701626
1405.000000	481.317749	2.701744
1406.000000	481.646759	2.702097
1407.000000	481.986084	2.698488
1408.000000	482.318726	2.698252
1409.000000	482.657104	2.696526
1410.000000	482.983185	2.695467
1411.000000	483.307953	2.694604
1412.000000	483.648560	2.694447
1413.000000	483.986938	2.692721
1414.000000	484.327240	2.688210
1415.000000	484.653107	2.686915
1416.000000	484.985474	2.686758
1417.000000	485.317230	2.686012
1418.000000	485.649902	2.682050
1419.000000	485.983765	2.681266
1420.000000	486.327484	2.680245
1421.000000	486.656006	2.676754
1422.000000	486.994812	2.675459
1423.000000	487.312592	2.676401
1424.000000	487.662628	2.673223
1425.000000	487.988953	2.670909
1426.000000	488.323242	2.671222
1427.000000	488.661072	2.671693
1428.000000	488.989044	2.671262
1429.000000	489.328857	2.667142
1430.000000	489.660034	2.668045
1431.000000	489.991486	2.666123
1432.000000	490.318970	2.663298
1433.000000	490.662842	2.663376
1434.000000	490.993164	2.662513
1435.000000	491.321777	2.659963
1436.000000	491.655029	2.658158
1437.000000	491.995209	2.656746
1438.000000	492.324951	2.656315
1439.000000	492.665039	2.656001
1440.000000	492.998138	2.653451
1441.000000	493.333771	2.652470
1442.000000	493.666687	2.651999
1443.000000	494.020264	2.650901
1444.000000	494.354034	2.648861
1445.000000	494.692169	2.647802
1446.000000	495.029785	2.647567
1447.000000	495.357452	2.645409
1448.000000	495.709961	2.645173
1449.000000	496.033966	2.645173
1450.000000	496.358429	2.643016
1451.000000	496.700684	2.641995
1452.000000	497.027435	2.641839
1453.000000	497.360779	2.639838
1454.000000	497.694214	2.639838
1455.000000	498.030609	2.637288
1456.000000	498.352295	2.635130
1457.000000	498.685730	2.634032
1458.000000	499.019379	2.632580
1459.000000	499.344086	2.631835
1460.000000	499.654877	2.628187
1461.000000	499.989197	2.630305
1462.000000	500.335236	2.626657
1463.000000	500.665039	2.628540
1464.000000	500.982208	2.625951
1465.000000	501.318115	2.624420
1466.000000	501.658630	2.623793
1467.000000	501.975708	2.623479
1468.000000	502.319458	2.623479
1469.000000	502.646912	2.618928
1470.000000	502.979980	2.619987
1471.000000	503.324310	2.618614
1472.000000	503.635040	2.616103
1473.000000	503.968781	2.614220
1474.000000	504.311279	2.613906
1475.000000	504.648773	2.612220
1476.000000	504.972504	2.612337
1477.000000	505.325531	2.611356
1478.000000	505.659302	2.608650
1479.000000	505.996765	2.605943
1480.000000	506.331482	2.607355
1481.000000	506.669617	2.604374
1482.000000	507.003265	2.604334
1483.000000	507.355591	2.602255
1484.000000	507.691162	2.600568
1485.000000	508.031097	2.598567
1486.000000	508.366211	2.600843
1487.000000	508.716400	2.598881
1488.000000	509.028351	2.596880
1489.000000	509.376984	2.596017
1490.000000	509.729523	2.594840
1491.000000	510.058350	2.594095
1492.000000	510.384705	2.592762
1493.000000	510.726898	2.593742
1494.000000	511.052826	2.590368
1495.000000	511.387299	2.589231
1496.000000	511.727722	2.590996
1497.000000	512.046387	2.585817
1498.000000	512.374023	2.584130
1499.000000	512.724548	2.583738
1500.000000	513.061707	2.580718
1501.000000	513.384888	2.583111
1502.000000	513.707031	2.580286
1503.000000	514.052979	2.578011
1504.000000	514.373291	2.576324
1505.000000	514.715515	2.577422
1506.000000	515.039429	2.574911
1507.000000	515.375671	2.572715
1508.000000	515.696411	2.575225
1509.000000	516.020752	2.573146
1510.000000	516.342407	2.572126
1511.000000	516.681030	2.571145
1512.000000	517.012390	2.569615
1513.000000	517.338989	2.570204
1514.000000	517.674805	2.568478
1515.000000	518.020447	2.568125
1516.000000	518.343567	2.565810
1517.000000	518.672058	2.564201
1518.000000	519.013794	2.564790
1519.000000	519.348450	2.560514
1520.000000	519.670715	2.561259
1521.000000	520.016235	2.559925
1522.000000	520.343384	2.558827
1523.000000	520.687500	2.559180
1524.000000	521.020142	2.556041
1525.000000	521.362732	2.554433
1526.000000	521.707397	2.554708
1527.000000	522.034668	2.552393
1528.000000	522.355713	2.550196
1529.000000	522.687744	2.551255
1530.000000	523.038269	2.548470
1531.000000	523.382019	2.548195
1532.000000	523.717346	2.547803
1533.000000	524.055420	2.546273
1534.000000	524.388611	2.546705
1535.000000	524.723022	2.543802
1536.000000	525.061035	2.543920
1537.000000	525.393250	2.542860
1538.000000	525.734009	2.543252
1539.000000	526.068542	2.541801
1540.000000	526.404602	2.539996
1541.000000	526.737061	2.539603
1542.000000	527.071045	2.538544
1543.000000	527.400635	2.536191
1544.000000	527.721863	2.536975
1545.000000	528.053467	2.534151
1546.000000	528.385437	2.534386
1547.000000	528.710693	2.532778
1548.000000	529.034424	2.533405
1549.000000	529.372803	2.532660
1550.000000	529.693970	2.531562
1551.000000	530.039551	2.530895
1552.000000	530.379272	2.528658
1553.000000	530.714600	2.528188
1554.000000	531.044312	2.524186
1555.000000	531.395264	2.524696
1556.000000	531.734497	2.522735
1557.000000	532.074158	2.521950
1558.000000	532.393494	2.519675
1559.000000	532.730164	2.520185
1560.000000	533.063293	2.520459
1561.000000	533.393555	2.518576
1562.000000	533.718750	2.516183
1563.000000	534.059082	2.516576
1564.000000	534.393982	2.513633
1565.000000	534.735168	2.514418
1566.000000	535.063232	2.512731
1567.000000	535.400146	2.511985
1568.000000	535.731262	2.510024
1569.000000	536.069946	2.508180
1570.000000	536.416443	2.507160
1571.000000	536.750061	2.505081
1572.000000	537.080078	2.504689
1573.000000	537.414734	2.502374
1574.000000	537.740723	2.502060
1575.000000	538.064758	2.501236
1576.000000	538.408936	2.498883
1577.000000	538.739197	2.498372
1578.000000	539.066589	2.498176
1579.000000	539.405884	2.497038
1580.000000	539.755676	2.496136
1581.000000	540.100403	2.496372
1582.000000	540.423584	2.495155
1583.000000	540.761902	2.494842
1584.000000	541.106750	2.493037
1585.000000	541.440063	2.491390
1586.000000	541.767456	2.490997
1587.000000	542.107239	2.491272
1588.000000	542.433289	2.489624
1589.000000	542.765747	2.487192
1590.000000	543.105713	2.486133
1591.000000	543.436829	2.485701
1592.000000	543.765991	2.483504
1593.000000	544.091919	2.482837
1594.000000	544.427246	2.482406
1595.000000	544.751709	2.481307
1596.000000	545.091553	2.478404
1597.000000	545.407776	2.477894
1598.000000	545.735291	2.474952
1599.000000	546.059692	2.475932
1600.000000	546.396729	2.475187
1601.000000	546.728638	2.471813
1602.000000	547.041626	2.470754
1603.000000	547.383240	2.472676
1604.000000	547.694092	2.470636
1605.000000	548.045288	2.468361
1606.000000	548.359985	2.467772
1607.000000	548.703857	2.467851
1608.000000	549.021240	2.466792
1609.000000	549.353394	2.466164
1610.000000	549.683411	2.464360
1611.000000	550.000122	2.462358
1612.000000	550.352173	2.463535
1613.000000	550.685425	2.463182
1614.000000	551.016113	2.460985
1615.000000	551.359497	2.460475
1616.000000	551.702332	2.460162
1617.000000	552.035889	2.458475
1618.000000	552.370117	2.456553
1619.000000	552.690430	2.457180
1620.000000	553.024780	2.452473
1621.000000	553.363342	2.454081
1622.000000	553.698364	2.452394
1623.000000	554.019653	2.451452
1624.000000	554.355469	2.449569
1625.000000	554.700745	2.449766
1626.000000	555.040527	2.449491
1627.000000	555.360168	2.448471
1628.000000	555.699036	2.448118
1629.000000	556.030457	2.447765
1630.000000	556.379028	2.445646
1631.000000	556.715942	2.446352
1632.000000	557.049561	2.446196
1633.000000	557.401978	2.445725
1634.000000	557.729736	2.444626
1635.000000	558.043518	2.444273
1636.000000	558.373901	2.443096
1637.000000	558.732666	2.443057
1638.000000	559.069580	2.443136
1639.000000	559.396606	2.440978
1640.000000	559.724487	2.440311
1641.000000	560.057495	2.440115
1642.000000	560.387207	2.437604
1643.000000	560.708435	2.437996
1644.000000	561.045532	2.437290
1645.000000	561.384827	2.436466
1646.000000	561.694519	2.435133
1647.000000	562.024353	2.433916
1648.000000	562.366089	2.433406
1649.000000	562.695801	2.428542
1650.000000	563.015930	2.428738
1651.000000	563.353943	2.427444
1652.000000	563.691833	2.428424
1653.000000	564.030029	2.427169
1654.000000	564.362793	2.427404
1655.000000	564.693604	2.425207
1656.000000	565.032104	2.426777
1657.000000	565.363953	2.422147
1658.000000	565.700745	2.421402
1659.000000	566.036987	2.420970
1660.000000	566.358032	2.420892
1661.000000	566.704102	2.419676
1662.000000	567.033386	2.420068
1663.000000	567.360107	2.418146
1664.000000	567.699707	2.417871
1665.000000	568.030029	2.415831
1666.000000	568.378784	2.413870
1667.000000	568.710693	2.414026
1668.000000	569.056152	2.412967
1669.000000	569.390686	2.413713
1670.000000	569.718750	2.413360
1671.000000	570.039551	2.410770
1672.000000	570.383057	2.409986
1673.000000	570.716797	2.411398
1674.000000	571.051208	2.406219
1675.000000	571.386414	2.406494
1676.000000	571.725342	2.403709
1677.000000	572.049438	2.404533
1678.000000	572.383911	2.403552
1679.000000	572.734863	2.403356
1680.000000	573.068115	2.401473
1681.000000	573.395508	2.401826
1682.000000	573.727295	2.398177
1683.000000	574.062561	2.398923
1684.000000	574.393860	2.397863
1685.000000	574.733704	2.397040
1686.000000	575.102844	2.397315
1687.000000	575.427979	2.394843
1688.000000	575.776611	2.394529
1689.000000	576.115906	2.393548
1690.000000	576.445618	2.392293
1691.000000	576.769287	2.391940
1692.000000	577.120911	2.391116
1693.000000	577.456055	2.390802
1694.000000	577.792664	2.390959
1695.000000	578.126404	2.388370
1696.000000	578.463501	2.387075
1697.000000	578.766235	2.385898
1698.000000	579.094299	2.383701
1699.000000	579.440918	2.383074
1700.000000	579.768005	2.380641
1701.000000	580.102478	2.380563
1702.000000	580.435425	2.379817
1703.000000	580.746460	2.378444
1704.000000	581.056824	2.377150
1705.000000	581.377808	2.377503
1706.000000	581.722473	2.378209
1707.000000	582.072998	2.376797
1708.000000	582.396362	2.376091
1709.000000	582.722778	2.373815
1710.000000	583.038330	2.372363
1711.000000	583.368164	2.372913
1712.000000	583.707153	2.372246
1713.000000	584.046997	2.370441
1714.000000	584.374268	2.368088
1715.000000	584.695679	2.368793
1716.000000	585.023071	2.367970
1717.000000	585.350098	2.369774
1718.000000	585.691040	2.368558
1719.000000	586.017578	2.367381
1720.000000	586.355347	2.366636
1721.000000	586.691650	2.366479
1722.000000	587.007324	2.365930
1723.000000	587.357727	2.365145
1724.000000	587.702148	2.363301
1725.000000	588.033936	2.364164
1726.000000	588.378296	2.362791
1727.000000	588.708801	2.363223
1728.000000	589.039490	2.361222
1729.000000	589.377930	2.359771
1730.000000	589.715515	2.359653
1731.000000	590.040527	2.356554
1732.000000	590.372070	2.358437
1733.000000	590.702698	2.355494
1734.000000	591.040039	2.356122
1735.000000	591.362488	2.355377
1736.000000	591.690063	2.354357
1737.000000	592.015564	2.352552
1738.000000	592.347229	2.353219
1739.000000	592.681152	2.351218
1740.000000	593.017334	2.349924
1741.000000	593.346191	2.347334
1742.000000	593.668701	2.347609
1743.000000	593.997437	2.346275
1744.000000	594.322266	2.346432
1745.000000	594.654236	2.345138
1746.000000	594.996033	2.343764
1747.000000	595.332092	2.344510
1748.000000	595.657288	2.343294
1749.000000	595.991516	2.341411
1750.000000	596.316650	2.340391
1751.000000	596.661865	2.339057
1752.000000	596.998352	2.340430
1753.000000	597.341797	2.339017
1754.000000	597.674255	2.338939
1755.000000	598.013184	2.338900
1756.000000	598.348511	2.337331
1757.000000	598.687988	2.336389
1758.000000	599.017273	2.335330
1759.000000	599.337891	2.335762
1760.000000	599.673828	2.338586
1761.000000	600.017029	2.335369
1762.000000	600.341003	2.334232
1763.000000	600.667969	2.334388
1764.000000	600.981812	2.333565
1765.000000	601.336365	2.330387
1766.000000	601.670044	2.329837
1767.000000	602.003906	2.332270
1768.000000	602.326599	2.329406
1769.000000	602.659973	2.328818
1770.000000	602.992188	2.326817
1771.000000	603.316650	2.327327
1772.000000	603.648987	2.327170
1773.000000	603.983276	2.325601
1774.000000	604.322449	2.325522
1775.000000	604.648376	2.324424
1776.000000	604.996216	2.322580
1777.000000	605.322754	2.321246
1778.000000	605.652405	2.322501
1779.000000	605.980652	2.319716
1780.000000	606.324280	2.319206
1781.000000	606.654480	2.319089
1782.000000	606.998535	2.318186
1783.000000	607.338196	2.318108
1784.000000	607.672363	2.316774
1785.000000	608.011230	2.316931
1786.000000	608.327881	2.315793
1787.000000	608.656738	2.313753
1788.000000	608.995544	2.312144
1789.000000	609.335510	2.311831
1790.000000	609.665039	2.311556
1791.000000	609.985596	2.311556
1792.000000	610.318848	2.307084
1793.000000	610.656372	2.309241
1794.000000	610.987366	2.307359
1795.000000	611.311768	2.304887
1796.000000	611.652100	2.304063
1797.000000	611.976074	2.301592
1798.000000	612.314636	2.301945
1799.000000	612.648499	2.303278
1800.000000	612.971680	2.302376
1801.000000	613.306519	2.300964
1802.000000	613.643555	2.299316
1803.000000	613.979309	2.301474
1804.000000	614.302551	2.300219
1805.000000	614.640564	2.300297
1806.000000	614.979187	2.299944
1807.000000	615.327698	2.296805
1808.000000	615.656128	2.296060
1809.000000	615.984802	2.296688
1810.000000	616.326660	2.294961
1811.000000	616.651062	2.295001
1812.000000	616.982422	2.294138
1813.000000	617.316101	2.294648
1814.000000	617.628174	2.292412
1815.000000	617.977295	2.289979
1816.000000	618.291626	2.287429
1817.000000	618.637207	2.289273
1818.000000	618.964783	2.289548
1819.000000	619.292419	2.285978
1820.000000	619.626709	2.288842
1821.000000	619.944702	2.288410
1822.000000	620.275879	2.286448
1823.000000	620.597656	2.283545
1824.000000	620.937073	2.283271
1825.000000	621.272888	2.280407
1826.000000	621.603394	2.281231
1827.000000	621.941101	2.279505
1828.000000	622.270752	2.277151
1829.000000	622.617981	2.278053
1830.000000	622.949463	2.275621
1831.000000	623.291138	2.276798
1832.000000	623.611023	2.273071
1833.000000	623.955200	2.273306
1834.000000	624.280273	2.272953
1835.000000	624.624268	2.273189
1836.000000	624.949951	2.272640
1837.000000	625.311890	2.273189
1838.000000	625.634949	2.270992
1839.000000	625.950195	2.270992
1840.000000	626.281738	2.269619
1841.000000	626.615356	2.269775
1842.000000	626.941345	2.269344
1843.000000	627.266296	2.268638
1844.000000	627.588867	2.268285
1845.000000	627.928711	2.267618
1846.000000	628.264282	2.268755
1847.000000	628.601074	2.266951
1848.000000	628.921692	2.265460
1849.000000	629.260132	2.266872
1850.000000	629.615234	2.265617
1851.000000	629.954163	2.262753
1852.000000	630.292969	2.264087
1853.000000	630.636719	2.263891
1854.000000	630.967590	2.262557
1855.000000	631.303528	2.264990
1856.000000	631.624207	2.263420
1857.000000	631.959595	2.260870
1858.000000	632.294373	2.261341
1859.000000	632.635620	2.257653
1860.000000	632.978760	2.257222
1861.000000	633.301758	2.256163
1862.000000	633.654358	2.256084
1863.000000	633.984863	2.256790
1864.000000	634.303894	2.255142
1865.000000	634.645996	2.255182
1866.000000	634.979431	2.253926
1867.000000	635.316711	2.253220
1868.000000	635.637207	2.248356
1869.000000	635.969543	2.248905
1870.000000	636.317627	2.250788
1871.000000	636.659546	2.247649
1872.000000	636.995544	2.247689
1873.000000	637.314087	2.248670
1874.000000	637.643005	2.248159
1875.000000	637.964600	2.248473
1876.000000	638.304138	2.245649
1877.000000	638.632446	2.245806
1878.000000	638.967041	2.245610
1879.000000	639.295410	2.244825
1880.000000	639.621582	2.244315
1881.000000	639.948730	2.245256
1882.000000	640.281250	2.242824
1883.000000	640.612427	2.241216
1884.000000	640.956360	2.241608
1885.000000	641.285339	2.241373
1886.000000	641.622070	2.241451
1887.000000	641.958496	2.240627
1888.000000	642.290283	2.239803
1889.000000	642.648682	2.239333
1890.000000	643.007568	2.240235
1891.000000	643.348083	2.238940
1892.000000	643.681702	2.237411
1893.000000	644.024048	2.238038
1894.000000	644.352051	2.235684
1895.000000	644.665710	2.235684
1896.000000	644.981323	2.236665
1897.000000	645.321045	2.233958
1898.000000	645.646362	2.232899
1899.000000	645.959717	2.232350
1900.000000	646.281250	2.232114
1901.000000	646.620544	2.230584
1902.000000	646.941101	2.229878
1903.000000	647.272217	2.226504
1904.000000	647.575928	2.228152
1905.000000	647.933533	2.224346
1906.000000	648.293091	2.225876
1907.000000	648.625244	2.223876
1908.000000	648.973083	2.223640
1909.000000	649.301453	2.225092
1910.000000	649.645203	2.223758
1911.000000	649.984924	2.222542
1912.000000	650.312256	2.223601
1913.000000	650.645752	2.224346
1914.000000	650.975586	2.221443
1915.000000	651.331055	2.221875
1916.000000	651.662720	2.221090
1917.000000	651.980957	2.221208
1918.000000	652.328125	2.218384
1919.000000	652.651794	2.218422
1920.000000	652.980957	2.218697
1921.000000	653.314880	2.218030
1922.000000	653.644165	2.215559
1923.000000	653.970642	2.215912
1924.000000	654.301086	2.215010
1925.000000	654.626404	2.215323
1926.000000	654.960083	2.214578
1927.000000	655.284119	2.212146
1928.000000	655.612854	2.212342
1929.000000	655.943970	2.211675
1930.000000	656.276611	2.210576
1931.000000	656.615417	2.207870
1932.000000	656.945435	2.209203
1933.000000	657.280884	2.207477
1934.000000	657.617615	2.206496
1935.000000	657.958008	2.205163
1936.000000	658.288879	2.204300
1937.000000	658.619568	2.207164
1938.000000	658.961670	2.204653
1939.000000	659.291992	2.204300
1940.000000	659.626709	2.204457
1941.000000	659.944458	2.203005
1942.000000	660.265015	2.201946
1943.000000	660.604980	2.202181
1944.000000	660.933716	2.202220
1945.000000	661.250122	2.199867
1946.000000	661.597656	2.198415
1947.000000	661.931458	2.196728
1948.000000	662.263672	2.195944
1949.000000	662.587158	2.196375
1950.000000	662.917542	2.198101
1951.000000	663.248962	2.195865
1952.000000	663.594482	2.196022
1953.000000	663.926025	2.197866
1954.000000	664.251221	2.196767
1955.000000	664.588074	2.196022
1956.000000	664.911621	2.193943
1957.000000	665.245483	2.195904
1958.000000	665.569580	2.193629
1959.000000	665.924316	2.195904
1960.000000	666.247314	2.195276
1961.000000	666.570801	2.193354
1962.000000	666.910889	2.193080
1963.000000	667.244202	2.194963
1964.000000	667.574646	2.192648
1965.000000	667.934570	2.192687
1966.000000	668.271118	2.190333
1967.000000	668.609436	2.193629
1968.000000	668.936279	2.191040
1969.000000	669.275696	2.191079
1970.000000	669.612549	2.187234
1971.000000	669.948425	2.186371
1972.000000	670.283936	2.186724
1973.000000	670.630371	2.183900
1974.000000	670.957275	2.180330
1975.000000	671.312561	2.184370
1976.000000	671.640991	2.180918
1977.000000	671.976929	2.181546
1978.000000	672.299072	2.181350
1979.000000	672.637634	2.184998
1980.000000	672.956787	2.184057
1981.000000	673.294800	2.178564
1982.000000	673.614197	2.180016
1983.000000	673.969971	2.180016
1984.000000	674.279785	2.175897
1985.000000	674.619324	2.176995
1986.000000	674.950684	2.175740
1987.000000	675.300415	2.175230
1988.000000	675.626465	2.174563
1989.000000	675.958191	2.174014
1990.000000	676.296631	2.174916
1991.000000	676.636230	2.171581
1992.000000	676.980774	2.171581
1993.000000	677.317200	2.171425
1994.000000	677.654602	2.171189
1995.000000	677.976074	2.170365
1996.000000	678.295715	2.169738
1997.000000	678.667664	2.170836
1998.000000	679.012573	2.168796
1999.000000	679.351196	2.168678
2000.000000	679.682434	2.167188
2001.000000	679.999023	2.166560
2002.000000	680.356934	2.166638
2003.000000	680.707520	2.167541
2004.000000	681.023804	2.167148
2005.000000	681.335571	2.167109
2006.000000	681.678467	2.165030
2007.000000	682.005371	2.165697
2008.000000	682.332764	2.164951
2009.000000	682.669983	2.164324
2010.000000	682.999023	2.162480
2011.000000	683.328369	2.164206
2012.000000	683.648804	2.164166
2013.000000	683.988281	2.162244
2014.000000	684.306091	2.161813
2015.000000	684.637207	2.160400
2016.000000	684.989746	2.161734
2017.000000	685.298035	2.160714
2018.000000	685.648926	2.159106
2019.000000	685.977539	2.158518
2020.000000	686.299500	2.158674
2021.000000	686.635437	2.156792
2022.000000	686.961243	2.154791
2023.000000	687.293457	2.156321
2024.000000	687.626221	2.158439
2025.000000	687.966064	2.155575
2026.000000	688.274353	2.154516
2027.000000	688.636230	2.156007
2028.000000	688.959412	2.156870
2029.000000	689.280762	2.155654
2030.000000	689.608154	2.156046
2031.000000	689.944702	2.154673
2032.000000	690.286621	2.154830
2033.000000	690.609314	2.151142
2034.000000	690.945313	2.152045
2035.000000	691.275940	2.151809
2036.000000	691.616455	2.151456
2037.000000	691.955627	2.150711
2038.000000	692.293335	2.150711
2039.000000	692.638489	2.149534
2040.000000	692.963928	2.148396
2041.000000	693.286438	2.149338
2042.000000	693.631104	2.147925
2043.000000	693.958557	2.149455
2044.000000	694.290527	2.148788
2045.000000	694.619141	2.148435
2046.000000	694.947998	2.148592
2047.000000	695.279602	2.146670
2048.000000	695.615784	2.146827
2049.000000	695.937073	2.145689
2050.000000	696.285583	2.144748
2051.000000	696.603271	2.145218
2052.000000	696.933167	2.142943
2053.000000	697.259766	2.144630
2054.000000	697.597900	2.144159
2055.000000	697.938782	2.144512
2056.000000	698.260437	2.142668
2057.000000	698.585144	2.143178
2058.000000	698.907227	2.142394
2059.000000	699.232178	2.142354
2060.000000	699.560852	2.142904
2061.000000	699.898804	2.141374
2062.000000	700.224365	2.142747
2063.000000	700.557129	2.142002
2064.000000	700.913086	2.142237
2065.000000	701.247559	2.142747
2066.000000	701.579712	2.142315
2067.000000	701.899658	2.143492
2068.000000	702.221191	2.142864
2069.000000	702.561462	2.141805
2070.000000	702.912476	2.142982
2071.000000	703.239868	2.141884
2072.000000	703.564026	2.141648
2073.000000	703.898865	2.141217
2074.000000	704.239746	2.141766
2075.000000	704.581543	2.140354
2076.000000	704.905090	2.138863
2077.000000	705.215637	2.141099
2078.000000	705.567932	2.140785
2079.000000	705.913452	2.139961
2080.000000	706.238403	2.140040
2081.000000	706.569824	2.138588
2082.000000	706.912842	2.139216
2083.000000	707.245361	2.138588
2084.000000	707.580811	2.138235
2085.000000	707.911560	2.138667
2086.000000	708.256104	2.136941
2087.000000	708.593201	2.138000
2088.000000	708.920105	2.135450
2089.000000	709.249207	2.137647
2090.000000	709.602905	2.136705
2091.000000	709.927490	2.133802
2092.000000	710.261047	2.136117
2093.000000	710.605835	2.134979
2094.000000	710.945313	2.133292
2095.000000	711.272217	2.132586
2096.000000	711.596802	2.132900
2097.000000	711.928711	2.132154
2098.000000	712.259460	2.133292
2099.000000	712.587646	2.131409
2100.000000	712.935852	2.131174
2101.000000	713.280029	2.130389
2102.000000	713.612305	2.130664
2103.000000	713.970703	2.131644
2104.000000	714.284180	2.128036
2105.000000	714.662476	2.129879
2106.000000	715.011414	2.128820
2107.000000	715.345032	2.127368
2108.000000	715.668640	2.127290
2109.000000	716.003174	2.128036
2110.000000	716.330322	2.128428
2111.000000	716.655151	2.128271
2112.000000	716.986328	2.127996
2113.000000	717.294861	2.127800
2114.000000	717.603088	2.126898
2115.000000	717.963745	2.127329
2116.000000	718.324951	2.124308
2117.000000	718.647888	2.123994
2118.000000	718.967773	2.125093
2119.000000	719.287781	2.123288
2120.000000	719.627197	2.122974
2121.000000	719.964233	2.121209
2122.000000	720.296021	2.121248
2123.000000	720.639526	2.119404
2124.000000	720.967834	2.120111
2125.000000	721.293091	2.116658
2126.000000	721.632324	2.117168
2127.000000	721.977356	2.116344
2128.000000	722.319458	2.117521
2129.000000	722.645996	2.115795
2130.000000	722.981628	2.116148
2131.000000	723.294678	2.114383
2132.000000	723.608704	2.116541
2133.000000	723.949036	2.115482
2134.000000	724.298584	2.113912
2135.000000	724.627014	2.114187
2136.000000	724.963013	2.113520
2137.000000	725.288879	2.112539
2138.000000	725.608704	2.113049
2139.000000	725.948425	2.111441
2140.000000	726.268921	2.108930
2141.000000	726.603760	2.109323
2142.000000	726.920532	2.109519
2143.000000	727.231750	2.109440
2144.000000	727.583862	2.109126
2145.000000	727.911865	2.109165
2146.000000	728.215271	2.108341
2147.000000	728.539063	2.105988
2148.000000	728.893250	2.109440
2149.000000	729.214172	2.105674
2150.000000	729.551270	2.104732
2151.000000	729.961304	2.105556
2152.000000	730.270325	2.106851
2153.000000	730.579346	2.106184
2154.000000	730.899902	2.107243
2155.000000	731.208862	2.106184
2156.000000	731.563049	2.107400
2157.000000	731.878052	2.106733
2158.000000	732.202026	2.106223
2159.000000	732.541748	2.104261
2160.000000	732.858704	2.106184
2161.000000	733.200195	2.107086
2162.000000	733.572388	2.105438
2163.000000	733.992920	2.104340
2164.000000	734.319214	2.104301
2165.000000	734.602051	2.100260
2166.000000	734.906311	2.102418
2167.000000	735.206360	2.101907
2168.000000	735.523804	2.100338
2169.000000	735.858948	2.104065
2170.000000	736.174805	2.101986
2171.000000	736.516113	2.100731
2172.000000	736.851563	2.101084
2173.000000	737.178711	2.100024
2174.000000	737.507935	2.099162
2175.000000	737.839600	2.099397
2176.000000	738.172607	2.099161
2177.000000	738.486816	2.099985
2178.000000	738.826904	2.100495
2179.000000	739.153564	2.099240
2180.000000	739.486267	2.100299
2181.000000	739.831238	2.097671
2182.000000	740.178040	2.096690
2183.000000	740.520508	2.098612
2184.000000	740.861633	2.097592
2185.000000	741.186157	2.097239
2186.000000	741.498657	2.096690
2187.000000	741.815491	2.096376
2188.000000	742.141968	2.097867
2189.000000	742.480591	2.096298
2190.000000	742.837646	2.095435
2191.000000	743.146606	2.094376
2192.000000	743.481873	2.093944
2193.000000	743.813354	2.094454
2194.000000	744.149841	2.094218
2195.000000	744.477539	2.093159
2196.000000	744.822144	2.092531
2197.000000	745.140686	2.093513
2198.000000	745.461670	2.094964
2199.000000	745.815796	2.093709
2200.000000	746.144775	2.093277
2201.000000	746.485229	2.094023
2202.000000	746.821045	2.092218
2203.000000	747.152710	2.092453
2204.000000	747.487976	2.091708
2205.000000	747.833069	2.091119
2206.000000	748.173706	2.090844
2207.000000	748.525146	2.090766
2208.000000	748.860962	2.091708
2209.000000	749.195313	2.089942
2210.000000	749.530762	2.089393
2211.000000	749.879395	2.090021
2212.000000	750.216248	2.089275
2213.000000	750.559326	2.086804
2214.000000	750.898926	2.086765
2215.000000	751.235474	2.087981
2216.000000	751.563538	2.088255
2217.000000	751.905579	2.086372
2218.000000	752.245361	2.085784
2219.000000	752.558838	2.082920
2220.000000	752.895996	2.085352
2221.000000	753.242004	2.084058
2222.000000	753.564819	2.084882
2223.000000	753.888611	2.084764
2224.000000	754.233643	2.084803
2225.000000	754.553162	2.084215
2226.000000	754.876953	2.083587
2227.000000	755.194458	2.084136
2228.000000	755.516968	2.084136
2229.000000	755.822937	2.084725
2230.000000	756.163269	2.083352
2231.000000	756.495667	2.082999
2232.000000	756.801575	2.081625
2233.000000	757.140625	2.080645
2234.000000	757.486755	2.081194
2235.000000	757.825134	2.082018
2236.000000	758.147095	2.080252
2237.000000	758.473267	2.079154
2238.000000	758.817017	2.081508
2239.000000	759.148621	2.079585
2240.000000	759.466370	2.079703
2241.000000	759.797180	2.078408
2242.000000	760.137817	2.078055
2243.000000	760.453369	2.075976
2244.000000	760.811584	2.076133
2245.000000	761.163208	2.078252
2246.000000	761.485596	2.077389
2247.000000	761.809082	2.075584
2248.000000	762.144531	2.073858
2249.000000	762.467773	2.076172
2250.000000	762.800537	2.073465
2251.000000	763.148865	2.072092
2252.000000	763.497375	2.071425
2253.000000	763.837097	2.073112
2254.000000	764.147583	2.073465
2255.000000	764.462830	2.070484
2256.000000	764.800476	2.069896
2257.000000	765.137939	2.069542
2258.000000	765.482971	2.069503
2259.000000	765.815918	2.069190
2260.000000	766.146912	2.069346
2261.000000	766.484192	2.069582
2262.000000	766.828064	2.068719
2263.000000	767.144409	2.070366
2264.000000	767.472900	2.070798
2265.000000	767.817139	2.070131
2266.000000	768.154785	2.068719
2267.000000	768.500122	2.069856
2268.000000	768.833435	2.069268
2269.000000	769.139282	2.068640
2270.000000	769.466187	2.068993
2271.000000	769.816040	2.069111
2272.000000	770.153320	2.066326
2273.000000	770.498291	2.066757
2274.000000	770.830078	2.066169
2275.000000	771.203369	2.064717
2276.000000	771.593506	2.066286
2277.000000	771.967590	2.063148
2278.000000	772.300781	2.065541
2279.000000	772.610046	2.063619
2280.000000	772.927734	2.063305
2281.000000	773.264465	2.064678
2282.000000	773.607300	2.062952
2283.000000	773.952332	2.062952
2284.000000	774.284668	2.060794
2285.000000	774.589478	2.059068
2286.000000	774.916809	2.060480
2287.000000	775.239990	2.061696
2288.000000	775.546509	2.060716
2289.000000	775.858643	2.059225
2290.000000	776.214233	2.059421
2291.000000	776.540283	2.059774
2292.000000	776.855225	2.059578
2293.000000	777.191650	2.060441
2294.000000	777.533203	2.058048
2295.000000	777.868530	2.056322
2296.000000	778.184814	2.057028
2297.000000	778.517761	2.057538
2298.000000	778.861084	2.056283
2299.000000	779.164307	2.054713
2300.000000	779.479980	2.057812
2301.000000	779.806152	2.057263
2302.000000	780.125732	2.056126
2303.000000	780.466309	2.055615
2304.000000	780.806458	2.057263
2305.000000	781.129028	2.054242
2306.000000	781.464111	2.054635
2307.000000	781.795837	2.054046
2308.000000	782.128906	2.053222
2309.000000	782.468994	2.054360
2310.000000	782.806396	2.053968
2311.000000	783.126221	2.050516
2312.000000	783.454834	2.052242
2313.000000	783.772156	2.052399
2314.000000	784.103271	2.051575
2315.000000	784.433105	2.049574
2316.000000	784.758728	2.050359
2317.000000	785.095459	2.049221
2318.000000	785.450989	2.050947
2319.000000	785.796021	2.047691
2320.000000	786.128235	2.049653
2321.000000	786.444153	2.049417
2322.000000	786.767639	2.049143
2323.000000	787.125732	2.048515
2324.000000	787.462341	2.047848
2325.000000	787.774109	2.048946
2326.000000	788.108948	2.047024
2327.000000	788.442627	2.047691
2328.000000	788.757874	2.046985
2329.000000	789.082397	2.046200
2330.000000	789.416748	2.045376
2331.000000	789.753113	2.047220
2332.000000	790.091431	2.047181
2333.000000	790.426758	2.046671
2334.000000	790.776367	2.044631
2335.000000	791.106995	2.045376
2336.000000	791.436646	2.046318
2337.000000	791.748474	2.045063
2338.000000	792.074707	2.044788
2339.000000	792.414246	2.044945
2340.000000	792.728760	2.044670
2341.000000	793.074951	2.045141
2342.000000	793.391602	2.044160
2343.000000	793.734802	2.044513
2344.000000	794.079834	2.045023
2345.000000	794.419678	2.043964
2346.000000	794.736755	2.043454
2347.000000	795.072754	2.043375
2348.000000	795.412109	2.042277
2349.000000	795.748047	2.042316
2350.000000	796.072876	2.042827
2351.000000	796.398621	2.041257
2352.000000	796.720947	2.041532
2353.000000	797.064819	2.040982
2354.000000	797.388123	2.040119
2355.000000	797.723877	2.041453
2356.000000	798.038757	2.042120
2357.000000	798.358643	2.042395
2358.000000	798.691772	2.041414
2359.000000	799.024292	2.041257
2360.000000	799.356812	2.040787
2361.000000	799.693787	2.039256
2362.000000	800.019348	2.039531
2363.000000	800.336731	2.039924
2364.000000	800.701843	2.040002
2365.000000	801.061768	2.040512
2366.000000	801.402527	2.039963
2367.000000	801.747131	2.038589
2368.000000	802.069397	2.038079
2369.000000	802.399719	2.037413
2370.000000	802.723572	2.036392
2371.000000	803.045166	2.036236
2372.000000	803.359619	2.036510
2373.000000	803.687439	2.037726
2374.000000	804.038452	2.036785
2375.000000	804.362000	2.035098
2376.000000	804.691589	2.033607
2377.000000	805.034424	2.033999
2378.000000	805.359253	2.034510
2379.000000	805.699158	2.032312
2380.000000	806.037415	2.034274
2381.000000	806.396484	2.035530
2382.000000	806.722900	2.034353
2383.000000	807.032471	2.032470
2384.000000	807.379150	2.034313
2385.000000	807.722168	2.031018
2386.000000	808.055420	2.031567
2387.000000	808.382263	2.031802
2388.000000	808.714111	2.030979
2389.000000	809.046448	2.029527
2390.000000	809.379272	2.030077
2391.000000	809.717285	2.030391
