0.000000	28.840485	12.313833
1.000000	28.853867	12.313088
2.000000	28.869299	12.310931
3.000000	28.883764	12.309676
4.000000	28.903292	12.309557
5.000000	28.922710	12.310263
6.000000	28.939104	12.308615
7.000000	28.962252	12.307164
8.000000	28.979736	12.305399
9.000000	29.016268	12.304810
10.000000	29.045443	12.302299
11.000000	29.074139	12.301006
12.000000	29.117544	12.300693
13.000000	29.140087	12.299789
14.000000	29.180721	12.298494
15.000000	29.218697	12.294886
16.000000	29.266806	12.296885
17.000000	29.302010	12.293827
18.000000	29.355059	12.295551
19.000000	29.421856	12.294061
20.000000	29.459709	12.292492
21.000000	29.521685	12.292649
22.000000	29.573889	12.291315
23.000000	29.637062	12.290257
24.000000	29.704941	12.287941
25.000000	29.757513	12.288019
26.000000	29.813818	12.287509
27.000000	29.877230	12.287157
28.000000	29.942581	12.287354
29.000000	30.016125	12.286842
30.000000	30.080629	12.284058
31.000000	30.152618	12.283352
32.000000	30.220369	12.282567
33.000000	30.295111	12.279781
34.000000	30.365074	12.281507
35.000000	30.435875	12.280173
36.000000	30.510860	12.278488
37.000000	30.580227	12.276016
38.000000	30.659994	12.275623
39.000000	30.731277	12.276016
40.000000	30.816185	12.272602
41.000000	30.900265	12.272838
42.000000	30.976803	12.270877
43.000000	31.067333	12.270248
44.000000	31.138851	12.271112
45.000000	31.229622	12.268797
46.000000	31.304251	12.265424
47.000000	31.398729	12.265031
48.000000	31.486752	12.263149
49.000000	31.566046	12.263893
50.000000	31.652391	12.260834
51.000000	31.741369	12.261068
52.000000	31.829031	12.260363
53.000000	31.916100	12.259108
54.000000	32.001007	12.256714
55.000000	32.092258	12.257027
56.000000	32.180279	12.254909
57.000000	32.279778	12.254948
58.000000	32.379284	12.250751
59.000000	32.470772	12.248947
60.000000	32.570992	12.248789
61.000000	32.675400	12.246552
62.000000	32.787216	12.246161
63.000000	32.891861	12.244709
64.000000	33.008945	12.244003
65.000000	33.127228	12.244122
66.000000	33.237968	12.243179
67.000000	33.374306	12.242002
68.000000	33.503231	12.241413
69.000000	33.648659	12.240787
70.000000	33.789303	12.237844
71.000000	33.939152	12.237294
72.000000	34.096176	12.235215
73.000000	34.263367	12.235176
74.000000	34.432953	12.234589
75.000000	34.617611	12.234509
76.000000	34.795685	12.232469
77.000000	34.997559	12.230076
78.000000	35.192017	12.230038
79.000000	35.412075	12.229095
80.000000	35.617416	12.229448
81.000000	35.843925	12.226311
82.000000	36.090172	12.226114
83.000000	36.333668	12.225998
84.000000	36.586845	12.223879
85.000000	36.852345	12.222622
86.000000	37.133270	12.220466
87.000000	37.417667	12.220348
88.000000	37.708160	12.218386
89.000000	38.007988	12.215131
90.000000	38.325867	12.216149
91.000000	38.654873	12.214110
92.000000	38.984596	12.210657
93.000000	39.333687	12.212147
94.000000	39.682190	12.210500
95.000000	40.039658	12.209285
96.000000	40.410286	12.209206
97.000000	40.792919	12.206656
98.000000	41.167480	12.204497
99.000000	41.557716	12.202224
100.000000	41.947826	12.203007
101.000000	42.347557	12.198811
102.000000	42.754887	12.197240
103.000000	43.178364	12.194847
104.000000	43.599342	12.192297
105.000000	44.033859	12.191277
106.000000	44.464928	12.190179
107.000000	44.891254	12.188218
108.000000	45.326603	12.187864
109.000000	45.770973	12.185510
110.000000	46.214867	12.184411
111.000000	46.659000	12.182488
112.000000	47.099449	12.179782
113.000000	47.552368	12.175859
114.000000	47.993767	12.173781
115.000000	48.450958	12.170643
116.000000	48.892002	12.168877
117.000000	49.336372	12.168602
118.000000	49.787277	12.165071
119.000000	50.232822	12.162130
120.000000	50.676151	12.160715
121.000000	51.109703	12.155146
122.000000	51.547497	12.152949
123.000000	51.976543	12.149771
124.000000	52.398392	12.146280
125.000000	52.845398	12.142985
126.000000	53.275627	12.140200
127.000000	53.676090	12.137336
128.000000	54.102188	12.135765
129.000000	54.518127	12.132195
130.000000	54.924145	12.127958
131.000000	55.328270	12.123369
132.000000	55.725548	12.120583
133.000000	56.126122	12.117759
134.000000	56.515598	12.114464
135.000000	56.900711	12.111443
136.000000	57.291016	12.107402
137.000000	57.662651	12.105401
138.000000	58.033104	12.100811
139.000000	58.397900	12.097124
140.000000	58.765751	12.094142
141.000000	59.119793	12.092063
142.000000	59.488129	12.088886
143.000000	59.826805	12.084766
144.000000	60.181194	12.082177
145.000000	60.528625	12.080410
146.000000	60.868267	12.074644
147.000000	61.197857	12.072800
148.000000	61.525803	12.068563
149.000000	61.856335	12.064209
150.000000	62.168743	12.061699
151.000000	62.497276	12.058520
152.000000	62.813927	12.054481
153.000000	63.121269	12.050439
154.000000	63.426983	12.044712
155.000000	63.743866	12.042553
156.000000	64.039566	12.037926
157.000000	64.341377	12.037769
158.000000	64.635208	12.034081
159.000000	64.930908	12.030707
160.000000	65.216949	12.027687
161.000000	65.513611	12.024468
162.000000	65.798828	12.018780
163.000000	66.086533	12.012700
164.000000	66.367401	12.011560
165.000000	66.654167	12.008070
166.000000	66.932098	12.003362
167.000000	67.208504	12.001596
168.000000	67.488785	11.996890
169.000000	67.768013	11.992968
170.000000	68.050301	11.990966
171.000000	68.329887	11.987671
172.000000	68.599701	11.985317
173.000000	68.862579	11.983158
174.000000	69.142029	11.978961
175.000000	69.406441	11.973626
176.000000	69.691315	11.972450
177.000000	69.975952	11.967270
178.000000	70.266838	11.964995
179.000000	70.538063	11.961072
180.000000	70.833649	11.959620
181.000000	71.113068	11.954755
182.000000	71.391853	11.949969
183.000000	71.681671	11.945106
184.000000	71.963013	11.942986
185.000000	72.249908	11.940319
186.000000	72.535149	11.936827
187.000000	72.824371	11.934748
188.000000	73.105843	11.930316
189.000000	73.419769	11.928001
190.000000	73.707832	11.923331
191.000000	74.011986	11.918625
192.000000	74.304520	11.916740
193.000000	74.612442	11.912701
194.000000	74.918945	11.910151
195.000000	75.228760	11.907876
196.000000	75.537628	11.906189
197.000000	75.849548	11.901599
198.000000	76.175240	11.898186
199.000000	76.487167	11.895988
200.000000	76.810257	11.892340
201.000000	77.134285	11.888494
202.000000	77.449738	11.886142
203.000000	77.791168	11.883317
204.000000	78.123795	11.881394
205.000000	78.452179	11.878098
206.000000	78.798676	11.875039
207.000000	79.142105	11.873940
208.000000	79.489777	11.868213
209.000000	79.839668	11.866016
210.000000	80.179588	11.863152
211.000000	80.512787	11.860014
212.000000	80.874207	11.857385
213.000000	81.230461	11.856365
214.000000	81.589172	11.850205
215.000000	81.940254	11.846363
216.000000	82.300972	11.844479
217.000000	82.656036	11.842086
218.000000	83.023705	11.837574
219.000000	83.383835	11.835417
220.000000	83.752075	11.834004
221.000000	84.100449	11.830589
222.000000	84.467384	11.826863
223.000000	84.836456	11.823725
224.000000	85.200470	11.820194
225.000000	85.568001	11.817371
226.000000	85.935196	11.813839
227.000000	86.299431	11.809877
228.000000	86.671440	11.808151
229.000000	87.041687	11.804346
230.000000	87.412514	11.801365
231.000000	87.788513	11.797481
232.000000	88.149109	11.792616
233.000000	88.513000	11.791516
234.000000	88.876549	11.789635
235.000000	89.235497	11.786614
236.000000	89.603973	11.784260
237.000000	89.940361	11.783279
238.000000	90.287903	11.780062
239.000000	90.655205	11.777550
240.000000	91.018631	11.773824
241.000000	91.382874	11.772333
242.000000	91.745262	11.769705
243.000000	92.092117	11.764878
244.000000	92.447456	11.762644
245.000000	92.798210	11.760720
246.000000	93.152374	11.756798
247.000000	93.508781	11.753621
248.000000	93.851280	11.750992
249.000000	94.198853	11.748089
250.000000	94.544762	11.743539
251.000000	94.884186	11.742714
252.000000	95.228691	11.739144
253.000000	95.567535	11.737183
254.000000	95.906029	11.734869
255.000000	96.236023	11.731024
256.000000	96.571091	11.728630
257.000000	96.908524	11.723413
258.000000	97.242073	11.722001
259.000000	97.572899	11.719608
260.000000	97.910217	11.717175
261.000000	98.235382	11.715175
262.000000	98.555717	11.712428
263.000000	98.870285	11.710624
264.000000	99.196167	11.708661
265.000000	99.505661	11.705759
266.000000	99.840492	11.703836
267.000000	100.159897	11.700384
268.000000	100.476822	11.699246
269.000000	100.801872	11.696148
270.000000	101.116196	11.693480
271.000000	101.433945	11.692499
272.000000	101.750717	11.688380
273.000000	102.079109	11.687595
274.000000	102.392410	11.683594
275.000000	102.713142	11.683006
276.000000	103.004585	11.683241
277.000000	103.341293	11.681201
278.000000	103.657661	11.679867
279.000000	103.977478	11.677826
280.000000	104.296326	11.675748
281.000000	104.614952	11.672413
282.000000	104.924828	11.670844
283.000000	105.252533	11.669431
284.000000	105.571045	11.667588
285.000000	105.893684	11.663351
286.000000	106.211243	11.663899
287.000000	106.524536	11.660252
288.000000	106.841148	11.656681
289.000000	107.170174	11.657428
290.000000	107.504395	11.654248
291.000000	107.827034	11.650875
292.000000	108.155342	11.649973
293.000000	108.475975	11.646913
294.000000	108.787628	11.646992
295.000000	109.117950	11.642715
296.000000	109.436447	11.642990
297.000000	109.758507	11.642480
298.000000	110.095093	11.639068
299.000000	110.418793	11.638556
300.000000	110.743088	11.637537
301.000000	111.078964	11.635262
302.000000	111.405624	11.633849
303.000000	111.737854	11.632829
304.000000	112.082794	11.631299
305.000000	112.402588	11.630044
306.000000	112.734077	11.630278
307.000000	113.082581	11.629337
308.000000	113.414070	11.626553
309.000000	113.754135	11.621805
310.000000	114.089180	11.623061
311.000000	114.432457	11.623375
312.000000	114.768700	11.618667
313.000000	115.109810	11.616746
314.000000	115.456406	11.617844
315.000000	115.788971	11.616196
316.000000	116.106697	11.612940
317.000000	116.471825	11.611998
318.000000	116.820663	11.610978
319.000000	117.152756	11.609919
320.000000	117.496727	11.608271
321.000000	117.831673	11.607605
322.000000	118.178368	11.606349
323.000000	118.528183	11.605289
324.000000	118.864426	11.602543
325.000000	119.218750	11.601131
326.000000	119.550354	11.600582
327.000000	119.889694	11.598031
328.000000	120.212166	11.595716
329.000000	120.546875	11.595128
330.000000	120.883728	11.594383
331.000000	121.225311	11.594578
332.000000	121.590195	11.592186
333.000000	121.939644	11.592185
334.000000	122.274803	11.588929
335.000000	122.614037	11.588968
336.000000	122.951622	11.586066
337.000000	123.294456	11.586341
338.000000	123.636444	11.586812
339.000000	123.964478	11.587556
340.000000	124.298950	11.584144
341.000000	124.637238	11.585281
342.000000	124.985321	11.583282
343.000000	125.329124	11.583241
344.000000	125.668968	11.581829
345.000000	126.011559	11.581320
346.000000	126.352844	11.581750
347.000000	126.686485	11.579829
348.000000	127.022728	11.578495
349.000000	127.346466	11.579005
350.000000	127.691452	11.575984
351.000000	128.022339	11.574453
352.000000	128.361115	11.575867
353.000000	128.695206	11.574455
354.000000	129.023361	11.574533
355.000000	129.359131	11.572729
356.000000	129.688339	11.572766
357.000000	130.018402	11.572453
358.000000	130.350250	11.572218
359.000000	130.671570	11.569786
360.000000	131.002563	11.570846
361.000000	131.335846	11.569080
362.000000	131.667328	11.569786
363.000000	131.995697	11.568647
364.000000	132.310211	11.565862
365.000000	132.656479	11.565901
366.000000	132.995972	11.566177
367.000000	133.312973	11.567079
368.000000	133.650772	11.567079
369.000000	133.982544	11.563077
370.000000	134.306183	11.561863
371.000000	134.631958	11.562764
372.000000	134.955444	11.561509
373.000000	135.289886	11.560136
374.000000	135.621323	11.560761
375.000000	135.963074	11.560723
376.000000	136.297531	11.560018
377.000000	136.620407	11.560959
378.000000	136.960861	11.559273
379.000000	137.279541	11.558449
380.000000	137.608093	11.558448
381.000000	137.948303	11.557192
382.000000	138.276123	11.557978
383.000000	138.601776	11.558252
384.000000	138.945114	11.555546
385.000000	139.275330	11.555819
386.000000	139.599670	11.554250
387.000000	139.935303	11.553741
388.000000	140.270935	11.554956
389.000000	140.598038	11.553741
390.000000	140.933212	11.554172
391.000000	141.258499	11.552406
392.000000	141.584747	11.551818
393.000000	141.915726	11.551348
394.000000	142.240417	11.550837
395.000000	142.582184	11.549504
396.000000	142.905258	11.548286
397.000000	143.239441	11.550289
398.000000	143.573532	11.551583
399.000000	143.905899	11.548602
400.000000	144.239868	11.548838
401.000000	144.580093	11.550525
402.000000	144.907547	11.545738
403.000000	145.238586	11.550288
404.000000	145.572693	11.547306
405.000000	145.908691	11.547112
406.000000	146.236496	11.545620
407.000000	146.570190	11.544875
408.000000	146.908630	11.546090
409.000000	147.227722	11.546719
410.000000	147.567963	11.544875
411.000000	147.918350	11.546090
412.000000	148.259659	11.543894
413.000000	148.614746	11.546405
414.000000	148.954147	11.544757
415.000000	149.290527	11.547071
416.000000	149.632919	11.545189
417.000000	149.982849	11.546090
418.000000	150.321365	11.544128
419.000000	150.674408	11.542873
420.000000	151.025055	11.543502
421.000000	151.361908	11.542324
422.000000	151.709381	11.543424
423.000000	152.054443	11.541775
424.000000	152.403259	11.540951
425.000000	152.755707	11.542442
426.000000	153.103882	11.541618
427.000000	153.458282	11.543463
428.000000	153.794205	11.541893
429.000000	154.123474	11.539774
430.000000	154.494385	11.541108
431.000000	154.837723	11.540991
432.000000	155.192017	11.542561
433.000000	155.535965	11.541069
434.000000	155.891922	11.541030
435.000000	156.234558	11.541187
436.000000	156.581055	11.539342
437.000000	156.925735	11.541462
438.000000	157.269089	11.541345
439.000000	157.620560	11.541188
440.000000	157.967194	11.539618
441.000000	158.311890	11.539577
442.000000	158.649887	11.537891
443.000000	158.982910	11.537852
444.000000	159.321777	11.540363
445.000000	159.655060	11.539775
446.000000	159.998657	11.539852
447.000000	160.339432	11.538636
448.000000	160.674896	11.539107
449.000000	161.000641	11.538401
450.000000	161.348724	11.537147
451.000000	161.675827	11.537812
452.000000	162.016495	11.536793
453.000000	162.346497	11.538872
454.000000	162.683411	11.539108
455.000000	163.009033	11.537264
456.000000	163.337814	11.536988
457.000000	163.672516	11.537146
458.000000	163.998932	11.536793
459.000000	164.327301	11.536713
460.000000	164.646286	11.538362
461.000000	164.976349	11.535811
462.000000	165.312637	11.537616
463.000000	165.641251	11.537302
464.000000	165.976563	11.538244
465.000000	166.299438	11.535224
466.000000	166.626953	11.536400
467.000000	166.951050	11.538401
468.000000	167.280411	11.537145
469.000000	167.597672	11.536988
470.000000	167.924088	11.536674
471.000000	168.238922	11.538283
472.000000	168.563873	11.537380
473.000000	168.897614	11.537459
474.000000	169.224503	11.536243
475.000000	169.561035	11.537970
476.000000	169.891113	11.536518
477.000000	170.221191	11.535185
478.000000	170.556870	11.537263
479.000000	170.891205	11.535930
480.000000	171.221405	11.535733
481.000000	171.550980	11.535223
482.000000	171.881424	11.536008
483.000000	172.212463	11.535812
484.000000	172.529510	11.536283
485.000000	172.880539	11.536754
486.000000	173.198425	11.535812
487.000000	173.531128	11.536480
488.000000	173.868088	11.536047
489.000000	174.205795	11.536361
490.000000	174.539337	11.536636
491.000000	174.877029	11.537811
492.000000	175.203140	11.536674
493.000000	175.537537	11.536597
494.000000	175.874390	11.535576
495.000000	176.230896	11.534675
496.000000	176.564453	11.536321
497.000000	176.908752	11.536596
498.000000	177.238876	11.536439
499.000000	177.577072	11.535772
500.000000	177.919785	11.534046
501.000000	178.252975	11.534359
502.000000	178.590927	11.535891
503.000000	178.927399	11.534321
504.000000	179.259842	11.533890
505.000000	179.587769	11.535460
506.000000	179.928650	11.534713
507.000000	180.267944	11.536910
508.000000	180.608093	11.534008
509.000000	180.943832	11.534400
510.000000	181.286545	11.534714
511.000000	181.600296	11.535068
512.000000	181.930191	11.535537
513.000000	182.295868	11.535536
514.000000	182.634171	11.534988
515.000000	182.962112	11.535498
516.000000	183.280746	11.534360
517.000000	183.616623	11.536361
518.000000	183.950409	11.535498
519.000000	184.304855	11.533694
520.000000	184.627777	11.534714
521.000000	184.972443	11.534752
522.000000	185.312576	11.534244
523.000000	185.653595	11.535615
524.000000	185.984940	11.534517
525.000000	186.316528	11.534283
526.000000	186.663391	11.534283
527.000000	186.989487	11.533340
528.000000	187.321838	11.533340
529.000000	187.619690	11.533184
530.000000	187.978897	11.535027
531.000000	188.318802	11.533654
532.000000	188.660538	11.532988
533.000000	188.989929	11.534987
534.000000	189.317978	11.532711
535.000000	189.649948	11.533497
536.000000	189.990097	11.532398
537.000000	190.321060	11.532987
538.000000	190.663162	11.534084
539.000000	190.993179	11.531850
540.000000	191.318420	11.532751
541.000000	191.653305	11.533772
542.000000	191.976593	11.531654
543.000000	192.310379	11.530829
544.000000	192.646255	11.531614
545.000000	192.975403	11.532594
546.000000	193.304672	11.532045
547.000000	193.636398	11.532673
548.000000	193.960815	11.532830
549.000000	194.289871	11.531143
550.000000	194.627197	11.531849
551.000000	194.951721	11.531849
552.000000	195.287598	11.531810
553.000000	195.618469	11.532751
554.000000	195.960449	11.531379
555.000000	196.293518	11.530987
556.000000	196.628296	11.532125
557.000000	196.951950	11.529181
558.000000	197.290527	11.530202
559.000000	197.626007	11.529495
560.000000	197.961777	11.530869
561.000000	198.292618	11.529377
562.000000	198.634277	11.531300
563.000000	198.958633	11.530673
564.000000	199.288559	11.531300
565.000000	199.627457	11.531064
566.000000	199.960068	11.531025
567.000000	200.293823	11.529299
568.000000	200.627167	11.530516
569.000000	200.961426	11.530828
570.000000	201.288025	11.528632
571.000000	201.632813	11.529967
572.000000	201.961975	11.530242
573.000000	202.294434	11.529770
574.000000	202.630920	11.525730
575.000000	202.980225	11.527808
576.000000	203.309738	11.528632
577.000000	203.647339	11.528946
578.000000	203.985016	11.528358
579.000000	204.330750	11.524710
580.000000	204.662109	11.526436
581.000000	204.995544	11.527966
582.000000	205.328262	11.527220
583.000000	205.669037	11.526905
584.000000	206.013199	11.528083
585.000000	206.349915	11.527573
586.000000	206.678024	11.526123
587.000000	207.025482	11.525494
588.000000	207.355637	11.526279
589.000000	207.692749	11.527534
590.000000	208.022156	11.525807
591.000000	208.355362	11.525533
592.000000	208.690002	11.525846
593.000000	209.034805	11.522355
594.000000	209.375580	11.526592
595.000000	209.728882	11.522239
596.000000	210.058167	11.524043
597.000000	210.392227	11.523611
598.000000	210.738586	11.523415
599.000000	211.075439	11.523102
600.000000	211.413391	11.522199
601.000000	211.755142	11.524160
602.000000	212.096741	11.522082
603.000000	212.435440	11.523376
604.000000	212.771179	11.523651
605.000000	213.104263	11.521454
606.000000	213.440033	11.521689
607.000000	213.777512	11.521493
608.000000	214.121796	11.520473
609.000000	214.462738	11.520314
610.000000	214.804871	11.521492
611.000000	215.130341	11.520198
612.000000	215.461426	11.521924
613.000000	215.809021	11.521609
614.000000	216.137177	11.519531
615.000000	216.472137	11.521256
616.000000	216.797745	11.517844
617.000000	217.117004	11.517844
618.000000	217.458542	11.517765
619.000000	217.780243	11.518158
620.000000	218.108292	11.515686
621.000000	218.451050	11.518942
622.000000	218.777634	11.518157
623.000000	219.106857	11.518197
624.000000	219.429321	11.518276
625.000000	219.754654	11.515804
626.000000	220.086487	11.516589
627.000000	220.412323	11.515451
628.000000	220.748383	11.514431
629.000000	221.084808	11.514785
630.000000	221.416351	11.515608
631.000000	221.755188	11.514786
632.000000	222.076309	11.515372
633.000000	222.406296	11.517648
634.000000	222.741501	11.514393
635.000000	223.073288	11.515059
636.000000	223.399750	11.515293
637.000000	223.723770	11.514902
638.000000	224.059097	11.514195
639.000000	224.393326	11.511999
640.000000	224.730637	11.514000
641.000000	225.063965	11.513646
642.000000	225.396057	11.511764
643.000000	225.737152	11.512706
644.000000	226.073257	11.513294
645.000000	226.404785	11.512274
646.000000	226.729874	11.512352
647.000000	227.056412	11.511646
648.000000	227.405365	11.512547
649.000000	227.740891	11.510548
650.000000	228.066330	11.511135
651.000000	228.406219	11.510626
652.000000	228.742920	11.510743
653.000000	229.075043	11.510743
654.000000	229.409836	11.509293
655.000000	229.747375	11.507801
656.000000	230.082779	11.508194
657.000000	230.418762	11.508547
658.000000	230.757080	11.508311
659.000000	231.094009	11.508508
660.000000	231.436691	11.507684
661.000000	231.766037	11.508900
662.000000	232.105530	11.507841
663.000000	232.442261	11.508116
664.000000	232.768677	11.507684
665.000000	233.123917	11.507801
666.000000	233.474579	11.506507
667.000000	233.789368	11.506507
668.000000	234.141251	11.504936
669.000000	234.486343	11.504270
670.000000	234.818726	11.504585
671.000000	235.158539	11.505369
672.000000	235.492447	11.503172
673.000000	235.819031	11.503564
674.000000	236.171677	11.502663
675.000000	236.506042	11.501956
676.000000	236.833801	11.502466
677.000000	237.167374	11.501760
678.000000	237.502289	11.502270
679.000000	237.845139	11.499563
680.000000	238.168915	11.500073
681.000000	238.513351	11.499210
682.000000	238.839172	11.499799
683.000000	239.175629	11.497444
684.000000	239.501114	11.498505
685.000000	239.818008	11.497916
686.000000	240.163055	11.496700
687.000000	240.500488	11.497013
688.000000	240.827271	11.495915
689.000000	241.158417	11.494895
690.000000	241.486298	11.495170
691.000000	241.820328	11.492462
692.000000	242.156906	11.494109
693.000000	242.482544	11.492383
694.000000	242.799927	11.492267
695.000000	243.141296	11.491756
696.000000	243.465576	11.489953
697.000000	243.802994	11.490069
698.000000	244.131485	11.490658
699.000000	244.446716	11.489636
700.000000	244.776901	11.489285
701.000000	245.118042	11.488579
702.000000	245.437592	11.488069
703.000000	245.793137	11.487441
704.000000	246.107117	11.488540
705.000000	246.434204	11.487716
706.000000	246.754654	11.485558
707.000000	247.080292	11.488068
708.000000	247.410248	11.485439
709.000000	247.731201	11.485558
710.000000	248.035461	11.485127
711.000000	248.377899	11.483009
712.000000	248.693359	11.483243
713.000000	249.030151	11.483243
714.000000	249.357437	11.482969
715.000000	249.682373	11.480183
716.000000	250.009415	11.480536
717.000000	250.331589	11.479948
718.000000	250.666351	11.479320
719.000000	251.005783	11.479438
720.000000	251.326385	11.479398
721.000000	251.647339	11.478889
722.000000	251.985443	11.476691
723.000000	252.306885	11.477673
724.000000	252.638153	11.475671
725.000000	252.973511	11.475475
726.000000	253.296631	11.473946
727.000000	253.625381	11.474298
728.000000	253.952332	11.470806
729.000000	254.278336	11.468491
730.000000	254.619690	11.469825
731.000000	254.964035	11.470414
732.000000	255.280762	11.468178
733.000000	255.628998	11.466805
734.000000	255.966599	11.463470
735.000000	256.297882	11.465354
736.000000	256.628204	11.464569
737.000000	256.970825	11.461823
738.000000	257.307861	11.461548
739.000000	257.632080	11.462097
740.000000	257.976044	11.461471
741.000000	258.312683	11.459469
742.000000	258.658203	11.457115
743.000000	258.995178	11.456329
744.000000	259.338348	11.454487
745.000000	259.679871	11.453232
746.000000	260.009369	11.453349
747.000000	260.349609	11.450838
748.000000	260.698608	11.450761
749.000000	261.037872	11.448799
750.000000	261.381104	11.445778
751.000000	261.721008	11.445347
752.000000	262.058594	11.443383
753.000000	262.397186	11.440913
754.000000	262.738861	11.442286
755.000000	263.069946	11.440128
756.000000	263.377808	11.438873
757.000000	263.713806	11.436755
758.000000	264.068970	11.436560
759.000000	264.403107	11.434089
760.000000	264.718994	11.433185
761.000000	265.042358	11.431459
762.000000	265.410156	11.429497
763.000000	265.745361	11.430126
764.000000	266.103333	11.426751
765.000000	266.422363	11.426476
766.000000	266.754486	11.424595
767.000000	267.065430	11.424437
768.000000	267.402649	11.420474
769.000000	267.759277	11.416824
770.000000	268.088379	11.416943
771.000000	268.428284	11.413451
772.000000	268.752899	11.411255
773.000000	269.077026	11.409097
774.000000	269.415375	11.409802
775.000000	269.738892	11.407252
776.000000	270.065796	11.406351
777.000000	270.406708	11.403291
778.000000	270.736328	11.400270
779.000000	271.056641	11.397838
780.000000	271.390717	11.396502
781.000000	271.717468	11.394817
782.000000	272.059937	11.392071
783.000000	272.391571	11.390227
784.000000	272.718323	11.387128
785.000000	273.045654	11.386539
786.000000	273.375305	11.385284
787.000000	273.702789	11.381516
788.000000	274.035522	11.380028
789.000000	274.365234	11.379243
790.000000	274.701660	11.377359
791.000000	275.033295	11.374809
792.000000	275.374451	11.372888
793.000000	275.710541	11.367553
794.000000	276.047455	11.366453
795.000000	276.371643	11.362334
796.000000	276.720123	11.361314
797.000000	277.063110	11.359744
798.000000	277.408356	11.356332
799.000000	277.755463	11.352289
800.000000	278.101318	11.349624
801.000000	278.448456	11.347739
802.000000	278.792023	11.344171
803.000000	279.132996	11.340757
804.000000	279.479675	11.339816
805.000000	279.834839	11.336205
806.000000	280.182617	11.332520
807.000000	280.520599	11.331538
808.000000	280.861694	11.328243
809.000000	281.212250	11.323574
810.000000	281.555359	11.318043
811.000000	281.903198	11.314865
812.000000	282.236084	11.313100
813.000000	282.585358	11.309177
814.000000	282.936432	11.307411
815.000000	283.268494	11.303567
816.000000	283.608398	11.297720
817.000000	283.937225	11.294543
818.000000	284.281647	11.290698
819.000000	284.615967	11.286933
820.000000	284.951813	11.284500
821.000000	285.283203	11.282303
822.000000	285.605621	11.278067
823.000000	285.936371	11.274418
824.000000	286.271088	11.271790
825.000000	286.600494	11.267551
826.000000	286.915619	11.260727
827.000000	287.243591	11.258726
828.000000	287.567810	11.255196
829.000000	287.886963	11.248330
830.000000	288.198120	11.243740
831.000000	288.524963	11.238835
832.000000	288.850342	11.233892
833.000000	289.176575	11.231186
834.000000	289.503998	11.224792
835.000000	289.825012	11.221497
836.000000	290.159058	11.213924
837.000000	290.477936	11.210434
838.000000	290.806641	11.205765
839.000000	291.122925	11.199684
840.000000	291.442780	11.195094
841.000000	291.770905	11.190819
842.000000	292.094391	11.184464
843.000000	292.420349	11.181206
844.000000	292.741058	11.176577
845.000000	293.063965	11.170692
846.000000	293.380493	11.164847
847.000000	293.716064	11.158334
848.000000	294.042114	11.154411
849.000000	294.370239	11.146370
850.000000	294.706421	11.140602
851.000000	295.034668	11.134718
852.000000	295.373993	11.129501
853.000000	295.698334	11.121812
854.000000	296.030029	11.114513
855.000000	296.367859	11.108629
856.000000	296.707489	11.103764
857.000000	297.033508	11.095370
858.000000	297.351135	11.090427
859.000000	297.707642	11.083797
860.000000	298.029175	11.078187
861.000000	298.360138	11.073559
862.000000	298.702148	11.067046
863.000000	299.042847	11.059199
864.000000	299.380157	11.049038
865.000000	299.725128	11.044173
866.000000	300.059052	11.035661
867.000000	300.408051	11.028835
868.000000	300.745361	11.022048
869.000000	301.072754	11.012005
870.000000	301.420898	11.007100
871.000000	301.762695	10.997645
872.000000	302.084686	10.989015
873.000000	302.433807	10.983681
874.000000	302.762390	10.977716
875.000000	303.098389	10.970066
876.000000	303.436066	10.962104
877.000000	303.771484	10.954689
878.000000	304.119507	10.944489
879.000000	304.459625	10.937546
880.000000	304.782715	10.928404
881.000000	305.137573	10.919224
882.000000	305.479736	10.909416
883.000000	305.808990	10.904317
884.000000	306.152832	10.893960
885.000000	306.495728	10.885015
886.000000	306.835938	10.878149
887.000000	307.158417	10.871364
888.000000	307.493896	10.863007
889.000000	307.822693	10.852572
890.000000	308.157227	10.843431
891.000000	308.500336	10.834094
892.000000	308.839844	10.827699
893.000000	309.170593	10.817930
894.000000	309.497650	10.809221
895.000000	309.843964	10.797020
896.000000	310.175659	10.788468
897.000000	310.506470	10.781368
898.000000	310.843323	10.774072
899.000000	311.169800	10.763321
900.000000	311.494080	10.753983
901.000000	311.827881	10.744373
902.000000	312.163086	10.734921
903.000000	312.502777	10.725974
904.000000	312.819458	10.715304
905.000000	313.152618	10.706085
906.000000	313.490509	10.695963
907.000000	313.832489	10.687489
908.000000	314.143646	10.679681
909.000000	314.497803	10.670149
910.000000	314.820374	10.662148
911.000000	315.157349	10.651358
912.000000	315.485962	10.639706
913.000000	315.814484	10.632606
914.000000	316.149139	10.624405
915.000000	316.482666	10.611931
916.000000	316.797821	10.601653
917.000000	317.139587	10.590903
918.000000	317.480377	10.582077
919.000000	317.800903	10.573210
920.000000	318.132935	10.566933
921.000000	318.466858	10.557322
922.000000	318.796265	10.544455
923.000000	319.135101	10.534294
924.000000	319.465363	10.524879
925.000000	319.792572	10.511853
926.000000	320.129517	10.504007
927.000000	320.467377	10.493416
928.000000	320.805023	10.484118
929.000000	321.132721	10.476665
930.000000	321.474609	10.468464
931.000000	321.805664	10.458892
932.000000	322.138397	10.446848
933.000000	322.476166	10.437786
934.000000	322.815430	10.430176
935.000000	323.150024	10.420250
936.000000	323.491089	10.409109
937.000000	323.806458	10.399301
938.000000	324.148560	10.388434
939.000000	324.487030	10.381176
940.000000	324.812012	10.371761
941.000000	325.160889	10.363563
942.000000	325.479340	10.350850
943.000000	325.830200	10.339277
944.000000	326.163055	10.331706
945.000000	326.484528	10.323350
946.000000	326.812531	10.311306
947.000000	327.151398	10.301774
948.000000	327.481750	10.293771
949.000000	327.817780	10.281529
950.000000	328.158051	10.274077
951.000000	328.501831	10.264387
952.000000	328.841644	10.255129
953.000000	329.179443	10.244889
954.000000	329.505432	10.234690
955.000000	329.837982	10.226883
956.000000	330.152496	10.216760
957.000000	330.506683	10.204285
958.000000	330.840515	10.195734
959.000000	331.170471	10.184553
960.000000	331.507324	10.178080
961.000000	331.844360	10.167213
962.000000	332.171997	10.157719
963.000000	332.500763	10.149205
964.000000	332.839142	10.139202
965.000000	333.173584	10.129120
966.000000	333.493469	10.118527
967.000000	333.833740	10.107268
968.000000	334.151978	10.097775
969.000000	334.497192	10.089025
970.000000	334.830536	10.078472
971.000000	335.159546	10.071883
972.000000	335.493164	10.063291
973.000000	335.816589	10.051876
974.000000	336.161743	10.041792
975.000000	336.497437	10.032260
976.000000	336.830933	10.022373
977.000000	337.162659	10.015743
978.000000	337.487152	10.003542
979.000000	337.829773	9.994794
980.000000	338.153931	9.984280
981.000000	338.493408	9.975884
982.000000	338.823212	9.966705
983.000000	339.157349	9.955406
984.000000	339.486450	9.948699
985.000000	339.819977	9.934889
986.000000	340.157104	9.925983
987.000000	340.485809	9.915037
988.000000	340.814209	9.905622
989.000000	341.146545	9.895698
990.000000	341.472534	9.886635
991.000000	341.819122	9.877651
992.000000	342.149170	9.867491
993.000000	342.474365	9.855330
994.000000	342.800079	9.848660
995.000000	343.149139	9.835831
996.000000	343.474731	9.826848
997.000000	343.821564	9.816805
998.000000	344.165619	9.806957
999.000000	344.502899	9.796600
1000.000000	344.821960	9.786401
1001.000000	345.163879	9.776083
1002.000000	345.508606	9.767059
1003.000000	345.838745	9.756664
1004.000000	346.188995	9.744816
1005.000000	346.516907	9.735244
1006.000000	346.857178	9.725672
1007.000000	347.191315	9.712766
1008.000000	347.541138	9.701467
1009.000000	347.878479	9.694170
1010.000000	348.209473	9.682949
1011.000000	348.556458	9.673847
1012.000000	348.886566	9.662667
1013.000000	349.226440	9.652546
1014.000000	349.557312	9.640150
1015.000000	349.888428	9.631087
1016.000000	350.236206	9.620219
1017.000000	350.564026	9.607117
1018.000000	350.893005	9.595583
1019.000000	351.240997	9.584442
1020.000000	351.570557	9.574320
1021.000000	351.908539	9.563179
1022.000000	352.243042	9.552547
1023.000000	352.578369	9.541561
1024.000000	352.915131	9.530029
1025.000000	353.240082	9.519359
1026.000000	353.581299	9.504686
1027.000000	353.913940	9.494642
1028.000000	354.249573	9.483501
1029.000000	354.584381	9.472398
1030.000000	354.919586	9.462630
1031.000000	355.243164	9.450038
1032.000000	355.561920	9.436306
1033.000000	355.902130	9.425793
1034.000000	356.239319	9.413121
1035.000000	356.581146	9.399626
1036.000000	356.913635	9.388681
1037.000000	357.236359	9.375773
1038.000000	357.573822	9.364475
1039.000000	357.906799	9.351765
1040.000000	358.233337	9.337367
1041.000000	358.568268	9.326500
1042.000000	358.892853	9.312415
1043.000000	359.227661	9.299941
1044.000000	359.550293	9.286563
1045.000000	359.898438	9.273499
1046.000000	360.224487	9.261495
1047.000000	360.556427	9.249451
1048.000000	360.877960	9.234192
1049.000000	361.223999	9.222932
1050.000000	361.559113	9.207200
1051.000000	361.897247	9.193115
1052.000000	362.227905	9.179228
1053.000000	362.544769	9.166793
1054.000000	362.888824	9.150552
1055.000000	363.219513	9.136899
1056.000000	363.547913	9.122462
1057.000000	363.878113	9.107279
1058.000000	364.210449	9.090999
1059.000000	364.546234	9.075502
1060.000000	364.882294	9.061654
1061.000000	365.215363	9.047493
1062.000000	365.538086	9.029642
1063.000000	365.870758	9.013361
1064.000000	366.204681	8.995355
1065.000000	366.541412	8.979546
1066.000000	366.875732	8.964715
1067.000000	367.211395	8.946904
1068.000000	367.543030	8.931763
1069.000000	367.881592	8.913128
1070.000000	368.215759	8.894453
1071.000000	368.558105	8.877741
1072.000000	368.882935	8.861735
1073.000000	369.218231	8.841923
1074.000000	369.553253	8.822504
1075.000000	369.883545	8.803439
1076.000000	370.216461	8.784451
1077.000000	370.554169	8.765698
1078.000000	370.908203	8.747339
1079.000000	371.229126	8.724664
1080.000000	371.549591	8.707088
1081.000000	371.869995	8.685119
1082.000000	372.221161	8.665189
1083.000000	372.552124	8.644829
1084.000000	372.891693	8.622154
1085.000000	373.215271	8.597909
1086.000000	373.545166	8.576057
1087.000000	373.886597	8.555580
1088.000000	374.223724	8.532041
1089.000000	374.552032	8.505953
1090.000000	374.880249	8.483904
1091.000000	375.216888	8.463975
1092.000000	375.555786	8.438672
1093.000000	375.888855	8.412427
1094.000000	376.226929	8.386848
1095.000000	376.556396	8.363663
1096.000000	376.886078	8.337497
1097.000000	377.208801	8.311643
1098.000000	377.564850	8.284495
1099.000000	377.905243	8.258839
1100.000000	378.238953	8.230357
1101.000000	378.571533	8.202111
1102.000000	378.902405	8.174572
1103.000000	379.248657	8.148011
1104.000000	379.592773	8.117373
1105.000000	379.929504	8.088500
1106.000000	380.263519	8.060097
1107.000000	380.604156	8.031536
1108.000000	380.936279	7.999760
1109.000000	381.271423	7.969435
1110.000000	381.599854	7.942759
1111.000000	381.937592	7.904587
1112.000000	382.269287	7.873987
1113.000000	382.606812	7.844250
1114.000000	382.950195	7.812826
1115.000000	383.272614	7.778539
1116.000000	383.616669	7.745938
1117.000000	383.949982	7.711141
1118.000000	384.274780	7.676304
1119.000000	384.608429	7.645665
1120.000000	384.936462	7.615693
1121.000000	385.271973	7.575364
1122.000000	385.618256	7.543194
1123.000000	385.948242	7.505926
1124.000000	386.278992	7.472343
1125.000000	386.605743	7.438409
1126.000000	386.942505	7.400748
1127.000000	387.274780	7.366029
1128.000000	387.607361	7.330250
1129.000000	387.947540	7.291923
1130.000000	388.285034	7.258929
1131.000000	388.608124	7.221426
1132.000000	388.950409	7.184469
1133.000000	389.282196	7.148103
1134.000000	389.617035	7.111108
1135.000000	389.961609	7.074232
1136.000000	390.292847	7.039434
1137.000000	390.600220	7.002676
1138.000000	390.931091	6.965641
1139.000000	391.289307	6.927628
1140.000000	391.632233	6.890122
1141.000000	391.960083	6.853285
1142.000000	392.292480	6.820018
1143.000000	392.624664	6.781258
1144.000000	392.959167	6.745597
1145.000000	393.297668	6.705778
1146.000000	393.632599	6.672314
1147.000000	393.961304	6.636929
1148.000000	394.319183	6.599228
1149.000000	394.636078	6.565921
1150.000000	394.979187	6.529711
1151.000000	395.307770	6.492520
1152.000000	395.642456	6.458272
1153.000000	395.984009	6.423945
1154.000000	396.322357	6.386362
1155.000000	396.644745	6.353134
1156.000000	396.993805	6.320691
1157.000000	397.330963	6.286324
1158.000000	397.656311	6.254940
1159.000000	398.000427	6.221594
1160.000000	398.324799	6.189895
1161.000000	398.657043	6.159020
1162.000000	398.988831	6.127950
1163.000000	399.323364	6.094957
1164.000000	399.666809	6.066162
1165.000000	399.980591	6.039445
1166.000000	400.308350	6.008140
1167.000000	400.636627	5.981384
1168.000000	400.976196	5.952550
1169.000000	401.289642	5.924775
1170.000000	401.628876	5.898568
1171.000000	401.961426	5.872637
1172.000000	402.305176	5.846981
1173.000000	402.626129	5.822266
1174.000000	402.939209	5.799119
1175.000000	403.264008	5.772521
1176.000000	403.600098	5.753415
1177.000000	403.945465	5.728190
1178.000000	404.276825	5.706731
1179.000000	404.620239	5.685232
1180.000000	404.954498	5.663734
1181.000000	405.275696	5.648748
1182.000000	405.635986	5.625994
1183.000000	405.973267	5.608027
1184.000000	406.307526	5.590333
1185.000000	406.642700	5.573308
1186.000000	406.954895	5.558321
1187.000000	407.296204	5.543766
1188.000000	407.639709	5.530036
1189.000000	407.966187	5.513324
1190.000000	408.326721	5.497867
1191.000000	408.662598	5.484411
1192.000000	408.989502	5.470209
1193.000000	409.312317	5.459578
1194.000000	409.650024	5.450085
1195.000000	409.988556	5.440434
1196.000000	410.323608	5.428978
1197.000000	410.657715	5.417131
1198.000000	410.994507	5.407990
1199.000000	411.310486	5.399555
1200.000000	411.654297	5.386530
1201.000000	411.981720	5.379940
1202.000000	412.328247	5.371466
1203.000000	412.667023	5.363816
1204.000000	413.007111	5.356598
1205.000000	413.332855	5.350281
1206.000000	413.677338	5.342592
1207.000000	413.999115	5.335962
1208.000000	414.330994	5.331333
1209.000000	414.662476	5.324782
1210.000000	415.004883	5.317563
1211.000000	415.323029	5.311639
1212.000000	415.655792	5.307323
1213.000000	415.986420	5.301754
1214.000000	416.318146	5.294300
1215.000000	416.666290	5.288414
1216.000000	416.995850	5.284491
1217.000000	417.342773	5.281628
1218.000000	417.665405	5.276449
1219.000000	417.993103	5.273350
1220.000000	418.329834	5.267270
1221.000000	418.677338	5.262836
1222.000000	419.009644	5.258795
1223.000000	419.345795	5.257579
1224.000000	419.674591	5.255853
1225.000000	420.009155	5.253577
1226.000000	420.324646	5.249969
1227.000000	420.675781	5.244791
1228.000000	420.992615	5.239965
1229.000000	421.332458	5.238004
1230.000000	421.670776	5.234080
1231.000000	422.007019	5.232236
1232.000000	422.344757	5.228157
1233.000000	422.661377	5.223135
1234.000000	422.995056	5.218859
1235.000000	423.328369	5.216505
1236.000000	423.643890	5.214034
1237.000000	423.988800	5.210581
1238.000000	424.334106	5.207874
1239.000000	424.669373	5.205286
1240.000000	424.998138	5.201715
1241.000000	425.325134	5.200735
1242.000000	425.659424	5.197360
1243.000000	425.986511	5.192339
1244.000000	426.321472	5.189161
1245.000000	426.648865	5.187435
1246.000000	426.975708	5.185003
1247.000000	427.305603	5.181471
1248.000000	427.647461	5.178648
1249.000000	427.963654	5.175862
1250.000000	428.309021	5.173391
1251.000000	428.651489	5.166132
1252.000000	428.978516	5.164485
1253.000000	429.319031	5.160994
1254.000000	429.660004	5.158600
1255.000000	429.984650	5.158915
1256.000000	430.317169	5.157972
1257.000000	430.630463	5.153501
1258.000000	430.972656	5.151970
1259.000000	431.302490	5.148205
1260.000000	431.643066	5.145812
1261.000000	432.003265	5.141770
1262.000000	432.350342	5.138240
1263.000000	432.681183	5.137023
1264.000000	433.018341	5.134238
1265.000000	433.345978	5.131217
1266.000000	433.674011	5.130629
1267.000000	434.021973	5.126235
1268.000000	434.367432	5.123803
1269.000000	434.696136	5.119762
1270.000000	435.045593	5.119566
1271.000000	435.368500	5.115094
1272.000000	435.707611	5.110975
1273.000000	436.051849	5.109445
1274.000000	436.374268	5.108542
1275.000000	436.706970	5.104855
1276.000000	437.060242	5.101795
1277.000000	437.392670	5.098617
1278.000000	437.729767	5.094145
1279.000000	438.066345	5.091163
1280.000000	438.407837	5.090025
1281.000000	438.734375	5.085514
1282.000000	439.064941	5.083474
1283.000000	439.400635	5.081238
1284.000000	439.744385	5.079237
1285.000000	440.073364	5.077707
1286.000000	440.404175	5.073039
1287.000000	440.736176	5.073156
1288.000000	441.053314	5.069822
1289.000000	441.382904	5.066212
1290.000000	441.696960	5.062015
1291.000000	442.032104	5.059660
1292.000000	442.363892	5.057543
1293.000000	442.675415	5.057033
1294.000000	443.015381	5.054130
1295.000000	443.358276	5.051971
1296.000000	443.668640	5.050794
1297.000000	443.998871	5.048520
1298.000000	444.323517	5.045263
1299.000000	444.651489	5.042243
1300.000000	444.978882	5.040987
1301.000000	445.311310	5.037574
1302.000000	445.630219	5.033376
1303.000000	445.949310	5.033848
1304.000000	446.292755	5.030081
1305.000000	446.632507	5.028198
1306.000000	446.973267	5.024590
1307.000000	447.304626	5.021450
1308.000000	447.634949	5.018900
1309.000000	447.948181	5.013996
1310.000000	448.296021	5.012466
1311.000000	448.639679	5.008935
1312.000000	448.969727	5.007877
1313.000000	449.313568	5.007955
1314.000000	449.651703	5.004895
1315.000000	449.992310	5.000462
1316.000000	450.315277	5.000893
1317.000000	450.640472	4.997324
1318.000000	450.984131	4.994812
1319.000000	451.322021	4.991203
1320.000000	451.653198	4.987398
1321.000000	451.999756	4.985868
1322.000000	452.346680	4.985397
1323.000000	452.685089	4.982573
1324.000000	453.018829	4.980532
1325.000000	453.364044	4.976336
1326.000000	453.722992	4.973864
1327.000000	454.046722	4.971039
1328.000000	454.376953	4.970529
1329.000000	454.715271	4.965704
1330.000000	455.041840	4.963821
1331.000000	455.375824	4.961662
1332.000000	455.711761	4.959740
1333.000000	456.050385	4.955935
1334.000000	456.390564	4.956327
1335.000000	456.712677	4.954405
1336.000000	457.041443	4.952679
1337.000000	457.361328	4.950089
1338.000000	457.692871	4.948834
1339.000000	458.020874	4.945774
1340.000000	458.362488	4.944088
1341.000000	458.698334	4.939537
1342.000000	459.020599	4.938086
1343.000000	459.361206	4.934868
1344.000000	459.698425	4.934751
1345.000000	460.030396	4.931887
1346.000000	460.350525	4.930710
1347.000000	460.685486	4.927807
1348.000000	461.017517	4.925963
1349.000000	461.336304	4.922040
1350.000000	461.652588	4.919293
1351.000000	461.981628	4.916390
1352.000000	462.314697	4.913998
1353.000000	462.645203	4.914076
1354.000000	462.975922	4.912075
1355.000000	463.302826	4.908702
1356.000000	463.628052	4.907878
1357.000000	463.965668	4.904896
1358.000000	464.285980	4.902308
1359.000000	464.625824	4.902032
1360.000000	464.954132	4.897717
1361.000000	465.294708	4.896147
1362.000000	465.637543	4.893402
1363.000000	465.974396	4.890734
1364.000000	466.304626	4.887164
1365.000000	466.640717	4.885320
1366.000000	466.973755	4.883437
1367.000000	467.317963	4.882613
1368.000000	467.652863	4.881947
1369.000000	467.988159	4.878651
1370.000000	468.307892	4.879592
1371.000000	468.646240	4.877356
1372.000000	468.977539	4.875081
1373.000000	469.305054	4.871943
1374.000000	469.652588	4.870844
1375.000000	469.992065	4.869078
1376.000000	470.330170	4.866764
1377.000000	470.660156	4.864136
1378.000000	470.999939	4.862723
1379.000000	471.325195	4.859428
1380.000000	471.643311	4.857937
1381.000000	471.985870	4.858055
1382.000000	472.324219	4.856485
1383.000000	472.666107	4.854602
1384.000000	473.002716	4.854171
1385.000000	473.332458	4.851346
1386.000000	473.671661	4.849189
1387.000000	474.003357	4.848169
1388.000000	474.345490	4.847383
1389.000000	474.685791	4.844206
1390.000000	475.044922	4.842087
1391.000000	475.390961	4.841029
1392.000000	475.718048	4.838400
1393.000000	476.063812	4.835105
1394.000000	476.413666	4.835262
1395.000000	476.731323	4.834869
1396.000000	477.068390	4.831495
1397.000000	477.400024	4.828867
1398.000000	477.731049	4.827259
1399.000000	478.054321	4.826827
1400.000000	478.384705	4.823571
1401.000000	478.715332	4.822119
1402.000000	479.033386	4.819766
1403.000000	479.361023	4.817176
1404.000000	479.695801	4.816039
1405.000000	480.024017	4.814195
1406.000000	480.339691	4.811488
1407.000000	480.671509	4.810271
1408.000000	480.996338	4.808310
1409.000000	481.315857	4.808977
1410.000000	481.650879	4.806152
1411.000000	481.973236	4.805603
1412.000000	482.293884	4.802700
1413.000000	482.622437	4.801641
1414.000000	482.956238	4.799836
1415.000000	483.278351	4.797443
1416.000000	483.613312	4.796580
1417.000000	483.933929	4.795325
1418.000000	484.266479	4.792421
1419.000000	484.605255	4.791912
1420.000000	484.924683	4.789558
1421.000000	485.271606	4.787518
1422.000000	485.609375	4.784184
1423.000000	485.950562	4.783909
1424.000000	486.299927	4.783634
1425.000000	486.643890	4.782968
1426.000000	486.991241	4.780927
1427.000000	487.325134	4.778848
1428.000000	487.671509	4.777239
1429.000000	488.015320	4.775434
1430.000000	488.361084	4.774768
1431.000000	488.707367	4.774101
1432.000000	489.058044	4.770689
1433.000000	489.401398	4.767510
1434.000000	489.747101	4.767471
1435.000000	490.080658	4.763783
1436.000000	490.430267	4.764764
1437.000000	490.775238	4.762920
1438.000000	491.115479	4.759468
1439.000000	491.457642	4.759782
1440.000000	491.799683	4.758802
1441.000000	492.130371	4.757977
1442.000000	492.449799	4.755702
1443.000000	492.779724	4.756055
1444.000000	493.105804	4.753270
1445.000000	493.435303	4.752249
1446.000000	493.761902	4.751072
1447.000000	494.097534	4.751112
1448.000000	494.422150	4.749347
1449.000000	494.747101	4.746012
1450.000000	495.076416	4.745110
1451.000000	495.404388	4.743187
1452.000000	495.742035	4.742089
1453.000000	496.073853	4.740402
1454.000000	496.397247	4.738715
1455.000000	496.726074	4.738480
1456.000000	497.057007	4.735027
1457.000000	497.379761	4.732791
1458.000000	497.709900	4.734949
1459.000000	498.049072	4.732674
1460.000000	498.374786	4.732203
1461.000000	498.712494	4.731104
1462.000000	499.032410	4.728632
1463.000000	499.386475	4.728241
1464.000000	499.719849	4.724867
1465.000000	500.049072	4.722239
1466.000000	500.384399	4.722395
1467.000000	500.717560	4.719296
1468.000000	501.054138	4.719256
1469.000000	501.394043	4.717962
1470.000000	501.729980	4.715922
1471.000000	502.050568	4.712902
1472.000000	502.401733	4.714470
1473.000000	502.725433	4.712038
1474.000000	503.057983	4.710430
1475.000000	503.403748	4.708664
1476.000000	503.723999	4.707802
1477.000000	504.053162	4.707016
1478.000000	504.390015	4.705722
1479.000000	504.723999	4.704035
1480.000000	505.050415	4.703447
1481.000000	505.377869	4.701054
1482.000000	505.710052	4.699053
1483.000000	506.031860	4.699249
1484.000000	506.365417	4.697837
1485.000000	506.684174	4.693953
1486.000000	507.014832	4.691206
1487.000000	507.335968	4.692305
1488.000000	507.674683	4.690069
1489.000000	507.997742	4.687912
1490.000000	508.326904	4.688186
1491.000000	508.654907	4.685989
1492.000000	508.973145	4.685597
1493.000000	509.301147	4.683989
1494.000000	509.623535	4.681753
1495.000000	509.956085	4.681674
1496.000000	510.280304	4.681792
1497.000000	510.616241	4.678771
1498.000000	510.941406	4.677986
1499.000000	511.270844	4.677319
1500.000000	511.604370	4.676338
1501.000000	511.946716	4.672533
1502.000000	512.284180	4.672886
1503.000000	512.604553	4.670100
1504.000000	512.948853	4.670061
1505.000000	513.282471	4.669277
1506.000000	513.623352	4.667355
1507.000000	513.946777	4.664569
1508.000000	514.297607	4.663511
1509.000000	514.635620	4.663353
1510.000000	514.972900	4.662020
1511.000000	515.313721	4.661430
1512.000000	515.658325	4.659586
1513.000000	515.989441	4.658528
1514.000000	516.338806	4.656919
1515.000000	516.669434	4.656684
1516.000000	517.009766	4.655820
1517.000000	517.336182	4.655114
1518.000000	517.674683	4.653702
1519.000000	517.990234	4.653036
1520.000000	518.338501	4.651858
1521.000000	518.679016	4.652211
1522.000000	519.008545	4.649544
1523.000000	519.339111	4.647661
1524.000000	519.665161	4.646837
1525.000000	519.993774	4.646445
1526.000000	520.323547	4.644483
1527.000000	520.662048	4.642954
1528.000000	520.992798	4.641109
1529.000000	521.314392	4.640364
1530.000000	521.648193	4.638638
1531.000000	521.979370	4.638481
1532.000000	522.316772	4.637657
1533.000000	522.657227	4.636637
1534.000000	522.985107	4.635343
1535.000000	523.308899	4.633106
1536.000000	523.652039	4.630988
1537.000000	523.985718	4.630007
1538.000000	524.304749	4.629536
1539.000000	524.645020	4.626907
1540.000000	524.969727	4.627143
1541.000000	525.308594	4.626947
1542.000000	525.637390	4.626751
1543.000000	525.974426	4.624240
1544.000000	526.325684	4.621651
1545.000000	526.658447	4.620630
1546.000000	526.971619	4.619885
1547.000000	527.320496	4.615609
1548.000000	527.661133	4.616276
1549.000000	527.984802	4.612942
1550.000000	528.324951	4.614080
1551.000000	528.640625	4.612510
1552.000000	528.970886	4.610117
1553.000000	529.319763	4.609882
1554.000000	529.644775	4.608784
1555.000000	529.965271	4.606782
1556.000000	530.308655	4.606704
1557.000000	530.638245	4.606037
1558.000000	530.993408	4.604586
1559.000000	531.310791	4.602584
1560.000000	531.637634	4.602427
1561.000000	531.977539	4.602859
1562.000000	532.302368	4.599721
1563.000000	532.640137	4.598269
1564.000000	532.980103	4.598348
1565.000000	533.311707	4.599015
1566.000000	533.641602	4.595955
1567.000000	533.975037	4.595837
1568.000000	534.301270	4.594229
1569.000000	534.633301	4.591835
1570.000000	534.960327	4.588972
1571.000000	535.296753	4.588462
1572.000000	535.634460	4.585127
1573.000000	535.949524	4.584382
1574.000000	536.296936	4.583558
1575.000000	536.628418	4.583479
1576.000000	536.957031	4.583597
1577.000000	537.270691	4.581047
1578.000000	537.606750	4.580263
1579.000000	537.936218	4.579281
1580.000000	538.265137	4.577988
1581.000000	538.609192	4.576967
1582.000000	538.937988	4.575712
1583.000000	539.270630	4.572848
1584.000000	539.617004	4.571553
1585.000000	539.962463	4.572142
1586.000000	540.295776	4.568336
1587.000000	540.630920	4.568493
1588.000000	540.969360	4.569356
1589.000000	541.310791	4.564806
1590.000000	541.645508	4.565629
1591.000000	541.974121	4.562648
1592.000000	542.311890	4.560333
1593.000000	542.649719	4.559313
1594.000000	542.983643	4.558136
1595.000000	543.330078	4.557744
1596.000000	543.668457	4.558411
1597.000000	544.004761	4.556803
1598.000000	544.334961	4.555861
1599.000000	544.661987	4.554214
1600.000000	545.006531	4.552409
1601.000000	545.361389	4.553115
1602.000000	545.686951	4.552331
1603.000000	546.017578	4.553076
1604.000000	546.353821	4.549388
1605.000000	546.686035	4.551310
1606.000000	547.028687	4.548722
1607.000000	547.351074	4.546996
1608.000000	547.681702	4.546564
1609.000000	548.020630	4.543778
1610.000000	548.335144	4.542522
1611.000000	548.671387	4.542444
1612.000000	549.000122	4.541189
1613.000000	549.342346	4.539227
1614.000000	549.670227	4.537893
1615.000000	549.993408	4.537658
1616.000000	550.331665	4.534794
1617.000000	550.666260	4.532715
1618.000000	550.981018	4.532637
1619.000000	551.316650	4.532833
1620.000000	551.640137	4.531068
1621.000000	551.972351	4.528713
1622.000000	552.310120	4.529106
1623.000000	552.633423	4.527851
1624.000000	552.976501	4.525105
1625.000000	553.320984	4.524830
1626.000000	553.644775	4.524202
1627.000000	553.986572	4.522869
1628.000000	554.314575	4.521770
1629.000000	554.646851	4.520123
1630.000000	554.985962	4.519259
1631.000000	555.307068	4.518867
1632.000000	555.645874	4.514433
1633.000000	555.980103	4.514395
1634.000000	556.307129	4.513217
1635.000000	556.629272	4.512197
1636.000000	556.961670	4.509844
1637.000000	557.307434	4.510158
1638.000000	557.632813	4.509726
1639.000000	557.967285	4.507921
1640.000000	558.308350	4.506901
1641.000000	558.642334	4.503096
1642.000000	558.970703	4.506274
1643.000000	559.328491	4.503606
1644.000000	559.661438	4.502350
1645.000000	559.997620	4.502311
1646.000000	560.340637	4.499252
1647.000000	560.671875	4.496898
1648.000000	561.001038	4.498035
1649.000000	561.328186	4.497094
1650.000000	561.671692	4.497486
1651.000000	562.013916	4.494112
1652.000000	562.349854	4.491993
1653.000000	562.663757	4.490072
1654.000000	563.017273	4.489208
1655.000000	563.332764	4.488739
1656.000000	563.675537	4.484383
1657.000000	563.997742	4.485207
1658.000000	564.332397	4.484423
1659.000000	564.646667	4.482539
1660.000000	564.977966	4.481519
1661.000000	565.300903	4.480852
1662.000000	565.633728	4.479439
1663.000000	565.957031	4.477910
1664.000000	566.281677	4.477400
1665.000000	566.608704	4.476144
1666.000000	566.930725	4.476027
1667.000000	567.280640	4.474810
1668.000000	567.612305	4.474261
1669.000000	567.935059	4.474889
1670.000000	568.272705	4.469593
1671.000000	568.625122	4.468494
1672.000000	568.979553	4.468966
1673.000000	569.304260	4.466925
1674.000000	569.646729	4.466768
1675.000000	569.983582	4.464375
1676.000000	570.342346	4.463002
1677.000000	570.682312	4.461394
1678.000000	571.033325	4.462179
1679.000000	571.382629	4.460884
1680.000000	571.718018	4.458177
1681.000000	572.050781	4.459119
1682.000000	572.376038	4.458530
1683.000000	572.698486	4.457353
1684.000000	573.030823	4.454803
1685.000000	573.377502	4.456451
1686.000000	573.722412	4.455313
1687.000000	574.053955	4.452606
1688.000000	574.403015	4.452528
1689.000000	574.744446	4.449703
1690.000000	575.069580	4.451351
1691.000000	575.384583	4.450173
1692.000000	575.726929	4.449075
1693.000000	576.069824	4.447349
1694.000000	576.405762	4.447467
1695.000000	576.739502	4.442327
1696.000000	577.057129	4.442680
1697.000000	577.396729	4.441778
1698.000000	577.720886	4.443426
1699.000000	578.057922	4.439425
1700.000000	578.395081	4.439033
1701.000000	578.694031	4.439033
1702.000000	579.022339	4.437267
1703.000000	579.343811	4.435266
1704.000000	579.666626	4.433658
1705.000000	579.998291	4.434403
1706.000000	580.317749	4.434207
1707.000000	580.642822	4.431736
1708.000000	580.965332	4.431618
1709.000000	581.293701	4.428048
1710.000000	581.623840	4.429852
1711.000000	581.953857	4.428558
1712.000000	582.281372	4.427224
1713.000000	582.603088	4.424753
1714.000000	582.955872	4.422908
1715.000000	583.275452	4.423575
1716.000000	583.608398	4.421575
1717.000000	583.945923	4.418907
1718.000000	584.276123	4.419731
1719.000000	584.604004	4.417181
1720.000000	584.932129	4.417730
1721.000000	585.256409	4.417141
1722.000000	585.601074	4.414121
1723.000000	585.938965	4.414356
1724.000000	586.257324	4.412081
1725.000000	586.591309	4.410433
1726.000000	586.931641	4.408707
1727.000000	587.266907	4.409100
1728.000000	587.596985	4.406824
1729.000000	587.928528	4.406471
1730.000000	588.253540	4.404510
1731.000000	588.590027	4.404863
1732.000000	588.918518	4.402313
1733.000000	589.250977	4.402548
1734.000000	589.579468	4.401921
1735.000000	589.916321	4.401842
1736.000000	590.242310	4.399684
1737.000000	590.574463	4.399135
1738.000000	590.911804	4.397409
1739.000000	591.227661	4.396075
1740.000000	591.556824	4.396978
1741.000000	591.891357	4.395801
1742.000000	592.215393	4.393603
1743.000000	592.537537	4.389837
1744.000000	592.892883	4.391131
1745.000000	593.221680	4.390700
1746.000000	593.541504	4.388385
1747.000000	593.873962	4.387836
1748.000000	594.203125	4.386934
1749.000000	594.530090	4.385404
1750.000000	594.869019	4.384266
1751.000000	595.197998	4.382737
1752.000000	595.542114	4.383522
1753.000000	595.882385	4.381285
1754.000000	596.218994	4.379206
1755.000000	596.556152	4.379519
1756.000000	596.903381	4.378931
1757.000000	597.237244	4.375714
1758.000000	597.564331	4.376068
1759.000000	597.899902	4.374224
1760.000000	598.245361	4.374184
1761.000000	598.567810	4.371948
1762.000000	598.902710	4.369673
1763.000000	599.235962	4.372262
1764.000000	599.556091	4.368182
1765.000000	599.884521	4.369830
1766.000000	600.217468	4.367712
1767.000000	600.557617	4.366377
1768.000000	600.873840	4.363866
1769.000000	601.201294	4.364063
1770.000000	601.534912	4.362062
1771.000000	601.864746	4.361002
1772.000000	602.206787	4.360414
1773.000000	602.542480	4.360061
1774.000000	602.866028	4.358414
1775.000000	603.197693	4.357629
1776.000000	603.527649	4.355314
1777.000000	603.856079	4.354804
1778.000000	604.184631	4.355040
1779.000000	604.527893	4.354921
1780.000000	604.867554	4.353156
1781.000000	605.191528	4.351274
1782.000000	605.520813	4.353000
1783.000000	605.859253	4.350450
1784.000000	606.192688	4.348724
1785.000000	606.533752	4.348253
1786.000000	606.874023	4.347389
1787.000000	607.212463	4.349979
1788.000000	607.537781	4.345781
1789.000000	607.881592	4.346095
1790.000000	608.219238	4.343428
1791.000000	608.548889	4.342918
1792.000000	608.886169	4.341113
1793.000000	609.234192	4.341269
1794.000000	609.570068	4.338641
1795.000000	609.905701	4.340524
1796.000000	610.239929	4.337857
1797.000000	610.577332	4.338013
1798.000000	610.915283	4.335621
1799.000000	611.248779	4.333463
1800.000000	611.581055	4.333580
1801.000000	611.928284	4.332443
1802.000000	612.257080	4.334993
1803.000000	612.586426	4.329854
1804.000000	612.922363	4.328127
1805.000000	613.247681	4.327931
1806.000000	613.581543	4.327813
1807.000000	613.915771	4.325224
1808.000000	614.239502	4.326637
1809.000000	614.576660	4.321262
1810.000000	614.902466	4.321969
1811.000000	615.228516	4.321380
1812.000000	615.548584	4.320125
1813.000000	615.898071	4.319380
1814.000000	616.226379	4.319300
1815.000000	616.555786	4.314829
1816.000000	616.893250	4.317496
1817.000000	617.227783	4.314358
1818.000000	617.568604	4.314397
1819.000000	617.886169	4.311926
1820.000000	618.226807	4.314240
1821.000000	618.572144	4.310553
1822.000000	618.891785	4.310278
1823.000000	619.214355	4.306511
1824.000000	619.539246	4.308434
1825.000000	619.861084	4.308474
1826.000000	620.191406	4.305727
1827.000000	620.524414	4.306394
1828.000000	620.854431	4.304235
1829.000000	621.189514	4.302549
1830.000000	621.530945	4.301725
1831.000000	621.869568	4.301136
1832.000000	622.181152	4.299371
1833.000000	622.526062	4.299685
1834.000000	622.863770	4.298626
1835.000000	623.179810	4.297410
1836.000000	623.509766	4.296311
1837.000000	623.849426	4.294115
1838.000000	624.187256	4.294271
1839.000000	624.525146	4.292781
1840.000000	624.844849	4.292074
1841.000000	625.195313	4.288858
1842.000000	625.557373	4.288151
1843.000000	625.881042	4.288583
1844.000000	626.219910	4.285013
1845.000000	626.568481	4.285170
1846.000000	626.904236	4.284267
1847.000000	627.245178	4.283051
1848.000000	627.578552	4.281874
1849.000000	627.909180	4.281718
1850.000000	628.251587	4.280149
1851.000000	628.568604	4.279560
1852.000000	628.903625	4.280423
1853.000000	629.241943	4.278501
1854.000000	629.559204	4.277520
1855.000000	629.879333	4.277050
1856.000000	630.231079	4.277206
1857.000000	630.553894	4.275402
1858.000000	630.877380	4.273989
1859.000000	631.200073	4.274263
1860.000000	631.542969	4.272106
1861.000000	631.873352	4.269478
1862.000000	632.203735	4.268810
1863.000000	632.536926	4.268732
1864.000000	632.874695	4.265868
1865.000000	633.207275	4.266574
1866.000000	633.534302	4.264691
1867.000000	633.876770	4.264260
1868.000000	634.210083	4.261357
1869.000000	634.535339	4.261396
1870.000000	634.884521	4.261357
1871.000000	635.229980	4.261789
1872.000000	635.561768	4.259356
1873.000000	635.912354	4.256649
1874.000000	636.242249	4.255472
1875.000000	636.581238	4.257277
1876.000000	636.898560	4.255080
1877.000000	637.233398	4.255904
1878.000000	637.570129	4.254256
1879.000000	637.898315	4.253511
1880.000000	638.224121	4.253785
1881.000000	638.552307	4.251471
1882.000000	638.893616	4.252647
1883.000000	639.222290	4.249235
1884.000000	639.555786	4.250529
1885.000000	639.892578	4.250647
1886.000000	640.244629	4.248489
1887.000000	640.581055	4.247352
1888.000000	640.907654	4.244998
1889.000000	641.236084	4.243978
1890.000000	641.555359	4.245116
1891.000000	641.900818	4.244919
1892.000000	642.232910	4.244566
1893.000000	642.563782	4.243860
1894.000000	642.889893	4.242447
1895.000000	643.218201	4.240800
1896.000000	643.545654	4.241899
1897.000000	643.879822	4.239662
1898.000000	644.210693	4.238054
1899.000000	644.540405	4.235425
1900.000000	644.874573	4.236994
1901.000000	645.209351	4.234092
1902.000000	645.549255	4.234013
1903.000000	645.888062	4.232601
1904.000000	646.216064	4.232483
1905.000000	646.528564	4.230639
1906.000000	646.869690	4.229619
1907.000000	647.190674	4.230443
1908.000000	647.547852	4.227265
1909.000000	647.885803	4.226049
1910.000000	648.209839	4.225382
1911.000000	648.554688	4.224754
1912.000000	648.884888	4.226480
1913.000000	649.215759	4.224010
1914.000000	649.544006	4.222048
1915.000000	649.869995	4.221342
1916.000000	650.211670	4.219733
1917.000000	650.540955	4.220400
1918.000000	650.866943	4.220950
1919.000000	651.188843	4.217340
1920.000000	651.517883	4.217418
1921.000000	651.848206	4.214712
1922.000000	652.183594	4.213848
1923.000000	652.516785	4.215614
1924.000000	652.843933	4.212397
1925.000000	653.172852	4.211023
1926.000000	653.504578	4.211142
1927.000000	653.834229	4.210004
1928.000000	654.175781	4.208906
1929.000000	654.503052	4.208748
1930.000000	654.832031	4.209337
1931.000000	655.146851	4.206709
1932.000000	655.495056	4.208043
1933.000000	655.812744	4.205178
1934.000000	656.142395	4.204197
1935.000000	656.475403	4.204472
1936.000000	656.816711	4.202825
1937.000000	657.152100	4.203373
1938.000000	657.488770	4.202981
1939.000000	657.810242	4.202118
1940.000000	658.146729	4.200392
1941.000000	658.485291	4.200824
1942.000000	658.816345	4.200039
1943.000000	659.153442	4.198392
1944.000000	659.486633	4.196705
1945.000000	659.813599	4.197490
1946.000000	660.154358	4.194429
1947.000000	660.488037	4.193920
1948.000000	660.820313	4.192703
1949.000000	661.161194	4.193566
1950.000000	661.518433	4.193135
1951.000000	661.880554	4.190271
1952.000000	662.223328	4.189251
1953.000000	662.553589	4.190114
1954.000000	662.884766	4.187800
1955.000000	663.195251	4.188623
1956.000000	663.539795	4.188898
1957.000000	663.886658	4.186427
1958.000000	664.226807	4.185171
1959.000000	664.569397	4.182229
1960.000000	664.883362	4.183484
1961.000000	665.193054	4.181405
1962.000000	665.530334	4.182150
1963.000000	665.847290	4.179639
1964.000000	666.190247	4.181522
1965.000000	666.509521	4.178933
1966.000000	666.815674	4.178698
1967.000000	667.181702	4.178188
1968.000000	667.510315	4.175442
1969.000000	667.840942	4.177286
1970.000000	668.169189	4.174147
1971.000000	668.512939	4.175246
1972.000000	668.826111	4.174030
1973.000000	669.172852	4.174696
1974.000000	669.505859	4.173951
1975.000000	669.835083	4.173872
1976.000000	670.164001	4.169793
1977.000000	670.490540	4.168930
1978.000000	670.823364	4.169243
1979.000000	671.156311	4.167713
1980.000000	671.490967	4.168616
1981.000000	671.827576	4.165163
1982.000000	672.154297	4.165752
1983.000000	672.491638	4.166066
1984.000000	672.827698	4.166929
1985.000000	673.154663	4.164693
1986.000000	673.483643	4.162614
1987.000000	673.818176	4.162810
1988.000000	674.158875	4.160730
1989.000000	674.492554	4.160769
1990.000000	674.819824	4.160927
1991.000000	675.160400	4.159789
1992.000000	675.503662	4.157553
1993.000000	675.821655	4.158769
1994.000000	676.161133	4.158377
1995.000000	676.503662	4.156847
1996.000000	676.831055	4.155630
1997.000000	677.156982	4.154571
1998.000000	677.496643	4.157357
1999.000000	677.837585	4.155238
2000.000000	678.165527	4.154139
2001.000000	678.489075	4.153629
2002.000000	678.813538	4.153158
2003.000000	679.157288	4.152531
2004.000000	679.491455	4.153120
2005.000000	679.829346	4.152178
2006.000000	680.155090	4.151746
2007.000000	680.474915	4.150844
2008.000000	680.835754	4.150805
2009.000000	681.164795	4.150413
2010.000000	681.497986	4.149471
2011.000000	681.841309	4.150059
2012.000000	682.155518	4.147196
2013.000000	682.462646	4.147941
2014.000000	682.814880	4.146646
2015.000000	683.160278	4.146058
2016.000000	683.493469	4.146490
2017.000000	683.821838	4.145273
2018.000000	684.157104	4.144803
2019.000000	684.481262	4.142763
2020.000000	684.805664	4.142959
2021.000000	685.128662	4.142802
2022.000000	685.455078	4.142448
2023.000000	685.790466	4.142724
2024.000000	686.117859	4.140448
2025.000000	686.459778	4.141624
2026.000000	686.798340	4.140252
2027.000000	687.124451	4.137310
2028.000000	687.491882	4.136996
2029.000000	687.839966	4.136250
2030.000000	688.181824	4.134053
2031.000000	688.512024	4.134171
2032.000000	688.858398	4.134171
2033.000000	689.203552	4.131621
2034.000000	689.553040	4.132484
2035.000000	689.898193	4.132053
2036.000000	690.218384	4.129778
2037.000000	690.564331	4.131503
2038.000000	690.887390	4.127188
2039.000000	691.246216	4.130052
2040.000000	691.589600	4.131073
2041.000000	691.906067	4.128679
2042.000000	692.231689	4.127934
2043.000000	692.556030	4.126678
2044.000000	692.866455	4.125383
2045.000000	693.222900	4.127424
2046.000000	693.546204	4.125893
2047.000000	693.871582	4.124167
2048.000000	694.189697	4.123814
2049.000000	694.541870	4.124207
2050.000000	694.882813	4.123186
2051.000000	695.210205	4.120322
2052.000000	695.536072	4.121382
2053.000000	695.884460	4.120401
2054.000000	696.229614	4.120008
2055.000000	696.562317	4.120597
2056.000000	696.881775	4.119028
2057.000000	697.224121	4.117537
2058.000000	697.566162	4.115419
2059.000000	697.904053	4.116007
2060.000000	698.245850	4.114046
2061.000000	698.594849	4.115694
2062.000000	698.924927	4.114987
2063.000000	699.250244	4.115340
2064.000000	699.584900	4.112242
2065.000000	699.925720	4.111182
2066.000000	700.241943	4.111574
2067.000000	700.599976	4.110436
2068.000000	700.935852	4.112123
2069.000000	701.260315	4.111496
2070.000000	701.600342	4.108633
2071.000000	701.914673	4.107338
2072.000000	702.245483	4.106592
2073.000000	702.576172	4.106789
2074.000000	702.925049	4.108044
2075.000000	703.231812	4.107376
2076.000000	703.563965	4.106004
2077.000000	703.877502	4.105611
2078.000000	704.206665	4.104983
2079.000000	704.514282	4.104866
2080.000000	704.829773	4.105180
2081.000000	705.160400	4.104277
2082.000000	705.500732	4.103846
2083.000000	705.854980	4.101414
2084.000000	706.204285	4.103571
2085.000000	706.543213	4.099335
2086.000000	706.893494	4.100159
2087.000000	707.231201	4.102198
2088.000000	707.566223	4.098825
2089.000000	707.905029	4.098472
2090.000000	708.236572	4.097491
2091.000000	708.561890	4.097452
2092.000000	708.935547	4.095294
2093.000000	709.272949	4.096118
2094.000000	709.598389	4.096157
2095.000000	709.932129	4.094234
2096.000000	710.267700	4.093254
2097.000000	710.615967	4.094195
2098.000000	710.940491	4.092979
2099.000000	711.271362	4.090861
2100.000000	711.602173	4.092194
2101.000000	711.933838	4.090233
2102.000000	712.261475	4.090390
2103.000000	712.594849	4.089409
2104.000000	712.923584	4.087761
2105.000000	713.236389	4.087409
2106.000000	713.587646	4.087526
2107.000000	713.906494	4.086467
2108.000000	714.226318	4.084466
2109.000000	714.554504	4.083368
2110.000000	714.887268	4.084976
2111.000000	715.217834	4.083838
2112.000000	715.541809	4.083250
2113.000000	715.880554	4.082348
2114.000000	716.220520	4.081367
2115.000000	716.552551	4.082583
2116.000000	716.876953	4.080818
2117.000000	717.210815	4.080504
2118.000000	717.533630	4.079012
2119.000000	717.858948	4.079326
2120.000000	718.177368	4.078660
2121.000000	718.501343	4.078464
2122.000000	718.843018	4.078621
2123.000000	719.166321	4.079288
2124.000000	719.512024	4.077640
2125.000000	719.850464	4.077404
2126.000000	720.170593	4.077326
2127.000000	720.496826	4.076071
2128.000000	720.837341	4.075247
2129.000000	721.155029	4.074580
2130.000000	721.489136	4.074030
2131.000000	721.820801	4.075012
2132.000000	722.151123	4.072697
2133.000000	722.504028	4.073325
2134.000000	722.843750	4.071795
2135.000000	723.182678	4.071795
2136.000000	723.533447	4.071599
2137.000000	723.873047	4.071323
2138.000000	724.189209	4.070343
2139.000000	724.507263	4.069676
2140.000000	724.820557	4.067087
2141.000000	725.142090	4.066773
2142.000000	725.448120	4.069205
2143.000000	725.782776	4.065989
2144.000000	726.105164	4.065361
2145.000000	726.429260	4.066263
2146.000000	726.757629	4.063438
2147.000000	727.073486	4.063713
2148.000000	727.410034	4.063203
2149.000000	727.737488	4.060771
2150.000000	728.067871	4.060927
2151.000000	728.402100	4.061595
2152.000000	728.747803	4.060025
2153.000000	729.062927	4.061124
2154.000000	729.399231	4.062222
2155.000000	729.726013	4.057946
2156.000000	730.057251	4.060339
2157.000000	730.399414	4.059123
2158.000000	730.719849	4.057358
2159.000000	731.061035	4.057907
2160.000000	731.394409	4.057672
2161.000000	731.726990	4.056769
2162.000000	732.059998	4.054494
2163.000000	732.395020	4.054377
2164.000000	732.714844	4.055121
2165.000000	733.026001	4.054377
2166.000000	733.371338	4.054925
2167.000000	733.713318	4.053082
2168.000000	734.038086	4.052610
2169.000000	734.386047	4.052925
2170.000000	734.723694	4.051983
2171.000000	735.045410	4.052062
2172.000000	735.368591	4.051042
2173.000000	735.703308	4.051081
2174.000000	736.042175	4.050179
2175.000000	736.395630	4.050650
2176.000000	736.722900	4.049433
2177.000000	737.034729	4.048766
2178.000000	737.366455	4.050728
2179.000000	737.708008	4.048295
2180.000000	738.038818	4.048296
2181.000000	738.398743	4.047511
2182.000000	738.725159	4.048335
2183.000000	739.062500	4.048217
2184.000000	739.384277	4.045236
2185.000000	739.747498	4.045903
2186.000000	740.072754	4.045432
2187.000000	740.407471	4.045628
2188.000000	740.721680	4.043823
2189.000000	741.055176	4.044569
2190.000000	741.388611	4.043235
2191.000000	741.729980	4.043981
2192.000000	742.064453	4.041979
2193.000000	742.380981	4.040724
2194.000000	742.740234	4.040567
2195.000000	743.076416	4.040606
2196.000000	743.417358	4.039037
2197.000000	743.729980	4.041352
2198.000000	744.071289	4.038135
2199.000000	744.398499	4.037193
2200.000000	744.738281	4.037821
2201.000000	745.083740	4.038448
2202.000000	745.405334	4.036723
2203.000000	745.746948	4.035349
2204.000000	746.050171	4.033859
2205.000000	746.388123	4.033780
2206.000000	746.742432	4.032564
2207.000000	747.073975	4.032329
2208.000000	747.415955	4.031309
2209.000000	747.745239	4.034212
2210.000000	748.046631	4.032368
2211.000000	748.391052	4.030602
2212.000000	748.736938	4.029936
2213.000000	749.081665	4.031387
2214.000000	749.401123	4.029622
2215.000000	749.707581	4.028014
2216.000000	750.044006	4.027896
2217.000000	750.368591	4.028327
2218.000000	750.711182	4.029543
2219.000000	751.050415	4.027543
2220.000000	751.392639	4.025385
2221.000000	751.714600	4.026052
2222.000000	752.016479	4.027660
2223.000000	752.350159	4.026758
2224.000000	752.686035	4.024130
2225.000000	752.987732	4.024914
2226.000000	753.348633	4.022796
2227.000000	753.671875	4.022835
2228.000000	754.027222	4.020990
2229.000000	754.361206	4.021736
2230.000000	754.694092	4.020794
2231.000000	755.018433	4.021658
2232.000000	755.365723	4.018520
2233.000000	755.700684	4.019696
2234.000000	756.012207	4.018951
2235.000000	756.352173	4.019461
2236.000000	756.683105	4.016401
2237.000000	756.995850	4.018284
2238.000000	757.323242	4.016205
2239.000000	757.665100	4.016127
2240.000000	758.004883	4.015538
2241.000000	758.339661	4.015498
2242.000000	758.678528	4.012321
2243.000000	759.015625	4.013694
2244.000000	759.337463	4.012949
2245.000000	759.691406	4.012203
2246.000000	760.020508	4.012400
2247.000000	760.363770	4.012007
2248.000000	760.680237	4.009811
2249.000000	761.017700	4.011262
2250.000000	761.348816	4.009222
2251.000000	761.670654	4.009810
2252.000000	761.992859	4.008163
2253.000000	762.342529	4.007221
2254.000000	762.681396	4.007888
2255.000000	763.002014	4.006868
2256.000000	763.351563	4.006750
2257.000000	763.675049	4.007849
2258.000000	764.003174	4.007535
2259.000000	764.327576	4.005260
2260.000000	764.661560	4.004239
2261.000000	764.985596	4.007221
2262.000000	765.296509	4.004553
2263.000000	765.636108	4.004043
2264.000000	765.984924	4.003572
2265.000000	766.310181	4.004121
2266.000000	766.641541	4.002553
2267.000000	766.979980	4.002710
2268.000000	767.307861	4.000709
2269.000000	767.666260	4.000081
2270.000000	768.003418	4.000748
2271.000000	768.321472	3.999964
2272.000000	768.657288	3.999532
2273.000000	768.981323	3.998238
2274.000000	769.323914	3.999022
2275.000000	769.642334	3.999336
2276.000000	769.979431	3.996315
2277.000000	770.331299	3.997610
2278.000000	770.666626	3.998002
2279.000000	770.986816	3.997100
2280.000000	771.328064	3.996864
2281.000000	771.661072	3.994040
2282.000000	771.994873	3.993726
2283.000000	772.317139	3.995648
2284.000000	772.640808	3.994197
2285.000000	772.958496	3.991529
2286.000000	773.292908	3.994746
2287.000000	773.619385	3.991803
2288.000000	773.961426	3.992275
2289.000000	774.270020	3.988901
2290.000000	774.610962	3.990784
2291.000000	774.969543	3.989842
2292.000000	775.279541	3.989175
2293.000000	775.604065	3.988037
2294.000000	775.927979	3.988234
2295.000000	776.265625	3.987214
2296.000000	776.627930	3.985841
2297.000000	776.978577	3.984272
2298.000000	777.346191	3.985684
2299.000000	777.688782	3.983486
2300.000000	778.017090	3.982859
2301.000000	778.336487	3.982506
2302.000000	778.658630	3.979995
2303.000000	778.998230	3.980662
2304.000000	779.335571	3.982584
2305.000000	779.674561	3.981565
2306.000000	780.004150	3.982231
2307.000000	780.328125	3.982271
2308.000000	780.653442	3.979759
2309.000000	780.966553	3.980035
2310.000000	781.299500	3.978466
2311.000000	781.615051	3.979211
2312.000000	781.942749	3.979250
2313.000000	782.263245	3.977759
2314.000000	782.585266	3.977759
2315.000000	782.933533	3.977092
2316.000000	783.287537	3.975091
2317.000000	783.613098	3.975994
2318.000000	783.922791	3.975248
2319.000000	784.246460	3.976425
2320.000000	784.588501	3.974463
2321.000000	784.911072	3.973836
2322.000000	785.249817	3.975052
2323.000000	785.579224	3.974542
2324.000000	785.903687	3.975287
2325.000000	786.213135	3.972737
2326.000000	786.543884	3.972973
2327.000000	786.872864	3.971443
2328.000000	787.192261	3.971600
2329.000000	787.528442	3.971482
2330.000000	787.865234	3.970697
2331.000000	788.195740	3.970109
2332.000000	788.532410	3.968854
2333.000000	788.858398	3.968383
2334.000000	789.176758	3.969991
2335.000000	789.495972	3.969677
2336.000000	789.836609	3.966736
2337.000000	790.175476	3.967598
2338.000000	790.524109	3.966421
2339.000000	790.871399	3.966225
2340.000000	791.208984	3.967206
2341.000000	791.527161	3.965401
2342.000000	791.836304	3.964342
2343.000000	792.174072	3.961792
2344.000000	792.552979	3.961164
2345.000000	792.948975	3.963165
2346.000000	793.275513	3.961361
2347.000000	793.587402	3.961125
2348.000000	793.928894	3.961164
2349.000000	794.260376	3.961988
2350.000000	794.594116	3.960772
2351.000000	794.912842	3.959909
2352.000000	795.234192	3.959556
2353.000000	795.545044	3.960301
2354.000000	795.878418	3.958418
2355.000000	796.222717	3.957909
2356.000000	796.575134	3.958614
2357.000000	796.918457	3.957516
2358.000000	797.238098	3.957319
2359.000000	797.570984	3.959752
2360.000000	797.898743	3.957359
2361.000000	798.245361	3.956692
2362.000000	798.569519	3.957595
2363.000000	798.914917	3.957359
2364.000000	799.245789	3.953907
2365.000000	799.578125	3.954535
2366.000000	799.939697	3.953397
2367.000000	800.280945	3.953397
2368.000000	800.622070	3.953593
2369.000000	800.958374	3.953750
2370.000000	801.296021	3.953907
2371.000000	801.638855	3.952769
2372.000000	801.975525	3.951906
2373.000000	802.312500	3.952220
2374.000000	802.647461	3.950886
2375.000000	802.981812	3.950259
2376.000000	803.307068	3.949788
2377.000000	803.621460	3.951945
2378.000000	803.938232	3.950533
2379.000000	804.281372	3.949513
2380.000000	804.621582	3.950808
2381.000000	804.970703	3.949670
2382.000000	805.301758	3.950219
2383.000000	805.627441	3.948336
2384.000000	805.952942	3.949317
2385.000000	806.314880	3.948768
2386.000000	806.651855	3.948101
2387.000000	806.974060	3.948532
2388.000000	807.296143	3.946728
2389.000000	807.624756	3.947591
2390.000000	807.946289	3.946453
2391.000000	808.295776	3.946414
2392.000000	808.622070	3.946139
2393.000000	808.954834	3.946727
2394.000000	809.282043	3.946728
2395.000000	809.605957	3.944845
