0.000000	26.319794	10.620169
1.000000	26.324013	10.618090
2.000000	26.340532	10.611540
3.000000	26.360912	10.604753
4.000000	26.368385	10.602633
5.000000	26.386831	10.601182
6.000000	26.413595	10.600830
7.000000	26.440483	10.598985
8.000000	26.462667	10.599535
9.000000	26.491360	10.597729
10.000000	26.525726	10.596199
11.000000	26.560686	10.595886
12.000000	26.591675	10.594669
13.000000	26.639776	10.591296
14.000000	26.679688	10.592237
15.000000	26.713081	10.588394
16.000000	26.766861	10.586432
17.000000	26.807486	10.585373
18.000000	26.868734	10.584510
19.000000	26.919374	10.582978
20.000000	26.974108	10.581057
21.000000	27.035839	10.577995
22.000000	27.090096	10.577721
23.000000	27.140007	10.576114
24.000000	27.196075	10.573406
25.000000	27.268417	10.574819
26.000000	27.332678	10.573171
27.000000	27.403688	10.573524
28.000000	27.469879	10.571445
29.000000	27.528357	10.569876
30.000000	27.605156	10.568817
31.000000	27.678463	10.566854
32.000000	27.753937	10.567444
33.000000	27.841225	10.565049
34.000000	27.903921	10.563716
35.000000	27.977465	10.563128
36.000000	28.049322	10.561245
37.000000	28.120699	10.560265
38.000000	28.204855	10.558812
39.000000	28.275988	10.557400
40.000000	28.351706	10.555555
41.000000	28.435982	10.554497
42.000000	28.526648	10.554301
43.000000	28.607063	10.553360
44.000000	28.685915	10.548848
45.000000	28.779715	10.549789
46.000000	28.869537	10.549711
47.000000	28.946459	10.548416
48.000000	29.036520	10.546494
49.000000	29.128151	10.544533
50.000000	29.214117	10.543630
51.000000	29.310690	10.543670
52.000000	29.406301	10.541080
53.000000	29.491060	10.540178
54.000000	29.583534	10.539433
55.000000	29.677334	10.536844
56.000000	29.764263	10.535431
57.000000	29.876747	10.534922
58.000000	29.976700	10.535236
59.000000	30.063992	10.534686
60.000000	30.161724	10.532214
61.000000	30.265694	10.532410
62.000000	30.376080	10.529625
63.000000	30.498184	10.529037
64.000000	30.601873	10.528018
65.000000	30.720867	10.527351
66.000000	30.854696	10.525977
67.000000	30.980511	10.523975
68.000000	31.116249	10.525193
69.000000	31.250433	10.524878
70.000000	31.397177	10.522327
71.000000	31.552649	10.520288
72.000000	31.702501	10.520169
73.000000	31.871008	10.520679
74.000000	32.040833	10.518797
75.000000	32.213287	10.519855
76.000000	32.398659	10.519895
77.000000	32.588932	10.517895
78.000000	32.789730	10.515933
79.000000	32.994354	10.514874
80.000000	33.219669	10.516365
81.000000	33.441399	10.514600
82.000000	33.671501	10.514757
83.000000	33.910091	10.514442
84.000000	34.158730	10.512715
85.000000	34.417526	10.510872
86.000000	34.687569	10.508833
87.000000	34.964310	10.509303
88.000000	35.253609	10.507499
89.000000	35.539917	10.506832
90.000000	35.860794	10.504517
91.000000	36.175682	10.505184
92.000000	36.501335	10.504086
93.000000	36.838833	10.502517
94.000000	37.179440	10.501419
95.000000	37.532478	10.499614
96.000000	37.886482	10.499653
97.000000	38.255310	10.498319
98.000000	38.632389	10.498359
99.000000	39.019871	10.496750
100.000000	39.415016	10.496004
101.000000	39.802139	10.495887
102.000000	40.207676	10.494317
103.000000	40.603443	10.492709
104.000000	41.020149	10.492867
105.000000	41.439827	10.490080
106.000000	41.858673	10.487373
107.000000	42.278343	10.485725
108.000000	42.709778	10.484196
109.000000	43.138351	10.483725
110.000000	43.570496	10.481724
111.000000	44.009399	10.480900
112.000000	44.452579	10.479175
113.000000	44.873329	10.476781
114.000000	45.323158	10.476076
115.000000	45.752926	10.475723
116.000000	46.201096	10.472545
117.000000	46.638458	10.471995
118.000000	47.070953	10.471092
119.000000	47.511883	10.469642
120.000000	47.947350	10.469092
121.000000	48.382694	10.465561
122.000000	48.818039	10.465209
123.000000	49.255878	10.462619
124.000000	49.697044	10.459637
125.000000	50.109833	10.459676
126.000000	50.536896	10.456186
127.000000	50.948689	10.452576
128.000000	51.358482	10.451007
129.000000	51.773117	10.449045
130.000000	52.174774	10.448574
131.000000	52.592358	10.443592
132.000000	52.988926	10.444809
133.000000	53.379704	10.440924
134.000000	53.775322	10.437786
135.000000	54.170593	10.435471
136.000000	54.545654	10.433471
137.000000	54.924500	10.431784
138.000000	55.308067	10.429783
139.000000	55.677818	10.425821
140.000000	56.050049	10.423506
141.000000	56.405743	10.421976
142.000000	56.764854	10.419780
143.000000	57.121964	10.417034
144.000000	57.477066	10.412758
145.000000	57.827560	10.410169
146.000000	58.171562	10.406991
147.000000	58.511417	10.405186
148.000000	58.850109	10.401693
149.000000	59.188549	10.400948
150.000000	59.512222	10.398358
151.000000	59.838146	10.396515
152.000000	60.148594	10.394475
153.000000	60.465424	10.391728
154.000000	60.784912	10.386433
155.000000	61.089603	10.385216
156.000000	61.401665	10.382391
157.000000	61.715836	10.379804
158.000000	62.011070	10.378548
159.000000	62.306889	10.375646
160.000000	62.599876	10.374899
161.000000	62.897465	10.371799
162.000000	63.199284	10.370506
163.000000	63.475109	10.367210
164.000000	63.765991	10.364740
165.000000	64.055450	10.363405
166.000000	64.337975	10.359875
167.000000	64.622383	10.357246
168.000000	64.911362	10.354970
169.000000	65.191071	10.352813
170.000000	65.477234	10.349872
171.000000	65.757767	10.349479
172.000000	66.033104	10.345869
173.000000	66.313156	10.342573
174.000000	66.601448	10.341199
175.000000	66.883972	10.336571
176.000000	67.163788	10.334609
177.000000	67.444542	10.333237
178.000000	67.730133	10.329628
179.000000	68.002411	10.326725
180.000000	68.288589	10.323898
181.000000	68.565460	10.323311
182.000000	68.846573	10.322410
183.000000	69.141563	10.318878
184.000000	69.434555	10.316525
185.000000	69.722023	10.314720
186.000000	70.007492	10.312485
187.000000	70.304611	10.309267
188.000000	70.597130	10.306363
189.000000	70.894592	10.305500
190.000000	71.190208	10.300440
191.000000	71.488144	10.298911
192.000000	71.790428	10.295223
193.000000	72.098114	10.292202
194.000000	72.390755	10.291926
195.000000	72.713730	10.291063
196.000000	73.016602	10.287062
197.000000	73.330765	10.284355
198.000000	73.644562	10.280118
199.000000	73.953316	10.279529
200.000000	74.274765	10.275803
201.000000	74.594566	10.275410
202.000000	74.924133	10.272389
203.000000	75.251099	10.270624
204.000000	75.578545	10.269095
205.000000	75.911041	10.267290
206.000000	76.241440	10.265209
207.000000	76.577698	10.263248
208.000000	76.913254	10.262072
209.000000	77.251862	10.257795
210.000000	77.600586	10.255482
211.000000	77.936264	10.252697
212.000000	78.273117	10.249754
213.000000	78.632767	10.248342
214.000000	78.974319	10.247635
215.000000	79.330223	10.243712
216.000000	79.686951	10.241358
217.000000	80.037201	10.238926
218.000000	80.391685	10.236338
219.000000	80.747467	10.233513
220.000000	81.105835	10.229549
221.000000	81.459732	10.228766
222.000000	81.817505	10.226883
223.000000	82.174820	10.224725
224.000000	82.533073	10.223116
225.000000	82.882851	10.221468
226.000000	83.248146	10.217074
227.000000	83.610283	10.215388
228.000000	83.962891	10.210876
229.000000	84.317490	10.209346
230.000000	84.693130	10.205541
231.000000	85.045990	10.203893
232.000000	85.404099	10.199460
233.000000	85.764709	10.199265
234.000000	86.121552	10.196793
235.000000	86.480965	10.194400
236.000000	86.835579	10.192204
237.000000	87.199463	10.189300
238.000000	87.566071	10.188515
239.000000	87.923843	10.185493
240.000000	88.289619	10.180630
241.000000	88.624115	10.180708
242.000000	88.985893	10.176472
243.000000	89.341324	10.174745
244.000000	89.693443	10.172626
245.000000	90.042999	10.169959
246.000000	90.390671	10.169449
247.000000	90.747040	10.168115
248.000000	91.075539	10.164545
249.000000	91.424988	10.163172
250.000000	91.767303	10.161209
251.000000	92.118752	10.157954
252.000000	92.474335	10.157837
253.000000	92.810814	10.153128
254.000000	93.155212	10.150932
255.000000	93.486031	10.147675
256.000000	93.826523	10.145088
257.000000	94.158058	10.142419
258.000000	94.507988	10.139320
259.000000	94.834808	10.139869
260.000000	95.173180	10.138103
261.000000	95.501648	10.132533
262.000000	95.831062	10.128296
263.000000	96.151764	10.126492
264.000000	96.486481	10.124137
265.000000	96.804688	10.124451
266.000000	97.142593	10.121822
267.000000	97.479790	10.119664
268.000000	97.800842	10.118802
269.000000	98.123299	10.115113
270.000000	98.448120	10.113232
271.000000	98.773643	10.109858
272.000000	99.096695	10.106718
273.000000	99.417740	10.103855
274.000000	99.740906	10.101814
275.000000	100.061714	10.098048
276.000000	100.384308	10.096480
277.000000	100.719376	10.095538
278.000000	101.032753	10.095655
279.000000	101.351318	10.090869
280.000000	101.674988	10.089928
281.000000	101.992104	10.084867
282.000000	102.317932	10.083102
283.000000	102.633820	10.079728
284.000000	102.948189	10.077648
285.000000	103.269760	10.076708
286.000000	103.562019	10.074668
287.000000	103.863022	10.071647
288.000000	104.200806	10.071176
289.000000	104.527107	10.069842
290.000000	104.817932	10.067724
291.000000	105.139389	10.068352
292.000000	105.495735	10.066076
293.000000	105.846863	10.064428
294.000000	106.160164	10.061447
295.000000	106.488365	10.057917
296.000000	106.812424	10.056269
297.000000	107.133270	10.054228
298.000000	107.462425	10.052503
299.000000	107.781868	10.050423
300.000000	108.102974	10.047167
301.000000	108.422302	10.047010
302.000000	108.742683	10.044734
303.000000	109.073730	10.043243
304.000000	109.407959	10.042891
305.000000	109.728233	10.039282
306.000000	110.052879	10.035671
307.000000	110.368187	10.034182
308.000000	110.701599	10.030886
309.000000	111.028717	10.029434
310.000000	111.355148	10.026844
311.000000	111.690193	10.025120
312.000000	112.020042	10.023824
313.000000	112.350304	10.023078
314.000000	112.668137	10.021824
315.000000	113.001427	10.020726
316.000000	113.343628	10.017979
317.000000	113.691856	10.017312
318.000000	114.023834	10.013821
319.000000	114.364120	10.012291
320.000000	114.696350	10.007857
321.000000	115.036263	10.003778
322.000000	115.372284	10.002719
323.000000	115.710327	10.004366
324.000000	116.047043	10.000836
325.000000	116.377594	9.998952
326.000000	116.721321	9.997580
327.000000	117.055786	9.995776
328.000000	117.386459	9.994951
329.000000	117.738632	9.993107
330.000000	118.080833	9.992166
331.000000	118.416611	9.991107
332.000000	118.755722	9.987458
333.000000	119.094933	9.987654
334.000000	119.440453	9.986085
335.000000	119.756981	9.983105
336.000000	120.091331	9.981926
337.000000	120.455017	9.979375
338.000000	120.794250	9.977453
339.000000	121.142845	9.975766
340.000000	121.489319	9.974824
341.000000	121.834846	9.972354
342.000000	122.172943	9.970942
343.000000	122.518555	9.970981
344.000000	122.856964	9.971413
345.000000	123.202667	9.967567
346.000000	123.532249	9.967568
347.000000	123.882248	9.965606
348.000000	124.220665	9.964311
349.000000	124.559921	9.962782
350.000000	124.902390	9.961212
351.000000	125.229095	9.959447
352.000000	125.572289	9.958938
353.000000	125.907249	9.955837
354.000000	126.246971	9.954582
355.000000	126.591354	9.952464
356.000000	126.924400	9.951718
357.000000	127.265076	9.950111
358.000000	127.603638	9.947914
359.000000	127.941551	9.947247
360.000000	128.285339	9.945599
361.000000	128.619934	9.943755
362.000000	128.953568	9.942696
363.000000	129.286362	9.941558
364.000000	129.625854	9.939362
365.000000	129.958054	9.939754
366.000000	130.289413	9.934575
367.000000	130.619690	9.935164
368.000000	130.948669	9.931084
369.000000	131.278000	9.932927
370.000000	131.616043	9.929475
371.000000	131.942642	9.929005
372.000000	132.270203	9.925513
373.000000	132.597366	9.924021
374.000000	132.935623	9.923707
375.000000	133.263687	9.923472
376.000000	133.588394	9.920804
377.000000	133.929443	9.920923
378.000000	134.249817	9.920020
379.000000	134.579941	9.919000
380.000000	134.872650	9.918451
381.000000	135.231262	9.916018
382.000000	135.555588	9.915665
383.000000	135.899857	9.914959
384.000000	136.227829	9.914606
385.000000	136.569107	9.913193
386.000000	136.893433	9.909820
387.000000	137.222351	9.909232
388.000000	137.550537	9.903229
389.000000	137.879440	9.904093
390.000000	138.199814	9.904995
391.000000	138.527740	9.901700
392.000000	138.857498	9.901385
393.000000	139.178604	9.899543
394.000000	139.514343	9.898521
395.000000	139.838562	9.898443
396.000000	140.172287	9.895971
397.000000	140.500702	9.894835
398.000000	140.832870	9.896639
399.000000	141.162247	9.893266
400.000000	141.482376	9.893265
401.000000	141.825806	9.891655
402.000000	142.146423	9.892637
403.000000	142.481232	9.888401
404.000000	142.809265	9.888244
405.000000	143.152130	9.887656
406.000000	143.477737	9.886557
407.000000	143.816666	9.885851
408.000000	144.137802	9.883065
409.000000	144.471512	9.880752
410.000000	144.813919	9.880240
411.000000	145.155869	9.879536
412.000000	145.486801	9.879417
413.000000	145.816544	9.876671
414.000000	146.160278	9.875690
415.000000	146.499435	9.874670
416.000000	146.838806	9.874788
417.000000	147.173630	9.874827
418.000000	147.522293	9.871884
419.000000	147.852402	9.871609
420.000000	148.193115	9.870787
421.000000	148.530579	9.869689
422.000000	148.844360	9.868629
423.000000	149.194977	9.867883
424.000000	149.547302	9.868275
425.000000	149.884033	9.865726
426.000000	150.222107	9.868158
427.000000	150.564148	9.866117
428.000000	150.898224	9.863842
429.000000	151.247162	9.865647
430.000000	151.571457	9.865214
431.000000	151.914703	9.862390
432.000000	152.255783	9.862900
433.000000	152.593491	9.859722
434.000000	152.923767	9.859527
435.000000	153.260925	9.859722
436.000000	153.606216	9.857290
437.000000	153.920914	9.860860
438.000000	154.275436	9.855447
439.000000	154.613449	9.855446
440.000000	154.973175	9.853995
441.000000	155.312164	9.853721
442.000000	155.650528	9.852543
443.000000	155.990234	9.851603
444.000000	156.315750	9.852936
445.000000	156.667114	9.848739
446.000000	157.006073	9.846620
447.000000	157.339233	9.847562
448.000000	157.673599	9.846424
449.000000	158.013550	9.847484
450.000000	158.356766	9.847012
451.000000	158.683273	9.845520
452.000000	159.024551	9.844383
453.000000	159.358429	9.842580
454.000000	159.699097	9.841362
455.000000	160.028503	9.841520
456.000000	160.368088	9.841442
457.000000	160.687775	9.839715
458.000000	161.021408	9.839715
459.000000	161.374451	9.839480
460.000000	161.707367	9.837911
461.000000	162.038574	9.838184
462.000000	162.375244	9.835988
463.000000	162.713272	9.836891
464.000000	163.045944	9.834538
465.000000	163.376694	9.834458
466.000000	163.709946	9.832497
467.000000	164.022339	9.832340
468.000000	164.363754	9.830261
469.000000	164.703094	9.830379
470.000000	165.033020	9.829476
471.000000	165.361389	9.828339
472.000000	165.691956	9.827004
473.000000	166.023987	9.826965
474.000000	166.343933	9.828692
475.000000	166.674622	9.827123
476.000000	166.991898	9.826573
477.000000	167.329391	9.824612
478.000000	167.652649	9.824220
479.000000	167.982971	9.824258
480.000000	168.306335	9.823749
481.000000	168.636169	9.822101
482.000000	168.967819	9.823082
483.000000	169.294220	9.821747
484.000000	169.622101	9.821865
485.000000	169.964615	9.819824
486.000000	170.282013	9.819630
487.000000	170.613647	9.818923
488.000000	170.952148	9.819903
489.000000	171.274780	9.818021
490.000000	171.615341	9.819316
491.000000	171.954071	9.817746
492.000000	172.293518	9.817864
493.000000	172.617752	9.816804
494.000000	172.950134	9.815039
495.000000	173.275955	9.816216
496.000000	173.613464	9.815706
497.000000	173.951782	9.815393
498.000000	174.279953	9.813628
499.000000	174.618637	9.814333
500.000000	174.948776	9.812372
501.000000	175.282303	9.813313
502.000000	175.625870	9.812098
503.000000	175.953796	9.808723
504.000000	176.272079	9.811862
505.000000	176.617477	9.807978
506.000000	176.936844	9.808567
507.000000	177.271378	9.809233
508.000000	177.605911	9.805546
509.000000	177.941406	9.805270
510.000000	178.267014	9.807036
511.000000	178.606415	9.805467
512.000000	178.935837	9.803780
513.000000	179.276932	9.803780
514.000000	179.607681	9.803153
515.000000	179.935242	9.804722
516.000000	180.263901	9.802917
517.000000	180.593796	9.801464
518.000000	180.933090	9.800640
519.000000	181.262100	9.801896
520.000000	181.605911	9.799111
521.000000	181.925171	9.801348
522.000000	182.262878	9.801151
523.000000	182.597641	9.799503
524.000000	182.924362	9.799700
525.000000	183.266449	9.799347
526.000000	183.599380	9.797228
527.000000	183.939407	9.797031
528.000000	184.272354	9.797463
529.000000	184.604691	9.795502
530.000000	184.924057	9.796796
531.000000	185.284607	9.796719
532.000000	185.620239	9.797621
533.000000	185.963058	9.796248
534.000000	186.309448	9.795659
535.000000	186.647385	9.795776
536.000000	186.974472	9.794834
537.000000	187.319382	9.795934
538.000000	187.649887	9.795933
539.000000	187.983902	9.794639
540.000000	188.326492	9.794952
541.000000	188.666641	9.794640
542.000000	188.988953	9.793816
543.000000	189.347046	9.793658
544.000000	189.685745	9.793503
545.000000	190.018799	9.792520
546.000000	190.371658	9.792168
547.000000	190.708618	9.791462
548.000000	191.049133	9.791540
549.000000	191.387070	9.792010
550.000000	191.713181	9.791579
551.000000	192.054306	9.791187
552.000000	192.401535	9.792561
553.000000	192.735199	9.791539
554.000000	193.067032	9.791932
555.000000	193.414520	9.789774
556.000000	193.745377	9.789107
557.000000	194.082413	9.790009
558.000000	194.404648	9.790246
559.000000	194.741104	9.790009
560.000000	195.079086	9.787342
561.000000	195.416763	9.788794
562.000000	195.752533	9.787067
563.000000	196.093384	9.786283
564.000000	196.432724	9.788518
565.000000	196.756836	9.786831
566.000000	197.080643	9.786715
567.000000	197.416992	9.786008
568.000000	197.758972	9.785184
569.000000	198.092651	9.787734
570.000000	198.417419	9.784676
571.000000	198.755493	9.784595
572.000000	199.075256	9.784401
573.000000	199.399780	9.785772
574.000000	199.737701	9.785577
575.000000	200.057129	9.785342
576.000000	200.396133	9.781458
577.000000	200.733383	9.783145
578.000000	201.059830	9.781733
579.000000	201.384613	9.783302
580.000000	201.725586	9.781222
581.000000	202.045746	9.781066
582.000000	202.379395	9.781967
583.000000	202.698578	9.782831
584.000000	203.033569	9.779613
585.000000	203.363342	9.780949
586.000000	203.708496	9.781850
587.000000	204.053833	9.780869
588.000000	204.373169	9.780673
589.000000	204.709412	9.779339
590.000000	205.031143	9.779143
591.000000	205.356812	9.778595
592.000000	205.689743	9.780673
593.000000	206.027588	9.778320
594.000000	206.361389	9.778516
595.000000	206.708618	9.780359
596.000000	207.034973	9.777731
597.000000	207.371353	9.777809
598.000000	207.702240	9.778045
599.000000	208.023743	9.778240
600.000000	208.355728	9.778201
601.000000	208.693909	9.779104
602.000000	209.037491	9.777455
603.000000	209.371918	9.776554
604.000000	209.701462	9.777692
605.000000	210.028931	9.777966
606.000000	210.370407	9.775337
607.000000	210.692520	9.776868
608.000000	211.035950	9.775651
609.000000	211.365402	9.775495
610.000000	211.699341	9.775219
611.000000	212.039352	9.775691
612.000000	212.365479	9.775142
613.000000	212.713547	9.774318
614.000000	213.041260	9.773808
615.000000	213.372528	9.772709
616.000000	213.700851	9.773417
617.000000	214.023453	9.774043
618.000000	214.373306	9.774789
619.000000	214.719528	9.774318
620.000000	215.046234	9.772316
621.000000	215.385315	9.772121
622.000000	215.713104	9.770826
623.000000	216.055237	9.770003
624.000000	216.394455	9.772396
625.000000	216.726242	9.771729
626.000000	217.053070	9.772710
627.000000	217.399719	9.772082
628.000000	217.730438	9.771415
629.000000	218.063660	9.770786
630.000000	218.399994	9.770356
631.000000	218.737244	9.770394
632.000000	219.075623	9.770120
633.000000	219.397217	9.769729
634.000000	219.737762	9.769021
635.000000	220.065186	9.769650
636.000000	220.403046	9.770002
637.000000	220.732925	9.769454
638.000000	221.073578	9.768905
639.000000	221.392151	9.767609
640.000000	221.738541	9.768002
641.000000	222.063660	9.768629
642.000000	222.402634	9.767530
643.000000	222.743423	9.767295
644.000000	223.070374	9.767099
645.000000	223.404114	9.767766
646.000000	223.731293	9.766550
647.000000	224.065674	9.767334
648.000000	224.401215	9.766747
649.000000	224.755096	9.766158
650.000000	225.089905	9.764980
651.000000	225.412537	9.765451
652.000000	225.749893	9.766079
653.000000	226.085388	9.763962
654.000000	226.415451	9.764668
655.000000	226.755096	9.764745
656.000000	227.076050	9.763372
657.000000	227.406494	9.762039
658.000000	227.737610	9.761725
659.000000	228.073730	9.763647
660.000000	228.405365	9.760941
661.000000	228.737595	9.762314
662.000000	229.085571	9.762667
663.000000	229.413940	9.759136
664.000000	229.748718	9.761253
665.000000	230.084229	9.759176
666.000000	230.426163	9.759724
667.000000	230.765793	9.757919
668.000000	231.103851	9.757566
669.000000	231.453506	9.757370
670.000000	231.794846	9.757291
671.000000	232.113281	9.758076
672.000000	232.459442	9.755409
673.000000	232.796768	9.755959
674.000000	233.135437	9.757449
675.000000	233.474335	9.754624
676.000000	233.816162	9.753212
677.000000	234.158691	9.753880
678.000000	234.493210	9.754742
679.000000	234.824020	9.753368
680.000000	235.174850	9.751526
681.000000	235.502731	9.748817
682.000000	235.850998	9.751957
683.000000	236.181198	9.751682
684.000000	236.518845	9.750072
685.000000	236.849533	9.748386
686.000000	237.196716	9.748112
687.000000	237.523865	9.746738
688.000000	237.850677	9.747681
689.000000	238.189423	9.746189
690.000000	238.514053	9.745013
691.000000	238.850876	9.745052
692.000000	239.179245	9.745052
693.000000	239.512085	9.745326
694.000000	239.845520	9.741128
695.000000	240.181885	9.741874
696.000000	240.523895	9.741403
697.000000	240.857193	9.740814
698.000000	241.184372	9.740344
699.000000	241.524551	9.738813
700.000000	241.852097	9.737950
701.000000	242.180588	9.738304
702.000000	242.499313	9.738774
703.000000	242.851318	9.738225
704.000000	243.188614	9.734890
705.000000	243.509277	9.734105
706.000000	243.844498	9.734695
707.000000	244.184341	9.732890
708.000000	244.501480	9.732263
709.000000	244.827698	9.730694
710.000000	245.153244	9.730497
711.000000	245.516479	9.730615
712.000000	245.861099	9.728928
713.000000	246.180222	9.727005
714.000000	246.496994	9.727593
715.000000	246.826950	9.724180
716.000000	247.180435	9.725553
717.000000	247.515320	9.723515
718.000000	247.847672	9.723554
719.000000	248.182312	9.721827
720.000000	248.501221	9.720964
721.000000	248.827362	9.720768
722.000000	249.184875	9.720768
723.000000	249.514618	9.718257
724.000000	249.841919	9.719044
725.000000	250.179337	9.718884
726.000000	250.506882	9.717511
727.000000	250.834320	9.715118
728.000000	251.165375	9.715117
729.000000	251.499527	9.714138
730.000000	251.836319	9.712020
731.000000	252.162659	9.712176
732.000000	252.495987	9.709785
733.000000	252.836639	9.708176
734.000000	253.165039	9.706370
735.000000	253.494263	9.705821
736.000000	253.820251	9.703625
737.000000	254.161148	9.706135
738.000000	254.493042	9.699701
739.000000	254.824066	9.697897
740.000000	255.161179	9.697464
741.000000	255.506073	9.697152
742.000000	255.833862	9.696327
743.000000	256.164764	9.696289
744.000000	256.503326	9.694406
745.000000	256.842407	9.691150
746.000000	257.171051	9.693228
747.000000	257.516663	9.690757
748.000000	257.836334	9.688363
749.000000	258.169159	9.687187
750.000000	258.501892	9.685970
751.000000	258.847290	9.685185
752.000000	259.163696	9.683733
753.000000	259.508759	9.680282
754.000000	259.839325	9.678829
755.000000	260.177887	9.677457
756.000000	260.509033	9.675301
757.000000	260.839722	9.673613
758.000000	261.166107	9.672749
759.000000	261.503937	9.671691
760.000000	261.842102	9.668670
761.000000	262.166962	9.668670
762.000000	262.504333	9.667767
763.000000	262.843262	9.666393
764.000000	263.174072	9.664943
765.000000	263.506287	9.663217
766.000000	263.845947	9.662000
767.000000	264.176270	9.659058
768.000000	264.508606	9.659019
769.000000	264.858063	9.657490
770.000000	265.182068	9.654900
771.000000	265.514832	9.652977
772.000000	265.845215	9.649761
773.000000	266.178680	9.646034
774.000000	266.500153	9.646544
775.000000	266.836121	9.642778
776.000000	267.160858	9.642307
777.000000	267.491302	9.642425
778.000000	267.834839	9.639130
779.000000	268.174103	9.636971
780.000000	268.499420	9.635481
781.000000	268.813599	9.630184
782.000000	269.168915	9.630264
783.000000	269.511963	9.627046
784.000000	269.845276	9.625672
785.000000	270.191467	9.622768
786.000000	270.507019	9.620495
787.000000	270.846283	9.619082
788.000000	271.184448	9.616924
789.000000	271.516724	9.614178
790.000000	271.856812	9.612531
791.000000	272.179413	9.609352
792.000000	272.522919	9.606489
793.000000	272.852539	9.603978
794.000000	273.190857	9.600723
795.000000	273.533569	9.597075
796.000000	273.877014	9.595661
797.000000	274.204468	9.592012
798.000000	274.551361	9.591031
799.000000	274.890869	9.588326
800.000000	275.221191	9.585854
801.000000	275.561737	9.583030
802.000000	275.890625	9.580990
803.000000	276.234070	9.576477
804.000000	276.575989	9.573850
805.000000	276.918396	9.572594
806.000000	277.267090	9.567886
807.000000	277.598267	9.566474
808.000000	277.941772	9.565179
809.000000	278.257294	9.562237
810.000000	278.615234	9.558313
811.000000	278.952271	9.557490
812.000000	279.283752	9.550781
813.000000	279.627441	9.551017
814.000000	279.968079	9.548781
815.000000	280.314362	9.544270
816.000000	280.630432	9.540071
817.000000	280.989746	9.538581
818.000000	281.319214	9.532108
819.000000	281.656494	9.529401
820.000000	281.994415	9.525948
821.000000	282.338287	9.521673
822.000000	282.671204	9.520613
823.000000	283.007660	9.515396
824.000000	283.341492	9.511629
825.000000	283.673096	9.507039
826.000000	284.004425	9.504333
827.000000	284.332916	9.497781
828.000000	284.678650	9.494446
829.000000	285.011292	9.492955
830.000000	285.347656	9.487659
831.000000	285.674713	9.482167
832.000000	286.013947	9.477774
833.000000	286.335052	9.474635
834.000000	286.666809	9.470908
835.000000	286.987976	9.468358
836.000000	287.329315	9.463612
837.000000	287.656616	9.460748
838.000000	287.993591	9.455962
839.000000	288.321106	9.449607
840.000000	288.652679	9.446427
841.000000	288.973450	9.444074
842.000000	289.314575	9.437483
843.000000	289.644928	9.433639
844.000000	289.972015	9.425911
845.000000	290.319489	9.421242
846.000000	290.647034	9.419869
847.000000	290.976776	9.413710
848.000000	291.302887	9.408336
849.000000	291.630798	9.401313
850.000000	291.971802	9.397900
851.000000	292.299072	9.391741
852.000000	292.631561	9.386601
853.000000	292.967896	9.381539
854.000000	293.285767	9.375969
855.000000	293.621338	9.372478
856.000000	293.966003	9.367888
857.000000	294.301300	9.361886
858.000000	294.642365	9.358158
859.000000	294.959808	9.352589
860.000000	295.295868	9.345881
861.000000	295.639587	9.340585
862.000000	295.967102	9.333092
863.000000	296.292358	9.328148
864.000000	296.633728	9.320615
865.000000	296.970581	9.315987
866.000000	297.305969	9.310375
867.000000	297.642822	9.302413
868.000000	297.968353	9.296606
869.000000	298.306244	9.290173
870.000000	298.642975	9.284563
871.000000	298.982178	9.278247
872.000000	299.310669	9.270244
873.000000	299.662842	9.265694
874.000000	299.997528	9.260788
875.000000	300.334259	9.253099
876.000000	300.656128	9.247804
877.000000	300.991791	9.240036
878.000000	301.333252	9.230542
879.000000	301.661652	9.223835
880.000000	302.008209	9.217831
881.000000	302.340088	9.209396
882.000000	302.664307	9.200138
883.000000	303.007782	9.194763
884.000000	303.326691	9.186957
885.000000	303.657837	9.179502
886.000000	303.988586	9.172873
887.000000	304.306183	9.167577
888.000000	304.647522	9.161378
889.000000	304.985870	9.152592
890.000000	305.305786	9.144940
891.000000	305.644867	9.137134
892.000000	305.976593	9.127248
893.000000	306.298462	9.120343
894.000000	306.623779	9.113361
895.000000	306.950134	9.106259
896.000000	307.265900	9.096492
897.000000	307.592407	9.090332
898.000000	307.923126	9.080092
899.000000	308.246948	9.070364
900.000000	308.572327	9.066009
901.000000	308.914673	9.059143
902.000000	309.235107	9.048160
903.000000	309.565186	9.041451
904.000000	309.887421	9.032585
905.000000	310.225342	9.024737
906.000000	310.558472	9.016618
907.000000	310.895142	9.009085
908.000000	311.226959	8.997080
909.000000	311.566559	8.988097
910.000000	311.886902	8.979741
911.000000	312.222229	8.972404
912.000000	312.560913	8.964519
913.000000	312.902954	8.959105
914.000000	313.240234	8.948475
915.000000	313.574036	8.941256
916.000000	313.900879	8.931840
917.000000	314.252899	8.921719
918.000000	314.584412	8.914539
919.000000	314.921875	8.903947
920.000000	315.256073	8.895277
921.000000	315.593414	8.887667
922.000000	315.932892	8.876642
923.000000	316.276520	8.868091
924.000000	316.617065	8.861265
925.000000	316.956970	8.849573
926.000000	317.293915	8.841335
927.000000	317.631561	8.833802
928.000000	317.976379	8.824112
929.000000	318.312744	8.815875
930.000000	318.648468	8.804262
931.000000	318.990112	8.794416
932.000000	319.329895	8.786569
933.000000	319.669861	8.777115
934.000000	319.995361	8.768837
935.000000	320.340942	8.762127
936.000000	320.678101	8.753067
937.000000	321.004852	8.744593
938.000000	321.321411	8.734629
939.000000	321.662689	8.723761
940.000000	321.995422	8.715444
941.000000	322.327545	8.708540
942.000000	322.665771	8.696142
943.000000	322.993225	8.686649
944.000000	323.335205	8.677626
945.000000	323.664307	8.668327
946.000000	323.987518	8.661070
947.000000	324.317535	8.652910
948.000000	324.659332	8.644829
949.000000	324.986389	8.634315
950.000000	325.320068	8.623998
951.000000	325.656036	8.614897
952.000000	325.987244	8.604538
953.000000	326.319611	8.594337
954.000000	326.627533	8.586845
955.000000	326.973328	8.578451
956.000000	327.305542	8.568134
957.000000	327.644379	8.560484
958.000000	327.987915	8.551460
959.000000	328.321289	8.542358
960.000000	328.661591	8.532944
961.000000	328.986481	8.521763
962.000000	329.326416	8.514073
963.000000	329.653687	8.506816
964.000000	330.000153	8.493908
965.000000	330.331635	8.485396
966.000000	330.667694	8.475510
967.000000	330.999390	8.466133
968.000000	331.329834	8.458365
969.000000	331.677917	8.448127
970.000000	332.018799	8.439026
971.000000	332.357056	8.426705
972.000000	332.693573	8.419212
973.000000	333.036987	8.410387
974.000000	333.368042	8.398265
975.000000	333.706177	8.389084
976.000000	334.040741	8.380886
977.000000	334.377686	8.370175
978.000000	334.720337	8.362369
979.000000	335.047577	8.355189
980.000000	335.378052	8.344283
981.000000	335.701294	8.335732
982.000000	336.035736	8.323021
983.000000	336.359131	8.316077
984.000000	336.700928	8.305798
985.000000	337.041046	8.297599
986.000000	337.383392	8.285516
987.000000	337.720886	8.274963
988.000000	338.057983	8.264684
989.000000	338.395996	8.258251
990.000000	338.732666	8.248364
991.000000	339.060211	8.238046
992.000000	339.382324	8.229259
993.000000	339.717712	8.218863
994.000000	340.052887	8.209604
995.000000	340.375549	8.196698
996.000000	340.710693	8.187243
997.000000	341.044373	8.178260
998.000000	341.360718	8.169119
999.000000	341.704987	8.160605
1000.000000	342.049744	8.151465
1001.000000	342.380371	8.141304
1002.000000	342.715149	8.130829
1003.000000	343.047729	8.119256
1004.000000	343.384064	8.111057
1005.000000	343.706879	8.099249
1006.000000	344.039673	8.088225
1007.000000	344.366577	8.081006
1008.000000	344.705322	8.068413
1009.000000	345.038849	8.060685
1010.000000	345.366791	8.050956
1011.000000	345.705109	8.040717
1012.000000	346.035217	8.029967
1013.000000	346.372864	8.016786
1014.000000	346.698486	8.009449
1015.000000	347.038300	7.997170
1016.000000	347.370178	7.985010
1017.000000	347.701691	7.975750
1018.000000	348.024200	7.965826
1019.000000	348.352570	7.957431
1020.000000	348.712921	7.947073
1021.000000	349.052002	7.934167
1022.000000	349.385040	7.924359
1023.000000	349.722900	7.912080
1024.000000	350.048218	7.900547
1025.000000	350.397003	7.890974
1026.000000	350.733490	7.880186
1027.000000	351.059875	7.867671
1028.000000	351.393555	7.859118
1029.000000	351.740021	7.848880
1030.000000	352.096069	7.838719
1031.000000	352.441406	7.826949
1032.000000	352.775269	7.814121
1033.000000	353.117828	7.804275
1034.000000	353.449615	7.790622
1035.000000	353.776154	7.779834
1036.000000	354.121582	7.766848
1037.000000	354.462830	7.759787
1038.000000	354.786804	7.748018
1039.000000	355.141937	7.735542
1040.000000	355.478973	7.720399
1041.000000	355.807648	7.709610
1042.000000	356.145264	7.697959
1043.000000	356.473907	7.686386
1044.000000	356.802307	7.673008
1045.000000	357.133301	7.662102
1046.000000	357.481537	7.650883
1047.000000	357.808472	7.638408
1048.000000	358.138275	7.626834
1049.000000	358.466797	7.614005
1050.000000	358.800995	7.599137
1051.000000	359.135376	7.588232
1052.000000	359.447571	7.575716
1053.000000	359.791168	7.562613
1054.000000	360.126617	7.551237
1055.000000	360.465454	7.538566
1056.000000	360.788116	7.525148
1057.000000	361.130768	7.510986
1058.000000	361.461029	7.498667
1059.000000	361.794800	7.484819
1060.000000	362.144165	7.471519
1061.000000	362.478455	7.458535
1062.000000	362.814392	7.443862
1063.000000	363.153564	7.430642
1064.000000	363.494141	7.416127
1065.000000	363.828186	7.401454
1066.000000	364.169464	7.385763
1067.000000	364.504822	7.372581
1068.000000	364.844482	7.359282
1069.000000	365.149170	7.348454
1070.000000	365.511658	7.332409
1071.000000	365.854340	7.315656
1072.000000	366.185577	7.301102
1073.000000	366.525757	7.283802
1074.000000	366.853394	7.267952
1075.000000	367.187988	7.254967
1076.000000	367.523468	7.237745
1077.000000	367.858917	7.223581
1078.000000	368.186584	7.207342
1079.000000	368.508026	7.187412
1080.000000	368.833008	7.171955
1081.000000	369.157898	7.158107
1082.000000	369.512817	7.143317
1083.000000	369.860779	7.125114
1084.000000	370.197174	7.107735
1085.000000	370.522736	7.090159
1086.000000	370.862305	7.072819
1087.000000	371.196777	7.053126
1088.000000	371.534088	7.036257
1089.000000	371.872864	7.018328
1090.000000	372.191528	7.001497
1091.000000	372.533325	6.980470
1092.000000	372.857422	6.962149
1093.000000	373.174194	6.945556
1094.000000	373.522522	6.923626
1095.000000	373.857452	6.903814
1096.000000	374.176086	6.884356
1097.000000	374.521240	6.862072
1098.000000	374.857147	6.844615
1099.000000	375.184723	6.823352
1100.000000	375.517578	6.802677
1101.000000	375.859436	6.780080
1102.000000	376.185455	6.759838
1103.000000	376.522461	6.740615
1104.000000	376.847534	6.716527
1105.000000	377.185181	6.694008
1106.000000	377.513763	6.670038
1107.000000	377.850098	6.650699
1108.000000	378.199158	6.625276
1109.000000	378.529053	6.602523
1110.000000	378.860504	6.576591
1111.000000	379.197510	6.553288
1112.000000	379.537079	6.531594
1113.000000	379.874146	6.504524
1114.000000	380.204498	6.479574
1115.000000	380.548157	6.454466
1116.000000	380.883575	6.429829
1117.000000	381.205200	6.403976
1118.000000	381.544739	6.375534
1119.000000	381.882477	6.349995
1120.000000	382.215363	6.322455
1121.000000	382.556610	6.292366
1122.000000	382.885468	6.264904
1123.000000	383.224243	6.238934
1124.000000	383.543823	6.209000
1125.000000	383.879578	6.179657
1126.000000	384.219116	6.150625
1127.000000	384.549530	6.121948
1128.000000	384.880890	6.093662
1129.000000	385.212280	6.061768
1130.000000	385.537018	6.032659
1131.000000	385.865356	5.999862
1132.000000	386.188202	5.971146
1133.000000	386.487915	5.942193
1134.000000	386.860229	5.908847
1135.000000	387.189575	5.877776
1136.000000	387.522339	5.845333
1137.000000	387.853302	5.812771
1138.000000	388.181213	5.778091
1139.000000	388.519623	5.747531
1140.000000	388.850281	5.714890
1141.000000	389.187500	5.682290
1142.000000	389.508301	5.649689
1143.000000	389.844666	5.614185
1144.000000	390.186310	5.578485
1145.000000	390.511963	5.546317
1146.000000	390.838501	5.513206
1147.000000	391.171906	5.478134
1148.000000	391.502808	5.446043
1149.000000	391.842133	5.410931
1150.000000	392.176880	5.373859
1151.000000	392.510986	5.343063
1152.000000	392.850983	5.305676
1153.000000	393.195313	5.269780
1154.000000	393.533203	5.238356
1155.000000	393.859100	5.201166
1156.000000	394.208740	5.166290
1157.000000	394.555603	5.133454
1158.000000	394.890198	5.097322
1159.000000	395.227112	5.061623
1160.000000	395.573059	5.028825
1161.000000	395.896179	4.993989
1162.000000	396.234955	4.958995
1163.000000	396.574402	4.927258
1164.000000	396.914673	4.893087
1165.000000	397.255554	4.856995
1166.000000	397.580505	4.822669
1167.000000	397.923218	4.790029
1168.000000	398.268250	4.757154
1169.000000	398.574127	4.727377
1170.000000	398.919312	4.692030
1171.000000	399.274384	4.658998
1172.000000	399.605743	4.627967
1173.000000	399.940826	4.593170
1174.000000	400.273102	4.562570
1175.000000	400.604370	4.532990
1176.000000	400.939087	4.501723
1177.000000	401.272552	4.471280
1178.000000	401.602173	4.441622
1179.000000	401.925110	4.414318
1180.000000	402.266083	4.385130
1181.000000	402.596527	4.354687
1182.000000	402.932861	4.327735
1183.000000	403.267944	4.298704
1184.000000	403.587891	4.273008
1185.000000	403.929413	4.246842
1186.000000	404.250122	4.221107
1187.000000	404.588806	4.194508
1188.000000	404.932739	4.167713
1189.000000	405.246216	4.144136
1190.000000	405.585327	4.122755
1191.000000	405.901367	4.098785
1192.000000	406.247040	4.074187
1193.000000	406.582642	4.052846
1194.000000	406.917999	4.033153
1195.000000	407.253784	4.013929
1196.000000	407.582245	3.990745
1197.000000	407.896851	3.970619
1198.000000	408.248108	3.950063
1199.000000	408.579010	3.935979
1200.000000	408.893402	3.918050
1201.000000	409.248322	3.899298
1202.000000	409.575562	3.881683
1203.000000	409.909027	3.867325
1204.000000	410.219086	3.850181
1205.000000	410.547638	3.839275
1206.000000	410.895142	3.822524
1207.000000	411.229980	3.807537
1208.000000	411.554810	3.794866
1209.000000	411.892426	3.781331
1210.000000	412.213135	3.769366
1211.000000	412.547302	3.754380
1212.000000	412.891388	3.745121
1213.000000	413.212341	3.738021
1214.000000	413.547852	3.726134
1215.000000	413.877441	3.716679
1216.000000	414.209106	3.705263
1217.000000	414.539978	3.696671
1218.000000	414.879517	3.688668
1219.000000	415.212494	3.680430
1220.000000	415.543976	3.671172
1221.000000	415.876099	3.663796
1222.000000	416.199493	3.655048
1223.000000	416.540405	3.649203
1224.000000	416.876953	3.642063
1225.000000	417.199249	3.638414
1226.000000	417.536987	3.633863
1227.000000	417.886414	3.626174
1228.000000	418.223663	3.620486
1229.000000	418.547302	3.615700
1230.000000	418.900665	3.608167
1231.000000	419.233002	3.602754
1232.000000	419.574097	3.597104
1233.000000	419.905701	3.594123
1234.000000	420.217163	3.589023
1235.000000	420.564697	3.583609
1236.000000	420.895142	3.577960
1237.000000	421.232544	3.570820
1238.000000	421.563019	3.568544
1239.000000	421.899414	3.565681
1240.000000	422.224152	3.561600
1241.000000	422.563232	3.556893
1242.000000	422.903259	3.553166
1243.000000	423.224701	3.548929
1244.000000	423.566742	3.545712
1245.000000	423.920410	3.542338
1246.000000	424.248169	3.539318
1247.000000	424.573181	3.536650
1248.000000	424.918976	3.533198
1249.000000	425.257935	3.531981
1250.000000	425.589142	3.526136
1251.000000	425.933441	3.522801
1252.000000	426.259644	3.518761
1253.000000	426.594482	3.515112
1254.000000	426.939941	3.514445
1255.000000	427.274933	3.508679
1256.000000	427.602478	3.507815
1257.000000	427.939697	3.501343
1258.000000	428.277435	3.500440
1259.000000	428.604431	3.495222
1260.000000	428.936859	3.492005
1261.000000	429.264160	3.491025
1262.000000	429.585297	3.488044
1263.000000	429.931641	3.485807
1264.000000	430.246368	3.480393
1265.000000	430.576508	3.478706
1266.000000	430.916260	3.474627
1267.000000	431.256287	3.470625
1268.000000	431.587036	3.467879
1269.000000	431.913422	3.466349
1270.000000	432.253448	3.463014
1271.000000	432.585297	3.460503
1272.000000	432.921906	3.455442
1273.000000	433.252075	3.452461
1274.000000	433.591431	3.450421
1275.000000	433.928253	3.447636
1276.000000	434.267029	3.442810
1277.000000	434.604370	3.442065
1278.000000	434.938416	3.440143
1279.000000	435.289307	3.437357
1280.000000	435.608734	3.434846
1281.000000	435.951691	3.432807
1282.000000	436.259033	3.427550
1283.000000	436.614197	3.425667
1284.000000	436.951996	3.422999
1285.000000	437.298187	3.418644
1286.000000	437.638947	3.417388
1287.000000	437.961792	3.415270
1288.000000	438.295685	3.411740
1289.000000	438.625580	3.408405
1290.000000	438.953064	3.407267
1291.000000	439.290466	3.401343
1292.000000	439.636505	3.399225
1293.000000	439.962189	3.397420
1294.000000	440.294861	3.392948
1295.000000	440.634552	3.392595
1296.000000	440.962402	3.389535
1297.000000	441.302246	3.386201
1298.000000	441.625916	3.379767
1299.000000	441.957214	3.377609
1300.000000	442.281921	3.375176
1301.000000	442.621826	3.371607
1302.000000	442.960693	3.369606
1303.000000	443.284515	3.367252
1304.000000	443.615326	3.365801
1305.000000	443.946777	3.362937
1306.000000	444.288757	3.360387
1307.000000	444.627686	3.357719
1308.000000	444.957458	3.355914
1309.000000	445.294617	3.351285
1310.000000	445.624207	3.348774
1311.000000	445.960144	3.346734
1312.000000	446.292816	3.342615
1313.000000	446.623535	3.342341
1314.000000	446.963226	3.339791
1315.000000	447.292969	3.338536
1316.000000	447.621918	3.337437
1317.000000	447.944092	3.334259
1318.000000	448.273804	3.332572
1319.000000	448.597900	3.331396
1320.000000	448.942169	3.327080
1321.000000	449.273865	3.322412
1322.000000	449.618896	3.321549
1323.000000	449.931183	3.315664
1324.000000	450.269806	3.316527
1325.000000	450.605988	3.313545
1326.000000	450.934845	3.310485
1327.000000	451.269531	3.306719
1328.000000	451.609131	3.304169
1329.000000	451.946564	3.301188
1330.000000	452.292419	3.298755
1331.000000	452.630859	3.296755
1332.000000	452.963745	3.294989
1333.000000	453.311951	3.291380
1334.000000	453.631836	3.288634
1335.000000	453.986755	3.287849
1336.000000	454.322693	3.287457
1337.000000	454.647339	3.280513
1338.000000	454.986206	3.277728
1339.000000	455.320404	3.275570
1340.000000	455.663269	3.273216
1341.000000	456.003693	3.271333
1342.000000	456.350616	3.266704
1343.000000	456.679535	3.265291
1344.000000	457.022980	3.263997
1345.000000	457.330933	3.260780
1346.000000	457.663818	3.258662
1347.000000	458.015503	3.255484
1348.000000	458.364868	3.252620
1349.000000	458.687195	3.249443
1350.000000	459.030792	3.248501
1351.000000	459.362488	3.244421
1352.000000	459.688721	3.243087
1353.000000	460.019958	3.242184
1354.000000	460.363708	3.240184
1355.000000	460.701263	3.237242
1356.000000	461.023132	3.236614
1357.000000	461.348328	3.234966
1358.000000	461.689941	3.232495
1359.000000	462.012482	3.230180
1360.000000	462.349945	3.227866
1361.000000	462.678955	3.223511
1362.000000	463.000488	3.222295
1363.000000	463.352051	3.218803
1364.000000	463.661652	3.215900
1365.000000	463.988617	3.214488
1366.000000	464.319763	3.213155
1367.000000	464.647583	3.209467
1368.000000	464.980804	3.207780
1369.000000	465.300537	3.204798
1370.000000	465.645020	3.202169
1371.000000	465.965576	3.200522
1372.000000	466.299316	3.195736
1373.000000	466.633728	3.195657
1374.000000	466.961700	3.195422
1375.000000	467.287048	3.192636
1376.000000	467.609314	3.190283
1377.000000	467.955688	3.187419
1378.000000	468.272797	3.185771
1379.000000	468.627777	3.182319
1380.000000	468.950928	3.178396
1381.000000	469.276947	3.175258
1382.000000	469.613647	3.175336
1383.000000	469.939484	3.172276
1384.000000	470.267365	3.169883
1385.000000	470.588135	3.169452
1386.000000	470.913940	3.165764
1387.000000	471.261810	3.164038
1388.000000	471.600586	3.162272
1389.000000	471.930206	3.159918
1390.000000	472.251312	3.158310
1391.000000	472.588074	3.156348
1392.000000	472.915314	3.152033
1393.000000	473.235931	3.150738
1394.000000	473.578705	3.149248
1395.000000	473.901978	3.147835
1396.000000	474.241455	3.145207
1397.000000	474.571136	3.142657
1398.000000	474.897095	3.141872
1399.000000	475.268188	3.141480
1400.000000	475.598877	3.139557
1401.000000	475.936951	3.137871
1402.000000	476.262817	3.135007
1403.000000	476.593750	3.135203
1404.000000	476.929230	3.132378
1405.000000	477.246765	3.131633
1406.000000	477.584900	3.127396
1407.000000	477.931885	3.124336
1408.000000	478.264435	3.124925
1409.000000	478.590424	3.122178
1410.000000	478.912628	3.120727
1411.000000	479.243256	3.119275
1412.000000	479.578003	3.115195
1413.000000	479.920410	3.114842
1414.000000	480.254974	3.113822
1415.000000	480.596222	3.110605
1416.000000	480.927368	3.106800
1417.000000	481.256104	3.104250
1418.000000	481.578064	3.102288
1419.000000	481.914734	3.100680
1420.000000	482.244995	3.098640
1421.000000	482.588715	3.097110
1422.000000	482.921082	3.095502
1423.000000	483.252075	3.093619
1424.000000	483.590668	3.092795
1425.000000	483.916199	3.090598
1426.000000	484.218628	3.088519
1427.000000	484.571320	3.088989
1428.000000	484.902618	3.087342
1429.000000	485.255127	3.082006
1430.000000	485.586700	3.081026
1431.000000	485.921265	3.076161
1432.000000	486.257446	3.075612
1433.000000	486.585083	3.071179
1434.000000	486.915527	3.070943
1435.000000	487.242432	3.067491
1436.000000	487.570313	3.066510
1437.000000	487.899994	3.065765
1438.000000	488.210052	3.064078
1439.000000	488.581055	3.063137
1440.000000	488.915802	3.061410
1441.000000	489.243683	3.062273
1442.000000	489.585236	3.058900
1443.000000	489.914825	3.056231
1444.000000	490.252869	3.055133
1445.000000	490.575684	3.053368
1446.000000	490.918793	3.050661
1447.000000	491.245789	3.048229
1448.000000	491.571869	3.046777
1449.000000	491.913574	3.044933
1450.000000	492.245728	3.043404
1451.000000	492.579681	3.041049
1452.000000	492.904633	3.041481
1453.000000	493.232544	3.039284
1454.000000	493.572021	3.040344
1455.000000	493.910980	3.036264
1456.000000	494.264343	3.035792
1457.000000	494.595062	3.035832
1458.000000	494.917328	3.033086
1459.000000	495.268646	3.031752
1460.000000	495.610779	3.028143
1461.000000	495.930267	3.027436
1462.000000	496.266113	3.026613
1463.000000	496.620941	3.025985
1464.000000	496.954529	3.023356
1465.000000	497.276489	3.021591
1466.000000	497.610962	3.020453
1467.000000	497.956909	3.018021
1468.000000	498.278809	3.018649
1469.000000	498.614136	3.016531
1470.000000	498.959412	3.012647
1471.000000	499.286987	3.010568
1472.000000	499.620880	3.009508
1473.000000	499.949982	3.008802
1474.000000	500.286072	3.005978
1475.000000	500.627930	3.004840
1476.000000	500.951843	3.003074
1477.000000	501.288666	3.000171
1478.000000	501.619659	3.000446
1479.000000	501.940704	2.997386
1480.000000	502.265076	2.995699
1481.000000	502.597015	2.995581
1482.000000	502.934326	2.993777
1483.000000	503.279480	2.990795
1484.000000	503.609955	2.991188
1485.000000	503.927338	2.988834
1486.000000	504.257660	2.988716
1487.000000	504.578888	2.988481
1488.000000	504.909546	2.983891
1489.000000	505.247314	2.983459
1490.000000	505.586212	2.981497
1491.000000	505.903320	2.979300
1492.000000	506.231201	2.977261
1493.000000	506.563995	2.975888
1494.000000	506.903503	2.974554
1495.000000	507.231445	2.971925
1496.000000	507.563721	2.969061
1497.000000	507.903259	2.967884
1498.000000	508.231293	2.966551
1499.000000	508.581421	2.966668
1500.000000	508.914825	2.965178
1501.000000	509.258392	2.963059
1502.000000	509.586365	2.962039
1503.000000	509.931427	2.959999
1504.000000	510.265961	2.958979
1505.000000	510.598145	2.956978
1506.000000	510.934662	2.954468
1507.000000	511.291260	2.953330
1508.000000	511.629669	2.951800
1509.000000	511.955597	2.950741
1510.000000	512.281006	2.950349
1511.000000	512.619690	2.945798
1512.000000	512.954773	2.947328
1513.000000	513.267334	2.946582
1514.000000	513.610291	2.944346
1515.000000	513.955627	2.943640
1516.000000	514.290527	2.940697
1517.000000	514.622009	2.940580
1518.000000	514.947754	2.940109
1519.000000	515.273499	2.939089
1520.000000	515.622803	2.936932
1521.000000	515.950439	2.936657
1522.000000	516.278320	2.934421
1523.000000	516.617432	2.932695
1524.000000	516.933350	2.933676
1525.000000	517.275391	2.932459
1526.000000	517.610596	2.929399
1527.000000	517.939392	2.927634
1528.000000	518.273743	2.927281
1529.000000	518.616333	2.925947
1530.000000	518.942871	2.923868
1531.000000	519.266724	2.922220
1532.000000	519.596375	2.921671
1533.000000	519.923828	2.920062
1534.000000	520.254211	2.917159
1535.000000	520.581726	2.915433
1536.000000	520.917969	2.914963
1537.000000	521.259766	2.914335
1538.000000	521.588867	2.912491
1539.000000	521.907959	2.910804
1540.000000	522.240112	2.907901
1541.000000	522.577881	2.905390
1542.000000	522.920471	2.905194
1543.000000	523.241699	2.902605
1544.000000	523.576904	2.901898
1545.000000	523.903320	2.900369
1546.000000	524.232483	2.898132
1547.000000	524.575684	2.896995
1548.000000	524.893982	2.896524
1549.000000	525.234131	2.893660
1550.000000	525.565552	2.891581
1551.000000	525.901367	2.891267
1552.000000	526.229980	2.890169
1553.000000	526.548950	2.890247
1554.000000	526.879272	2.888129
1555.000000	527.232178	2.886599
1556.000000	527.569153	2.885147
1557.000000	527.894775	2.885147
1558.000000	528.228455	2.882283
1559.000000	528.560303	2.880596
1560.000000	528.891846	2.881106
1561.000000	529.229248	2.877772
1562.000000	529.560913	2.877066
1563.000000	529.907349	2.875026
1564.000000	530.234314	2.873613
1565.000000	530.579102	2.870749
1566.000000	530.912598	2.869376
1567.000000	531.251343	2.867768
1568.000000	531.593018	2.867101
1569.000000	531.923523	2.865885
1570.000000	532.265808	2.866434
1571.000000	532.601807	2.863413
1572.000000	532.914307	2.861256
1573.000000	533.254822	2.861844
1574.000000	533.596680	2.858353
1575.000000	533.926880	2.857411
1576.000000	534.268066	2.855528
1577.000000	534.606934	2.855410
1578.000000	534.933838	2.850860
1579.000000	535.268188	2.850624
1580.000000	535.603699	2.849369
1581.000000	535.938416	2.848231
1582.000000	536.276428	2.846701
1583.000000	536.595215	2.844387
1584.000000	536.941650	2.843328
1585.000000	537.268311	2.841719
1586.000000	537.589661	2.840738
1587.000000	537.925415	2.839404
1588.000000	538.250793	2.839404
1589.000000	538.588684	2.838973
1590.000000	538.906433	2.836815
1591.000000	539.250427	2.837246
1592.000000	539.578430	2.835049
1593.000000	539.927795	2.832146
1594.000000	540.253723	2.833441
1595.000000	540.594482	2.829126
1596.000000	540.930237	2.827243
1597.000000	541.267090	2.828067
1598.000000	541.595459	2.827870
1599.000000	541.931396	2.823594
1600.000000	542.270386	2.822731
1601.000000	542.599609	2.821672
1602.000000	542.937378	2.822496
1603.000000	543.280396	2.820064
1604.000000	543.594116	2.818533
1605.000000	543.930115	2.816572
1606.000000	544.267090	2.815395
1607.000000	544.598816	2.813787
1608.000000	544.931396	2.813982
1609.000000	545.247498	2.810452
1610.000000	545.586121	2.810609
1611.000000	545.916260	2.809236
1612.000000	546.231750	2.807431
1613.000000	546.573547	2.804096
1614.000000	546.900635	2.804410
1615.000000	547.222656	2.802331
1616.000000	547.554810	2.798330
1617.000000	547.902710	2.797741
1618.000000	548.216980	2.797937
1619.000000	548.554016	2.796917
1620.000000	548.894592	2.795152
1621.000000	549.230042	2.792563
1622.000000	549.575562	2.791347
1623.000000	549.899658	2.791739
1624.000000	550.243652	2.789463
1625.000000	550.578613	2.789660
1626.000000	550.914063	2.788169
1627.000000	551.237305	2.786011
1628.000000	551.580017	2.783736
1629.000000	551.923096	2.782049
1630.000000	552.261536	2.780872
1631.000000	552.596680	2.780166
1632.000000	552.927368	2.777694
1633.000000	553.255249	2.776910
1634.000000	553.589355	2.775419
1635.000000	553.891418	2.775183
1636.000000	554.245911	2.771260
1637.000000	554.588379	2.769809
1638.000000	554.922607	2.768161
1639.000000	555.249634	2.766946
1640.000000	555.584534	2.766200
1641.000000	555.924316	2.764473
1642.000000	556.259644	2.765454
1643.000000	556.602966	2.763532
1644.000000	556.938843	2.762002
1645.000000	557.255920	2.761610
1646.000000	557.596313	2.758628
1647.000000	557.944397	2.759374
1648.000000	558.268799	2.756942
1649.000000	558.588135	2.755961
1650.000000	558.918396	2.754234
1651.000000	559.257019	2.752783
1652.000000	559.590881	2.751331
1653.000000	559.930908	2.749919
1654.000000	560.248352	2.747840
1655.000000	560.591736	2.747095
1656.000000	560.920654	2.746192
1657.000000	561.260376	2.744427
1658.000000	561.606934	2.742779
1659.000000	561.922791	2.743328
1660.000000	562.243164	2.740661
1661.000000	562.580200	2.739602
1662.000000	562.915466	2.738699
1663.000000	563.247253	2.738817
1664.000000	563.575745	2.735914
1665.000000	563.901123	2.736698
1666.000000	564.245422	2.736110
1667.000000	564.573242	2.735051
1668.000000	564.887756	2.732971
1669.000000	565.222900	2.731951
1670.000000	565.565491	2.730735
1671.000000	565.896545	2.727715
1672.000000	566.240906	2.728028
1673.000000	566.569824	2.728028
1674.000000	566.894287	2.727401
1675.000000	567.234558	2.724811
1676.000000	567.547852	2.721751
1677.000000	567.888000	2.722615
1678.000000	568.209473	2.720339
1679.000000	568.552734	2.718966
1680.000000	568.867737	2.718024
1681.000000	569.198242	2.717044
1682.000000	569.529053	2.715279
1683.000000	569.854675	2.715082
1684.000000	570.190125	2.712179
1685.000000	570.505859	2.710689
1686.000000	570.826660	2.711905
1687.000000	571.179077	2.710414
1688.000000	571.505432	2.707001
1689.000000	571.850342	2.707393
1690.000000	572.181274	2.704804
1691.000000	572.495972	2.703470
1692.000000	572.835449	2.702881
1693.000000	573.168701	2.699743
1694.000000	573.488037	2.699311
1695.000000	573.820862	2.697154
1696.000000	574.156555	2.696958
1697.000000	574.487793	2.697507
1698.000000	574.826477	2.696448
1699.000000	575.152405	2.693937
1700.000000	575.473022	2.690524
1701.000000	575.806396	2.691897
1702.000000	576.133423	2.690131
1703.000000	576.458191	2.690249
1704.000000	576.801819	2.688719
1705.000000	577.132996	2.685738
1706.000000	577.471924	2.685738
1707.000000	577.810059	2.685385
1708.000000	578.145325	2.683148
1709.000000	578.487793	2.684365
1710.000000	578.827942	2.680834
1711.000000	579.146729	2.679226
1712.000000	579.486206	2.677735
1713.000000	579.825134	2.674675
1714.000000	580.144409	2.675734
1715.000000	580.467529	2.675577
1716.000000	580.785156	2.673341
1717.000000	581.118408	2.670712
1718.000000	581.461731	2.669261
1719.000000	581.800049	2.669771
1720.000000	582.121460	2.666829
1721.000000	582.462402	2.666750
1722.000000	582.802063	2.664514
1723.000000	583.143982	2.664083
1724.000000	583.467590	2.663063
1725.000000	583.790161	2.660984
1726.000000	584.109680	2.659924
1727.000000	584.440796	2.660826
1728.000000	584.780273	2.657766
1729.000000	585.114075	2.656589
1730.000000	585.454102	2.653215
1731.000000	585.776367	2.655609
1732.000000	586.116699	2.653451
1733.000000	586.447693	2.649018
1734.000000	586.776733	2.648783
1735.000000	587.125122	2.647959
1736.000000	587.445251	2.645880
1737.000000	587.784180	2.646743
1738.000000	588.125916	2.644075
1739.000000	588.464355	2.643722
1740.000000	588.785339	2.642113
1741.000000	589.134094	2.642427
1742.000000	589.470215	2.640191
1743.000000	589.801758	2.639210
1744.000000	590.138428	2.638269
1745.000000	590.487183	2.636621
1746.000000	590.814636	2.636347
1747.000000	591.154602	2.636347
1748.000000	591.492432	2.635601
1749.000000	591.825562	2.633208
1750.000000	592.175781	2.633051
1751.000000	592.514343	2.631560
1752.000000	592.847717	2.630854
1753.000000	593.184326	2.628697
1754.000000	593.510193	2.627716
1755.000000	593.851746	2.627206
1756.000000	594.173950	2.623008
1757.000000	594.513184	2.624420
1758.000000	594.863281	2.621831
1759.000000	595.207825	2.619321
1760.000000	595.536011	2.619713
1761.000000	595.865723	2.618183
1762.000000	596.194336	2.618614
1763.000000	596.532715	2.616692
1764.000000	596.862854	2.615358
1765.000000	597.194641	2.612730
1766.000000	597.517578	2.613357
1767.000000	597.852234	2.612024
1768.000000	598.177246	2.611435
1769.000000	598.513916	2.609042
1770.000000	598.815369	2.608022
1771.000000	599.151306	2.607552
1772.000000	599.499695	2.604099
1773.000000	599.831360	2.604177
1774.000000	600.165527	2.601863
1775.000000	600.484131	2.600960
1776.000000	600.823242	2.601000
1777.000000	601.172302	2.598057
1778.000000	601.499023	2.595311
1779.000000	601.829895	2.595233
1780.000000	602.165710	2.595782
1781.000000	602.495117	2.593899
1782.000000	602.834229	2.592094
1783.000000	603.184509	2.591310
1784.000000	603.506348	2.590055
1785.000000	603.852112	2.588407
1786.000000	604.192261	2.588681
1787.000000	604.527466	2.586916
1788.000000	604.872131	2.585818
1789.000000	605.209961	2.584601
1790.000000	605.527832	2.584091
1791.000000	605.873901	2.583307
1792.000000	606.220703	2.581894
1793.000000	606.572449	2.581228
1794.000000	606.900879	2.577814
1795.000000	607.217590	2.575814
1796.000000	607.539551	2.576167
1797.000000	607.889648	2.573578
1798.000000	608.238342	2.572087
1799.000000	608.575134	2.570243
1800.000000	608.879639	2.570008
1801.000000	609.203857	2.567497
1802.000000	609.537964	2.566948
1803.000000	609.863525	2.566045
1804.000000	610.200623	2.566477
1805.000000	610.535889	2.562907
1806.000000	610.860596	2.564672
1807.000000	611.193420	2.561377
1808.000000	611.527466	2.561338
1809.000000	611.849243	2.562672
1810.000000	612.188965	2.561102
1811.000000	612.509888	2.559572
1812.000000	612.846252	2.558670
1813.000000	613.177307	2.556983
1814.000000	613.509888	2.554708
1815.000000	613.843140	2.553216
1816.000000	614.182861	2.552314
1817.000000	614.523193	2.552157
1818.000000	614.861206	2.549529
1819.000000	615.179382	2.549059
1820.000000	615.517090	2.544822
1821.000000	615.856079	2.545292
1822.000000	616.188538	2.543448
1823.000000	616.511780	2.543998
1824.000000	616.836853	2.542782
1825.000000	617.163513	2.540820
1826.000000	617.506836	2.540977
1827.000000	617.838135	2.538976
1828.000000	618.160828	2.540231
1829.000000	618.492188	2.538701
1830.000000	618.816589	2.536701
1831.000000	619.155518	2.536269
1832.000000	619.474365	2.535367
1833.000000	619.817871	2.535092
1834.000000	620.157776	2.534896
1835.000000	620.487305	2.532895
1836.000000	620.805176	2.531561
1837.000000	621.159912	2.533444
1838.000000	621.484924	2.531130
1839.000000	621.824463	2.530071
1840.000000	622.153137	2.527207
1841.000000	622.499695	2.527246
1842.000000	622.834961	2.526775
1843.000000	623.162231	2.524029
1844.000000	623.492065	2.524343
1845.000000	623.825256	2.519792
1846.000000	624.154785	2.520341
1847.000000	624.490845	2.519949
1848.000000	624.824829	2.517556
1849.000000	625.175049	2.518145
1850.000000	625.510193	2.516497
1851.000000	625.835693	2.513555
1852.000000	626.141846	2.512613
1853.000000	626.499146	2.513986
1854.000000	626.822571	2.513202
1855.000000	627.157959	2.511201
1856.000000	627.479614	2.510534
1857.000000	627.819214	2.509357
1858.000000	628.138428	2.508141
1859.000000	628.472290	2.507121
1860.000000	628.792969	2.505159
1861.000000	629.129761	2.503551
1862.000000	629.442932	2.503080
1863.000000	629.758545	2.499981
1864.000000	630.104187	2.498608
1865.000000	630.446411	2.497902
1866.000000	630.791748	2.497863
1867.000000	631.114136	2.494881
1868.000000	631.433105	2.494881
1869.000000	631.778748	2.494135
1870.000000	632.129395	2.493272
1871.000000	632.448120	2.492252
1872.000000	632.777588	2.491978
1873.000000	633.108887	2.491193
1874.000000	633.440979	2.488565
1875.000000	633.766296	2.488094
1876.000000	634.097900	2.486799
1877.000000	634.438965	2.486838
1878.000000	634.779297	2.486681
1879.000000	635.118164	2.486603
1880.000000	635.455383	2.484759
1881.000000	635.781494	2.482994
1882.000000	636.099182	2.483582
1883.000000	636.432617	2.481032
1884.000000	636.750916	2.480366
1885.000000	637.079224	2.478521
1886.000000	637.413574	2.477855
1887.000000	637.747559	2.475305
1888.000000	638.075562	2.473500
1889.000000	638.416199	2.475854
1890.000000	638.740906	2.472441
1891.000000	639.083801	2.470950
1892.000000	639.402344	2.471029
1893.000000	639.737854	2.467145
1894.000000	640.069824	2.468557
1895.000000	640.409546	2.465772
1896.000000	640.737244	2.465222
1897.000000	641.079956	2.463692
1898.000000	641.407715	2.463457
1899.000000	641.725830	2.465065
1900.000000	642.065979	2.460711
1901.000000	642.403198	2.462280
1902.000000	642.737366	2.459573
1903.000000	643.059753	2.460907
1904.000000	643.372070	2.457612
1905.000000	643.708191	2.455376
1906.000000	644.031250	2.455689
1907.000000	644.372559	2.453532
1908.000000	644.697632	2.452629
1909.000000	645.026855	2.452551
1910.000000	645.371704	2.448942
1911.000000	645.714905	2.450982
1912.000000	646.037720	2.449020
1913.000000	646.384888	2.447529
1914.000000	646.720032	2.445215
1915.000000	647.062317	2.445999
1916.000000	647.380066	2.444744
1917.000000	647.699341	2.445411
1918.000000	648.026672	2.442704
1919.000000	648.359863	2.440390
1920.000000	648.689209	2.439448
1921.000000	649.014404	2.440939
1922.000000	649.369873	2.438271
1923.000000	649.711914	2.437957
1924.000000	650.030273	2.437408
1925.000000	650.376709	2.438036
1926.000000	650.705078	2.435917
1927.000000	651.032837	2.435368
1928.000000	651.363159	2.434309
1929.000000	651.697388	2.433132
1930.000000	652.043457	2.434387
1931.000000	652.379028	2.433171
1932.000000	652.699097	2.432034
1933.000000	653.041199	2.431092
1934.000000	653.385254	2.431170
1935.000000	653.716553	2.429170
1936.000000	654.049133	2.427090
1937.000000	654.361938	2.426855
1938.000000	654.682800	2.426541
1939.000000	655.023987	2.424266
1940.000000	655.328918	2.422697
1941.000000	655.688110	2.424187
1942.000000	656.023376	2.418891
1943.000000	656.345886	2.417165
1944.000000	656.686951	2.416537
1945.000000	657.025146	2.417479
1946.000000	657.364136	2.417832
1947.000000	657.705994	2.415007
1948.000000	658.033630	2.414615
1949.000000	658.354065	2.413634
1950.000000	658.656128	2.414222
1951.000000	659.007141	2.411477
1952.000000	659.355286	2.411084
1953.000000	659.687988	2.411477
1954.000000	660.039795	2.408926
1955.000000	660.367004	2.407867
1956.000000	660.702881	2.407867
1957.000000	661.031738	2.407475
1958.000000	661.368896	2.407043
1959.000000	661.701355	2.406926
1960.000000	662.039795	2.404847
1961.000000	662.354065	2.401708
1962.000000	662.687744	2.401002
1963.000000	663.038391	2.400256
1964.000000	663.358398	2.399511
1965.000000	663.687134	2.397511
1966.000000	664.017578	2.398099
1967.000000	664.344177	2.395000
1968.000000	664.664978	2.396569
1969.000000	664.997986	2.394333
1970.000000	665.327820	2.392920
1971.000000	665.665222	2.394215
1972.000000	665.985901	2.392057
1973.000000	666.310059	2.389704
1974.000000	666.666077	2.390135
1975.000000	666.990967	2.389350
1976.000000	667.332275	2.388448
1977.000000	667.658447	2.388173
1978.000000	667.990479	2.386761
1979.000000	668.330688	2.384917
1980.000000	668.667480	2.384721
1981.000000	668.985840	2.382564
1982.000000	669.308350	2.381229
1983.000000	669.653442	2.381936
1984.000000	669.989319	2.380837
1985.000000	670.330688	2.379308
1986.000000	670.658875	2.377385
1987.000000	670.995056	2.377856
1988.000000	671.334595	2.374364
1989.000000	671.658447	2.374168
1990.000000	671.987732	2.372952
1991.000000	672.317566	2.374443
1992.000000	672.653320	2.371932
1993.000000	672.989929	2.369971
1994.000000	673.327209	2.369774
1995.000000	673.664063	2.366950
1996.000000	673.983704	2.366047
1997.000000	674.326599	2.364125
1998.000000	674.661865	2.365851
1999.000000	674.989685	2.365891
2000.000000	675.309570	2.363654
2001.000000	675.639038	2.364439
2002.000000	675.959167	2.362752
2003.000000	676.298889	2.361771
2004.000000	676.645447	2.362713
2005.000000	676.973633	2.361497
2006.000000	677.297607	2.360986
2007.000000	677.623779	2.359967
2008.000000	677.944702	2.360045
2009.000000	678.292542	2.359967
2010.000000	678.625122	2.358476
2011.000000	678.961182	2.356122
2012.000000	679.292969	2.354671
2013.000000	679.625549	2.354239
2014.000000	679.947388	2.351493
2015.000000	680.267639	2.352121
2016.000000	680.600952	2.350277
2017.000000	680.942627	2.349845
2018.000000	681.278076	2.348237
2019.000000	681.617920	2.348276
2020.000000	681.954590	2.347138
2021.000000	682.289001	2.347178
2022.000000	682.628235	2.344039
2023.000000	682.972168	2.345059
2024.000000	683.309509	2.342431
2025.000000	683.638489	2.341372
2026.000000	683.958801	2.340940
2027.000000	684.286682	2.340822
2028.000000	684.641113	2.341450
2029.000000	684.989807	2.339253
2030.000000	685.337891	2.339410
2031.000000	685.673584	2.337841
2032.000000	685.999207	2.339096
2033.000000	686.334900	2.336781
2034.000000	686.664673	2.336585
2035.000000	687.009583	2.336154
2036.000000	687.336182	2.335016
2037.000000	687.670715	2.335134
2038.000000	688.015442	2.334820
2039.000000	688.347961	2.333957
2040.000000	688.705811	2.332074
2041.000000	689.031006	2.333565
2042.000000	689.362305	2.330151
2043.000000	689.684753	2.330858
2044.000000	690.011780	2.331642
2045.000000	690.326355	2.329955
2046.000000	690.654785	2.330112
2047.000000	691.004517	2.328660
2048.000000	691.330994	2.326738
2049.000000	691.659729	2.325601
2050.000000	691.986084	2.325875
2051.000000	692.307129	2.325993
2052.000000	692.648865	2.327288
2053.000000	692.969177	2.322266
2054.000000	693.289246	2.321913
2055.000000	693.624512	2.318853
2056.000000	693.956543	2.321599
2057.000000	694.297668	2.319559
2058.000000	694.624023	2.318225
2059.000000	694.953552	2.318421
2060.000000	695.297302	2.316892
2061.000000	695.627319	2.315871
2062.000000	695.957825	2.314302
2063.000000	696.293335	2.314538
2064.000000	696.619446	2.314498
2065.000000	696.954346	2.312419
2066.000000	697.281616	2.314577
2067.000000	697.622864	2.313204
2068.000000	697.955078	2.312262
2069.000000	698.292419	2.308614
2070.000000	698.623291	2.309987
2071.000000	698.944824	2.309594
2072.000000	699.286377	2.307673
2073.000000	699.618835	2.308496
2074.000000	699.949097	2.308300
2075.000000	700.272156	2.307241
2076.000000	700.618042	2.305436
2077.000000	700.960144	2.306181
2078.000000	701.296509	2.305436
2079.000000	701.625183	2.304848
2080.000000	701.946899	2.304102
2081.000000	702.276062	2.303435
2082.000000	702.608459	2.301513
2083.000000	702.997253	2.300297
2084.000000	703.394104	2.299356
2085.000000	703.798584	2.298100
2086.000000	704.188721	2.297982
2087.000000	704.542236	2.297629
2088.000000	704.889465	2.298689
2089.000000	705.198608	2.296178
2090.000000	705.530212	2.294608
2091.000000	705.859863	2.295158
2092.000000	706.165283	2.292451
2093.000000	706.531738	2.293078
2094.000000	706.894531	2.292686
2095.000000	707.263916	2.293118
2096.000000	707.624512	2.291470
2097.000000	707.956970	2.289705
2098.000000	708.313232	2.289469
2099.000000	708.646667	2.289352
2100.000000	708.984436	2.289077
2101.000000	709.319336	2.289155
2102.000000	709.686523	2.288724
2103.000000	710.033386	2.287037
2104.000000	710.378906	2.286252
2105.000000	710.721008	2.287312
2106.000000	711.051575	2.287037
2107.000000	711.377869	2.284565
2108.000000	711.716064	2.284173
2109.000000	712.035339	2.282251
2110.000000	712.373962	2.283310
2111.000000	712.693665	2.282800
2112.000000	713.018494	2.282251
2113.000000	713.355286	2.279936
2114.000000	713.688477	2.281192
2115.000000	714.024353	2.281348
2116.000000	714.353760	2.280250
2117.000000	714.691650	2.277661
2118.000000	715.043274	2.278485
2119.000000	715.380371	2.276798
2120.000000	715.702637	2.276641
2121.000000	716.033081	2.276759
2122.000000	716.368835	2.276131
2123.000000	716.702881	2.275660
2124.000000	717.037781	2.272639
2125.000000	717.377502	2.273032
2126.000000	717.714844	2.271109
2127.000000	718.056641	2.269893
2128.000000	718.378540	2.268520
2129.000000	718.711426	2.269579
2130.000000	719.058838	2.266127
2131.000000	719.389954	2.266716
2132.000000	719.711792	2.267422
2133.000000	720.027100	2.268599
2134.000000	720.356689	2.265225
2135.000000	720.683472	2.264479
2136.000000	720.997620	2.263263
2137.000000	721.350708	2.264244
2138.000000	721.668030	2.262165
2139.000000	721.992920	2.261145
2140.000000	722.321045	2.262204
2141.000000	722.661194	2.262282
2142.000000	723.004395	2.261459
2143.000000	723.312500	2.261655
2144.000000	723.647644	2.260910
2145.000000	723.982178	2.259654
2146.000000	724.303711	2.259497
2147.000000	724.621765	2.257182
2148.000000	724.968567	2.256398
2149.000000	725.292419	2.256280
2150.000000	725.624451	2.257065
2151.000000	725.957275	2.257810
2152.000000	726.284912	2.256829
2153.000000	726.619751	2.254868
2154.000000	726.951050	2.253848
2155.000000	727.287354	2.253534
2156.000000	727.619873	2.254986
2157.000000	727.947693	2.251769
2158.000000	728.282593	2.249297
2159.000000	728.610901	2.250552
2160.000000	728.953003	2.249140
2161.000000	729.318359	2.248238
2162.000000	729.640137	2.249062
2163.000000	729.970703	2.248395
2164.000000	730.293213	2.245217
2165.000000	730.621826	2.246747
2166.000000	730.956604	2.246119
2167.000000	731.303040	2.243962
2168.000000	731.627991	2.243491
2169.000000	731.972290	2.243844
2170.000000	732.298828	2.242275
2171.000000	732.631165	2.242353
2172.000000	732.959839	2.243922
2173.000000	733.276367	2.241647
2174.000000	733.584229	2.242000
2175.000000	733.924500	2.243374
2176.000000	734.258545	2.242196
2177.000000	734.581909	2.241333
2178.000000	734.900208	2.241333
2179.000000	735.234680	2.239646
2180.000000	735.565002	2.240000
2181.000000	735.907349	2.238234
2182.000000	736.236389	2.238626
2183.000000	736.570007	2.235959
2184.000000	736.911682	2.236743
2185.000000	737.246521	2.236233
2186.000000	737.596375	2.236390
2187.000000	737.925964	2.235135
2188.000000	738.267212	2.236547
2189.000000	738.595825	2.234076
2190.000000	738.922302	2.235645
2191.000000	739.259705	2.233095
2192.000000	739.596436	2.232585
2193.000000	739.925476	2.233958
2194.000000	740.273376	2.232624
2195.000000	740.602966	2.232349
2196.000000	740.938171	2.232428
2197.000000	741.259766	2.232271
2198.000000	741.583740	2.231290
2199.000000	741.910278	2.230192
2200.000000	742.249756	2.230859
2201.000000	742.582825	2.228505
2202.000000	742.932983	2.229996
2203.000000	743.264038	2.226072
2204.000000	743.588379	2.228544
2205.000000	743.916504	2.227093
2206.000000	744.247803	2.226112
2207.000000	744.582886	2.224464
2208.000000	744.921509	2.226387
2209.000000	745.258118	2.225484
2210.000000	745.591797	2.225092
2211.000000	745.931519	2.224268
2212.000000	746.248169	2.223601
2213.000000	746.583191	2.222660
2214.000000	746.918457	2.221129
2215.000000	747.237000	2.221601
2216.000000	747.569031	2.220777
2217.000000	747.899414	2.220894
2218.000000	748.215820	2.219874
2219.000000	748.551025	2.220463
2220.000000	748.882813	2.219757
2221.000000	749.216064	2.218109
2222.000000	749.559509	2.217756
2223.000000	749.896545	2.217089
2224.000000	750.202393	2.215676
2225.000000	750.509583	2.219325
2226.000000	750.838379	2.216579
2227.000000	751.174805	2.214499
2228.000000	751.496582	2.216618
2229.000000	751.851624	2.215323
2230.000000	752.178223	2.213401
2231.000000	752.510193	2.213636
2232.000000	752.846375	2.213440
2233.000000	753.166504	2.212460
2234.000000	753.495972	2.211832
2235.000000	753.808105	2.211243
2236.000000	754.146729	2.210851
2237.000000	754.480835	2.209635
2238.000000	754.820374	2.208340
2239.000000	755.138428	2.209046
2240.000000	755.473877	2.207987
2241.000000	755.810974	2.207830
2242.000000	756.137329	2.206614
2243.000000	756.453430	2.206928
2244.000000	756.789429	2.206732
2245.000000	757.132813	2.205045
2246.000000	757.465881	2.205006
2247.000000	757.791992	2.206457
2248.000000	758.122742	2.204653
2249.000000	758.467346	2.202574
2250.000000	758.801453	2.202848
2251.000000	759.139465	2.202338
2252.000000	759.465515	2.199906
2253.000000	759.792847	2.202299
2254.000000	760.113281	2.200965
2255.000000	760.452881	2.200495
2256.000000	760.778503	2.197395
2257.000000	761.115906	2.199043
2258.000000	761.449463	2.199278
2259.000000	761.768494	2.198729
2260.000000	762.108704	2.196140
2261.000000	762.451843	2.196924
2262.000000	762.791748	2.198376
2263.000000	763.122437	2.197003
2264.000000	763.427979	2.196807
2265.000000	763.739868	2.196375
2266.000000	764.096985	2.195590
2267.000000	764.429626	2.195041
2268.000000	764.770508	2.196218
2269.000000	765.096802	2.195433
2270.000000	765.412476	2.194217
2271.000000	765.745056	2.193354
2272.000000	766.083984	2.191707
2273.000000	766.418945	2.193786
2274.000000	766.758545	2.192530
2275.000000	767.085999	2.190804
2276.000000	767.411743	2.190255
2277.000000	767.734741	2.189196
2278.000000	768.075439	2.189667
2279.000000	768.404053	2.190098
2280.000000	768.743896	2.189117
2281.000000	769.093750	2.188960
2282.000000	769.416138	2.188176
2283.000000	769.755615	2.187274
2284.000000	770.085876	2.187666
2285.000000	770.424011	2.186136
2286.000000	770.752747	2.187117
2287.000000	771.101013	2.184959
2288.000000	771.437683	2.185351
2289.000000	771.772766	2.184527
2290.000000	772.117554	2.185548
2291.000000	772.466064	2.185155
2292.000000	772.803467	2.183037
2293.000000	773.137024	2.184527
2294.000000	773.480164	2.182448
2295.000000	773.806580	2.183468
2296.000000	774.131226	2.181624
2297.000000	774.449646	2.178682
2298.000000	774.812500	2.181507
2299.000000	775.145508	2.179427
2300.000000	775.490906	2.180800
2301.000000	775.810730	2.179545
2302.000000	776.138550	2.177623
2303.000000	776.447510	2.178643
2304.000000	776.778809	2.176681
2305.000000	777.115295	2.176485
2306.000000	777.460693	2.176917
2307.000000	777.788879	2.175544
2308.000000	778.109253	2.176877
2309.000000	778.433594	2.175387
2310.000000	778.761597	2.175073
2311.000000	779.108948	2.173857
2312.000000	779.443542	2.171817
2313.000000	779.775879	2.173072
2314.000000	780.103394	2.169777
2315.000000	780.439758	2.171228
2316.000000	780.788391	2.171699
2317.000000	781.114502	2.171620
2318.000000	781.448486	2.168325
2319.000000	781.776306	2.171895
2320.000000	782.091064	2.171581
2321.000000	782.426819	2.171071
2322.000000	782.764709	2.169306
2323.000000	783.098083	2.169777
2324.000000	783.437744	2.167815
2325.000000	783.778564	2.166834
2326.000000	784.122559	2.167933
2327.000000	784.436340	2.165932
2328.000000	784.772217	2.166834
2329.000000	785.102661	2.167776
2330.000000	785.386475	2.165814
2331.000000	785.721191	2.165265
2332.000000	786.053711	2.162794
2333.000000	786.398193	2.164441
2334.000000	786.750000	2.164127
2335.000000	787.083923	2.163853
2336.000000	787.410950	2.162048
2337.000000	787.736633	2.162951
2338.000000	788.081665	2.163186
2339.000000	788.391296	2.162637
2340.000000	788.736084	2.162127
2341.000000	789.073486	2.161852
2342.000000	789.392029	2.161656
2343.000000	789.718201	2.159655
2344.000000	790.023499	2.160911
2345.000000	790.367981	2.160204
2346.000000	790.674561	2.160008
2347.000000	791.012695	2.160400
2348.000000	791.341064	2.160597
2349.000000	791.673279	2.159028
2350.000000	791.990967	2.158949
2351.000000	792.309326	2.158086
2352.000000	792.631165	2.157654
2353.000000	792.974915	2.158008
2354.000000	793.307861	2.156556
2355.000000	793.620239	2.156988
2356.000000	793.970459	2.156595
2357.000000	794.306580	2.156517
2358.000000	794.668701	2.154869
2359.000000	794.999695	2.156635
2360.000000	795.338440	2.152005
2361.000000	795.665955	2.152908
2362.000000	796.019592	2.152319
2363.000000	796.337830	2.153457
2364.000000	796.661133	2.151299
2365.000000	796.997498	2.151495
2366.000000	797.339417	2.150593
2367.000000	797.658752	2.149965
2368.000000	797.987000	2.150828
2369.000000	798.325012	2.149259
2370.000000	798.659424	2.148592
2371.000000	798.979431	2.148631
2372.000000	799.327454	2.148671
2373.000000	799.657959	2.147690
2374.000000	799.997009	2.147768
2375.000000	800.317200	2.149377
2376.000000	800.637634	2.148043
2377.000000	800.978271	2.147533
2378.000000	801.318359	2.147415
2379.000000	801.650757	2.145728
2380.000000	801.976013	2.144787
2381.000000	802.287720	2.145453
2382.000000	802.618347	2.146356
2383.000000	802.957397	2.145022
2384.000000	803.280151	2.147219
2385.000000	803.614868	2.145925
2386.000000	803.953308	2.144512
2387.000000	804.289917	2.142904
2388.000000	804.598389	2.142433
2389.000000	804.946655	2.142237
2390.000000	805.273682	2.142590
2391.000000	805.617126	2.141884
2392.000000	805.941467	2.142550
2393.000000	806.270020	2.141453
2394.000000	806.596802	2.140668
2395.000000	806.915894	2.138824
2396.000000	807.278259	2.139687
2397.000000	807.595947	2.139766
2398.000000	807.923340	2.141217
2399.000000	808.252502	2.138628
2400.000000	808.588562	2.138549
2401.000000	808.941040	2.138981
2402.000000	809.293335	2.137686
2403.000000	809.594666	2.138902
2404.000000	809.927979	2.136901
